SampleName,Score,FindResourceExW,LdrLoadDll,LdrGetProcedureAddress,NtAllocateVirtualMemory,RegOpenKeyExA,LdrGetDllHandle,GetSystemTimeAsFileTime,RegOpenKeyExW,RegQueryValueExW,RegCloseKey,GetSystemInfo,NtOpenDirectoryObject,RegQueryValueExA,GetSystemDirectoryW,NtClose,NtUnmapViewOfSection,NtFreeVirtualMemory,WSAStartup,NtQuerySystemInformation,NtOpenKey,NtQueryValueKey,GlobalMemoryStatusEx,NtDuplicateObject,NtCreateThreadEx,NtResumeThread,SHGetFolderPathW,GetVolumeNameForVolumeMountPointW,GetNativeSystemInfo,NtOpenProcess,GetFileAttributesW,SetErrorMode,NtCreateFile,GetFileSizeEx,NtReadFile,NtCreateMutant,NtOpenMutant,NtProtectVirtualMemory,CreateDirectoryW,RegCreateKeyExW,GetComputerNameW,NtQueryInformationFile,SetFileAttributesW,DeleteFileW,NtWriteFile,GetFileInformationByHandleEx,SetFileInformationByHandle,CreateProcessInternalW,GetFileVersionInfoSizeW,CreateThread,RegSetValueExW,GetTempPathW,WriteProcessMemory,NtGetContextThread,NtSetContextThread,NtTerminateProcess,LdrUnloadDll,CreateToolhelp32Snapshot,Process32FirstW,Process32NextW,CreateRemoteThread,CryptAcquireContextW,CryptCreateHash,CryptHashData,NtDelayExecution,CoInitializeEx,FindFirstFileExW,CoCreateInstance,LookupAccountSidW,socket,closesocket,NtDeviceIoControlFile,bind,getsockname,UuidCreate,listen,NtQueryKey,NtOpenKeyEx,RegDeleteValueW,FindWindowW,GetForegroundWindow,GetSystemMetrics,GetKeyState,GetCursorPos,EnumWindows,LoadStringW,RegDeleteKeyW,OpenSCManagerW,OpenServiceW,SendNotifyMessageW,CoUninitialize,NtSetValueKey,FindResourceW,LoadResource,SizeofResource,CreateActCtxW,DrawTextExW,RegEnumKeyW,NtDeleteKey,GetUserNameW,NtOpenFile,NtQueryDirectoryFile,NtOpenThread,NtQueryAttributesFile,NtCreateSection,NtMapViewOfSection,IsDebuggerPresent,DeviceIoControl,SetUnhandledExceptionFilter,NtEnumerateValueKey,NtCreateKey,NtEnumerateKey,GetSystemWindowsDirectoryW,GetVolumePathNamesForVolumeNameW,SHGetSpecialFolderLocation,GetFileType,GetFileSize,SetFilePointer,NtSetInformationFile,timeGetTime,RegEnumKeyExW,__exception__,ReadProcessMemory,NtTerminateThread,sendto,SetWindowsHookExW,UnhookWindowsHookEx,GetSystemWindowsDirectoryA,FindResourceA,OleInitialize,NtOpenSection,GetFileAttributesExW,SetFilePointerEx,StartServiceW,ShellExecuteExW,SearchPathW,RegQueryInfoKeyW,RegEnumValueW,GetFileVersionInfoW,GetFileVersionInfoSizeExW,GetFileVersionInfoExW,CoInitializeSecurity,RtlAddVectoredExceptionHandler,RtlAddVectoredContinueHandler,LookupPrivilegeValueW,MessageBoxTimeoutW,CoCreateInstanceEx,CoGetClassObject,IWbemServices_ExecQuery,RemoveDirectoryA,FindWindowA,RtlDecompressBuffer,LoadStringA,GetShortPathNameW,GetComputerNameA,NetShareEnum,GetFileInformationByHandle,GetKeyboardState,RegCreateKeyExA,RegSetValueExA,Module32FirstW,Module32NextW,RegisterHotKey,InternetOpenA,OpenSCManagerA,OpenServiceA,InternetQueryOptionA,CreateJobObjectW,SetInformationJobObject,GetVolumePathNameW,SetEndOfFile,InternetSetOptionA,AssignProcessToJobObject,SetFileTime,GlobalMemoryStatus,InternetCrackUrlA,FindWindowExW,getaddrinfo,connect,select,GetAdaptersAddresses,URLDownloadToFileW,InternetOpenUrlA,InternetReadFile,InternetCloseHandle,RegEnumKeyExA,GetSystemDirectoryA,RegEnumValueA,InternetGetConnectedState,InternetOpenW,InternetSetStatusCallback,InternetConnectW,HttpOpenRequestW,HttpSendRequestW,ioctlsocket,recv,send,HttpQueryInfoA,InternetCrackUrlW,ControlService,SetWindowsHookExA,CryptAcquireContextA,MoveFileWithProgressW,NtReadVirtualMemory,GetTimeZoneInformation,RegQueryInfoKeyA,GetUserNameA,RegDeleteValueA,WSASocketW,setsockopt,GetBestInterfaceEx,StartServiceA,CertOpenSystemStoreA,RegDeleteKeyA,OutputDebugStringA,CopyFileA,DrawTextExA,shutdown,WSARecv,NtWriteVirtualMemory,FindWindowExA,GetAsyncKeyState,InternetConnectA,gethostbyname,GetUserNameExW,CertOpenSystemStoreW,WriteConsoleW,CryptExportKey,CryptDecrypt,CryptEncrypt,FindResourceExA,HttpOpenRequestA,HttpSendRequestA,WriteConsoleA,GetAdaptersInfo,CopyFileW,Thread32First,Thread32Next,InternetOpenUrlW,SetStdHandle,WSASocketA,accept,WSASend,NtQueueApcThread,RtlCompressBuffer,ObtainUserAgentString,GetAddrInfoW,NtSuspendThread,NtQueryMultipleValueKey,GetDiskFreeSpaceExW,CryptGenKey,MessageBoxTimeoutA,RtlCreateUserThread,NtMakeTemporaryObject,RtlCreateUserProcess,GetDiskFreeSpaceW,NetUserGetInfo,CryptDecodeObjectEx,CertOpenStore,CertControlStore,ExitWindowsEx,RtlRemoveVectoredExceptionHandler,RemoveDirectoryW,WSARecvFrom,WSASendTo,NtDeleteValueKey,DeleteService,CreateServiceA,CryptUnprotectData,NtQueryFullAttributesFile,COleScript_Compile,CIFrameElement_CreateElement,CDocument_write,CopyFileExW,DeleteUrlCacheEntryA,DnsQuery_A,SendNotifyMessageA,IWbemServices_ExecMethod,ReadCabinetState,EnumServicesStatusA,CHyperlink_SetUrlComponent,WSAConnect,GetUserNameExA,NtCreateUserProcess,CryptProtectMemory,CryptUnprotectMemory,__anomaly__,InternetGetConnectedStateExA,CertCreateCertificateContext,CreateDirectoryExW
1fbad40d75a8b718b559ef97ae2c6184,12.4,21,217,6573,418,79,4715,225,220,265,567,29,3,69,23,3207,14,77,5,10,385,753,3,125,10,16,23,24,10,363,39,76,47,3,73,530,10,107,5,339,1,15,1,1,6737,2,1,9,2,48,333,1,85,1,1,8,39,11,11,477,15,1,1,2,706,64,9,136,112,12,8,20,4,4,25,2,1315,1049,1,55,1267,1634,471,81,9,70,7,18,18,8,46,75,143,153,105,8,191,1,16,2,52,11,1,10,29,29,29,211,7,7,42,35,36,48,8,6,4,8,4,2,1,6,6585,1,0,0,0,0,0,0,0,0,0,0,0,0,0,0,0,0,0,0,0,0,0,0,0,0,0,0,0,0,0,0,0,0,0,0,0,0,0,0,0,0,0,0,0,0,0,0,0,0,0,0,0,0,0,0,0,0,0,0,0,0,0,0,0,0,0,0,0,0,0,0,0,0,0,0,0,0,0,0,0,0,0,0,0,0,0,0,0,0,0,0,0,0,0,0,0,0,0,0,0,0,0,0,0,0,0,0,0,0,0,0,0,0,0,0,0,0,0,0,0,0,0,0,0,0,0,0,0,0,0,0,0,0,0,0,0,0,0,0,0,0,0,0,0,0,0,0,0,0,0,0,0,0,0,0,0,0,0,0,0,0,0,0,0,0,0,0
00c599951a5eb0a312739ef978546f39,13.0,69,140,6125,188,79,4621,66,164,186,598,16,3,68,9,1998,1,29,5,5,203,388,3,72,5,12,23,9,5,296,17,20,29,3,67,376,10,102,5,410,1,6,1,1,6560,2,1,4,2,40,388,1,65,1,1,2,15,9,9,378,11,4,4,11,623,31,8,44,116,12,8,11,4,4,9,2,603,496,1,5,1203,1619,598,124,4,52,2,5,5,3,27,14,116,116,105,7,88,0,2,0,11,9,0,2,8,8,29,219,2,2,6,5,7,8,2,3,1,2,1,0,0,2,6411,1,3,1,1,1,0,0,0,0,0,0,0,0,0,0,0,0,0,0,0,0,0,0,0,0,0,0,0,0,0,0,0,0,0,0,0,0,0,0,0,0,0,0,0,0,0,0,0,0,0,0,0,0,0,0,0,0,0,0,0,0,0,0,0,0,0,0,0,0,0,0,0,0,0,0,0,0,0,0,0,0,0,0,0,0,0,0,0,0,0,0,0,0,0,0,0,0,0,0,0,0,0,0,0,0,0,0,0,0,0,0,0,0,0,0,0,0,0,0,0,0,0,0,0,0,0,0,0,0,0,0,0,0,0,0,0,0,0,0,0,0,0,0,0,0,0,0,0,0,0,0,0,0,0,0,0,0,0,0,0,0,0,0,0,0,0,0
0b7861d85a863230d8ef2ea862283644,4.8,0,1,27,14,0,2,1,0,0,0,0,0,0,0,743,1,1,0,0,740,1185,0,0,0,1,0,0,0,0,0,0,0,0,0,0,0,0,0,0,0,0,0,0,0,0,0,1,0,0,0,0,6,1,1,6,1,0,0,0,0,0,0,0,0,0,0,0,0,0,0,0,0,0,0,0,0,0,0,0,0,0,0,0,0,0,0,0,0,0,0,0,0,20,20,0,0,0,0,0,0,0,0,0,0,0,0,0,1,0,0,0,0,0,0,0,0,0,0,0,0,0,0,0,0,0,0,0,20,0,0,0,0,0,0,0,0,0,0,0,0,0,0,0,0,0,0,0,0,0,0,0,0,0,0,0,0,0,0,0,0,0,0,0,0,0,0,0,0,0,0,0,0,0,0,0,0,0,0,0,0,0,0,0,0,0,0,0,0,0,0,0,0,0,0,0,0,0,0,0,0,0,0,0,0,0,0,0,0,0,0,0,0,0,0,0,0,0,0,0,0,0,0,0,0,0,0,0,0,0,0,0,0,0,0,0,0,0,0,0,0,0,0,0,0,0,0,0,0,0,0,0,0,0,0,0,0,0,0,0,0,0,0,0,0,0,0,0,0,0,0,0,0,0,0,0,0,0,0,0,0,0,0,0,0,0,0,0,0,0
0b9799d6c31974c9875d46e13d014cf0,2.6,14,84,437,314,30,109,332,1835,5506,1299,52,0,7,8,1155,83,118,0,2,267,174,2,16,1,5,11,15,1,43,65,146,269,25,105,12,3,61,2,3,0,74,0,0,0,21,0,2,5,5,15,0,0,0,0,6,32,0,0,0,0,0,0,0,1,114,26,18,6,0,0,0,0,0,1,0,18,15,16,0,3,1060,30,0,0,3,0,1,1,0,113,59,38,50,19,6,119,338,0,2,83,436,0,29,78,91,2,8,3,0,0,0,15,16,4,0,1,4,0,0,112,1,0,0,0,0,0,0,0,2,27,28,4,1,2,38,12,169,5,14,14,1,1,1,1,0,0,0,0,0,0,0,0,0,0,0,0,0,0,0,0,0,0,0,0,0,0,0,0,0,0,0,0,0,0,0,0,0,0,0,0,0,0,0,0,0,0,0,0,0,0,0,0,0,0,0,0,0,0,0,0,0,0,0,0,0,0,0,0,0,0,0,0,0,0,0,0,0,0,0,0,0,0,0,0,0,0,0,0,0,0,0,0,0,0,0,0,0,0,0,0,0,0,0,0,0,0,0,0,0,0,0,0,0,0,0,0,0,0,0,0,0,0,0,0,0,0,0,0,0,0,0,0,0,0,0,0,0,0,0,0,0,0,0,0,0,0,0,0,0
0b41924a04628c8655f389b8a2349f60,1.8,0,1,6,3,2,2,2,0,0,1,0,0,1,1,26,0,1,0,0,2,2,0,0,0,0,0,0,0,0,2,1,2,0,0,2,0,10,0,0,0,0,0,0,1,0,0,0,0,0,0,0,0,0,0,3,1,0,0,0,0,0,0,0,0,0,0,0,0,0,0,0,0,0,0,0,0,0,0,0,0,0,0,0,0,2,0,0,0,0,0,0,0,0,0,4,0,0,0,0,0,0,0,0,1,1,0,0,1,0,0,0,0,0,0,0,0,0,0,0,0,1,0,0,0,0,0,0,0,0,0,0,0,0,0,0,0,0,0,0,0,0,0,0,0,1,0,0,0,0,0,0,0,0,0,0,0,0,0,0,0,0,0,0,0,0,0,0,0,0,0,0,0,0,0,0,0,0,0,0,0,0,0,0,0,0,0,0,0,0,0,0,0,0,0,0,0,0,0,0,0,0,0,0,0,0,0,0,0,0,0,0,0,0,0,0,0,0,0,0,0,0,0,0,0,0,0,0,0,0,0,0,0,0,0,0,0,0,0,0,0,0,0,0,0,0,0,0,0,0,0,0,0,0,0,0,0,0,0,0,0,0,0,0,0,0,0,0,0,0,0,0,0,0,0,0,0,0,0,0,0,0,0,0,0,0,0,0,0,0
0b42063be590bedc7b78e615a5e9a34b,2.2,2,19,73,73,7,19,96,491,2239,366,0,0,2,2,256,13,70,0,1,38,14,1,4,0,0,0,4,1,14,15,9,67,9,134,2,0,0,8,0,1,20,2,3,25,9,0,0,0,0,0,1,0,0,0,3,4,0,0,0,0,0,0,0,0,16,17,4,0,0,0,0,0,0,2,0,0,0,0,0,0,0,0,0,0,1,0,0,0,0,17,0,0,2,0,2,0,111,0,0,21,112,0,2,9,11,0,0,0,0,4,0,7,8,0,1,1,5,0,0,0,0,0,0,0,0,0,0,0,1,5,3,1,0,0,0,0,0,0,0,0,0,0,0,0,0,1,1,2,1,0,0,0,0,0,0,0,0,0,0,0,0,0,0,0,0,0,0,0,0,0,0,0,0,0,0,0,0,0,0,0,0,0,0,0,0,0,0,0,0,0,0,0,0,0,0,0,0,0,0,0,0,0,0,0,0,0,0,0,0,0,0,0,0,0,0,0,0,0,0,0,0,0,0,0,0,0,0,0,0,0,0,0,0,0,0,0,0,0,0,0,0,0,0,0,0,0,0,0,0,0,0,0,0,0,0,0,0,0,0,0,0,0,0,0,0,0,0,0,0,0,0,0,0,0,0,0,0,0,0,0,0,0,0,0,0,0,0,0,0
0b042705d5032077eae0a43a1ff39052,4.6,6,167,751,288,12,83,189,424,894,362,20,0,12,19,1180,39,79,1,8,160,463,0,63,6,6,6,24,7,45,31,66,40,1,30,75,0,43,5,40,1,15,0,0,3,0,0,6,0,9,48,0,0,0,0,9,47,0,0,0,0,0,0,0,901,61,5,151,0,0,0,9,0,0,19,0,735,532,0,8,1453,729,652,118,16,68,6,16,16,8,54,72,144,144,107,13,30,9,18,7,46,7,0,10,30,40,0,7,7,6,40,30,44,56,8,3,4,31,3,4,2,2,0,0,0,0,0,0,0,0,5,1,0,0,0,0,0,0,0,0,0,0,0,0,0,1,0,1,0,0,1,1,31,7,1,1,1,0,0,0,0,0,0,0,0,0,0,0,0,0,0,0,0,0,0,0,0,0,0,0,0,0,0,0,0,0,0,0,0,0,0,0,0,0,0,0,0,0,0,0,0,0,0,0,0,0,0,0,0,0,0,0,0,0,0,0,0,0,0,0,0,0,0,0,0,0,0,0,0,0,0,0,0,0,0,0,0,0,0,0,0,0,0,0,0,0,0,0,0,0,0,0,0,0,0,0,0,0,0,0,0,0,0,0,0,0,0,0,0,0,0,0,0,0,0,0,0,0,0,0,0,0,0,0,0,0,0,0,0,0
0b73627a219ef6a8a09e2d19b2311970,1.8,0,23,204,6,3,4,1,0,0,0,0,0,0,0,26,0,3,1,2,3,3,0,0,0,0,0,0,0,0,2,1,0,0,0,0,0,7,0,0,0,0,0,0,0,0,0,0,0,0,0,0,0,0,0,3,2,0,0,0,0,0,0,0,0,0,0,0,0,0,0,0,0,0,0,0,0,0,0,0,0,0,0,0,0,2,0,0,0,0,0,0,0,0,0,4,0,0,0,0,0,0,0,4,0,0,0,0,1,0,0,0,0,0,0,0,0,0,0,0,0,0,0,0,0,0,0,0,0,0,0,0,0,0,0,0,0,0,0,0,0,0,0,0,0,1,0,0,0,0,0,1,31,0,0,0,0,0,0,0,0,0,0,0,0,0,0,0,0,0,0,0,0,0,0,0,0,0,0,0,0,0,0,0,0,0,0,0,0,0,0,0,0,0,0,0,0,0,0,0,0,0,0,0,0,0,0,0,0,0,0,0,0,0,0,0,0,0,0,0,0,0,0,0,0,0,0,0,0,0,0,0,0,0,0,0,0,0,0,0,0,0,0,0,0,0,0,0,0,0,0,0,0,0,0,0,0,0,0,0,0,0,0,0,0,0,0,0,0,0,0,0,0,0,0,0,0,0,0,0,0,0,0,0,0,0,0,0,0,0
0b707825ce500072702c0220fcd3bc7c,10.8,277,334,2365,533,355,118,274,4054,3150,4356,20,0,381,21,2893,261,292,0,7,1096,764,1,66,5,8,139,16,22,62,62,84,426,40,4394,52,15,149,13,153,1,59,15,0,72,32,18,6,2,25,55,9,3,0,0,7,61,31,28,1211,0,1,0,1,750,199,20,300,2,3,1,68,3,3,113,0,710,470,26,39,93,11263,962,41,11,491,1,6,6,7,172,22,138,410,127,19,1272,696,2,4,48,164,6,26,288,315,2,5,8,3,9,5,37,32,18,12,256,5549,1,0,167,27,15,0,0,4,0,12,0,5,36,24,2,0,1,5,26,46,2,0,0,1,0,0,0,1,0,238,0,0,1,0,124,31,0,1,1,4,59,69,3,50,6,1,4,4,15,1,1,9,38,18,1,4,6,6,1,13,3,31,4,1,1,1,4,19,12,55,1,1,1,1,1,1,1,1,1,2,9,0,0,0,0,0,0,0,0,0,0,0,0,0,0,0,0,0,0,0,0,0,0,0,0,0,0,0,0,0,0,0,0,0,0,0,0,0,0,0,0,0,0,0,0,0,0,0,0,0,0,0,0,0,0,0,0,0,0,0,0,0,0,0,0,0,0,0,0,0,0,0,0,0,0,0,0,0,0,0,0,0,0,0,0,0,0,0,0,0,0,0
0b800543cc26bff83a3715887365fb1e,8.0,0,30,288,38,8,62,31,150,229,134,3,0,9,2,1292,3,13,1,2,157,865,0,14,1,0,0,0,0,69,6,7,22,0,2,2,0,15,0,0,0,3,4,2,19,0,0,7,0,3,0,4,1,0,0,23,18,2,1,10,0,0,0,0,7,0,20,0,0,0,0,2,0,0,0,0,891,905,20,0,0,19,0,0,0,2,0,27,32,0,0,0,0,0,0,4,0,0,0,0,1,0,5,4,8,9,0,0,7,12,1,8,2,0,0,15,3,10,0,0,23,0,0,0,0,0,0,0,0,0,0,0,0,2,0,0,0,0,0,0,0,0,0,0,3,1,0,0,0,0,0,0,31,9,1,0,0,0,4,4,1,0,0,0,13,2,0,0,0,0,0,0,0,2,0,0,0,0,0,0,0,0,0,0,0,0,0,0,0,0,0,0,0,0,0,0,0,0,0,4,0,0,0,0,0,0,0,0,0,0,0,0,0,0,0,0,0,0,0,0,0,0,0,0,0,0,0,0,0,0,0,0,0,0,0,0,0,0,0,0,0,0,0,0,0,0,0,0,0,0,0,0,0,0,0,0,0,0,0,0,0,0,0,0,0,0,0,0,0,0,0,0,0,0,0,0,0,0,0,0,0,0,0,0,0,0,0,0,0,0
0b974197a3a6e05f2e1d8077713cc3ac,2.2,0,111,566,73,0,1,0,10,61,7,0,0,0,0,21,0,56,0,0,3,3,0,1,0,0,0,0,0,40,1,4,2,0,0,0,0,2,0,0,0,2,1,0,2,0,0,0,0,0,0,0,0,0,0,0,30,1,1,39,0,0,1,1,0,0,6,0,0,0,0,0,0,0,0,0,0,0,0,3,0,19,0,1,0,0,0,0,0,0,0,0,0,0,0,0,2,0,0,0,2,0,0,0,0,1,0,0,1,0,0,0,1,0,0,3,0,0,0,0,0,0,78,0,0,0,1,0,0,1,1,0,0,0,0,0,0,0,0,0,0,0,0,0,1,0,0,0,0,0,0,0,1,0,0,0,0,0,0,0,0,0,3,0,0,0,0,0,0,0,0,0,0,0,0,0,0,0,0,0,0,0,0,0,0,0,0,0,0,0,0,0,0,0,0,0,0,0,0,0,3,1,0,0,0,0,0,0,0,0,0,0,0,0,0,0,0,0,0,0,0,0,0,0,0,0,0,0,0,0,0,0,0,0,0,0,0,0,0,0,0,0,0,0,0,0,0,0,0,0,0,0,0,0,0,0,0,0,0,0,0,0,0,0,0,0,0,0,0,0,0,0,0,0,0,0,0,0,0,0,0,0,0,0,0,0,0,0,0,0
0b4717924a543515a44c15046edfd8d5,4.2,0,18,381,16,2,238,0,8,1,5,0,0,0,0,47,4,0,0,0,5,5,0,1,0,0,3,0,0,0,8,10,4,0,0,0,0,0,12,0,0,0,1,0,0,0,0,2,0,0,0,0,6,0,0,3,1,0,0,0,3,0,0,0,2,0,8,0,0,0,0,0,0,0,0,0,0,0,0,0,0,0,0,0,0,0,0,0,0,0,0,0,0,0,0,0,0,0,0,0,0,0,0,0,3,3,0,0,0,0,0,0,2,0,0,0,1,0,0,0,0,0,0,0,0,0,0,0,0,0,0,0,0,0,0,0,0,0,0,0,0,0,0,0,2,0,0,0,0,0,0,0,0,0,0,0,0,0,0,0,0,0,0,0,0,0,0,0,0,0,0,0,0,0,0,0,0,0,0,0,0,0,0,0,0,0,0,0,0,0,0,0,0,0,0,0,0,0,0,0,0,0,1,0,0,0,0,0,0,0,0,0,0,0,0,0,0,0,0,0,0,0,0,0,0,0,0,0,0,0,0,0,0,0,0,0,0,0,0,0,0,0,0,0,0,0,0,0,0,0,0,0,0,0,0,0,0,0,0,0,0,0,0,0,0,0,0,0,0,0,0,0,0,0,0,0,0,0,0,0,0,0,0,0,0,0,0,0,0,0
0b6326745e516532f8e59e730972ddf5,4.2,11,67,383,99,19,31,174,647,1088,589,5,0,27,4,734,20,10,1,3,76,700,0,21,1,1,15,9,2,48,24,37,93,18,23,22,0,26,5,33,1,12,0,3,6,21,0,1,0,2,12,0,0,0,0,4,17,0,0,0,0,0,0,1,559,122,8,30,0,0,0,3,0,0,3,0,555,388,0,11,1297,2095,676,135,18,60,1,4,4,17,120,22,116,126,106,7,95,10,2,0,30,66,1,11,16,26,0,2,2,3,7,5,13,16,2,4,1,3,1,0,0,2,0,0,0,0,0,0,0,0,6,7,0,0,0,1,0,0,0,0,0,0,0,0,0,1,0,0,0,0,0,0,31,16,1,1,1,0,0,0,0,0,0,0,0,0,0,0,0,0,0,0,0,0,0,0,0,0,0,0,0,0,0,0,0,0,0,0,0,0,0,0,0,0,0,0,0,0,0,0,0,0,0,3,0,0,0,0,0,0,0,0,0,0,0,0,0,0,0,0,0,0,0,0,0,0,0,0,0,0,0,0,0,0,0,0,0,0,0,0,0,0,0,0,0,0,0,0,0,0,0,0,0,0,0,0,0,0,0,0,0,0,0,0,0,0,0,0,0,0,0,0,0,0,0,0,0,0,0,0,0,0,0,0,0,0,0,0,0,0
0b7194365c61f6425a43c073daf6859d,6.4,50,149,1344,567,144,356,50,773,700,750,103,0,250,9,355,19,125,6,0,96,58,10,20,0,7,9,4,1,5,93,242,83,0,65,26,16,3393,4,12,20,18,3,0,10,0,14,0,2,23,6,2,0,0,0,1,23,0,0,0,0,2,4,2,3,18,27,37,0,1,16,41,1,1,25,0,2,0,8,2,0,8815,117,31,0,75,0,1,1,0,6,0,11,58,11,10,5,0,0,2,2,0,2,5,32,44,2,1,2,0,0,0,13,8,0,12,31,50,0,0,166,3,15,0,0,2,0,0,0,2,17,58,0,0,0,42,28,92,1,0,0,1,0,1,1,1,10,57,10,0,0,0,0,1,0,0,2,0,15,21,0,0,0,0,3,3,4,0,0,0,1,17,0,3,0,10,0,15,1,29,8,0,0,0,2,10,0,55,1,1,1,1,1,1,2,0,0,2,0,0,0,0,0,0,2,1,2,3,18,16,2,0,0,0,0,0,0,0,0,0,0,0,0,0,0,0,0,0,0,0,0,0,0,0,0,0,0,0,0,0,0,0,0,0,0,0,0,0,0,0,0,0,0,0,0,0,0,0,0,0,0,0,0,0,0,0,0,0,0,0,0,0,0,0,0,0,0,0,0,0,0,0,0,0,0,0,0,0,0,0
0b3d56ddef49426f55d409c0f0906cb5,4.2,0,33,854,34,525,778,3,45,24,87,2,1,81,0,58,1,52,1,0,2,2,0,9,0,0,188,0,3,0,23,0,1049,0,2,1,5,0,0,0,0,2,3,0,0,0,0,0,1,0,0,2,0,0,0,0,0,0,0,0,0,0,0,0,4,0,202,1,0,4,3,0,0,0,1,0,0,0,0,0,0,0,0,0,0,0,0,1,2,0,0,0,0,0,0,0,0,0,0,1,2,16,0,0,1,4,0,0,1,0,0,0,1,0,0,0,3,0,0,0,0,0,0,0,0,0,0,0,0,1,3,0,0,0,0,0,0,0,1,0,0,0,0,0,8,0,0,0,0,0,0,0,0,0,0,0,0,0,2,1,0,0,0,0,0,0,0,0,0,0,0,0,0,3,0,8,0,0,3,0,0,0,0,0,0,21,0,0,0,0,0,0,0,0,0,0,0,0,0,0,0,0,0,0,0,0,2,0,0,0,0,1,1,0,0,0,0,0,0,0,0,0,0,0,0,0,0,0,0,0,0,0,0,0,0,0,0,0,0,0,0,0,0,0,0,0,0,0,0,0,0,0,0,0,0,0,0,0,0,0,0,0,0,0,0,0,0,0,0,0,0,0,0,0,0,0,0,0,0,0,0,0,0,0,0,0,0,0,0,0
0b04e4d2bb577825f30636125a2c7b7e,5.0,196,353,3861,2107,297,209,7,440,182,519,49,0,51,8,1919,136,425,0,3,339,448,3,36,0,0,0,24,8,3932,391,168,85,0,186,16,0,245,0,14,0,49,9,53,378,0,0,50,0,0,14,49,0,0,0,146,161,84,84,3932,0,49,0,0,90,34,5,2,2,0,0,0,0,0,0,0,134,98,0,1,0,624,0,48,0,8,0,0,0,0,82,3,0,196,0,3,0,3,0,0,96,3,0,0,101,152,1,0,1,0,4,0,49,64,32,82,51,313,0,0,0,52,6032,0,0,0,96,0,0,50,50,0,0,0,1,49,0,0,0,0,0,0,0,0,0,0,2,50,0,0,0,0,49,0,8,0,0,0,14,14,0,0,0,0,0,0,0,0,0,0,97,0,0,48,49,0,0,0,0,0,0,0,0,0,0,0,0,0,0,0,0,0,0,0,0,0,0,0,0,0,100,0,0,0,2,0,8,1,0,0,0,0,0,6,0,0,0,0,0,0,0,0,0,0,0,0,0,0,0,0,0,0,0,0,0,0,0,0,0,0,0,0,0,0,0,0,0,0,0,0,0,0,0,0,0,0,0,0,0,0,0,0,0,0,0,0,0,0,0,0,0,0,0,0,0,0,0,0,0,0,0,0,0,0,0,0,0,0,0,0
0b4a0f6014170226c35b1947fcd67869,7.0,4,22,181,30,2,8,1,184,7,11,1,1,16,1,40,1,3,0,0,6,5,0,0,0,1,0,0,0,0,2,0,2,1,1,0,2,2,0,0,0,0,0,0,0,0,0,1,0,1,0,0,5,1,1,3,1,0,0,0,0,0,0,0,0,1,0,0,0,0,0,0,0,0,0,0,0,0,0,0,1,13,0,1000,0,0,0,0,0,0,0,0,0,77,77,2,23,0,0,0,0,0,0,0,2,4,1,0,1,0,0,0,2,0,0,0,0,0,0,0,4,0,0,0,0,0,0,0,77,0,1,0,0,0,0,0,1,0,0,0,0,0,0,0,0,0,0,0,0,0,58751,0,0,0,0,0,0,0,0,2,0,0,7343,0,0,0,0,0,0,0,0,0,0,0,0,0,0,0,0,0,0,0,0,0,0,0,0,0,0,0,0,0,0,0,0,0,0,0,0,0,1,0,0,0,0,0,0,0,0,0,0,0,0,0,0,0,0,0,0,0,0,0,0,0,0,0,0,0,0,0,0,0,0,0,0,0,0,0,0,0,0,0,0,0,0,0,0,0,0,0,0,0,0,0,0,0,0,0,0,0,0,0,0,0,0,0,0,0,0,0,0,0,0,0,0,0,0,0,0,0,0,0,0,0,0,0,0,0,0,0
0b05b40ca14e32b8e4944bdd193716d3,1.2,0,15,233,16,4,34,1,4,0,2,0,0,2,0,33,0,5,1,2,4,3,0,0,0,0,0,0,0,1,2,1,2,0,0,0,0,5,0,0,0,2,0,0,2,0,0,0,0,0,0,0,0,0,0,3,2,0,0,0,0,0,0,0,0,0,2,0,0,0,0,0,0,0,0,0,0,0,0,0,0,26,0,0,0,2,0,0,0,0,0,0,0,0,0,4,0,0,0,0,2,0,0,4,0,0,0,0,1,0,0,0,0,0,0,0,0,1,0,0,0,0,0,0,0,0,0,0,0,0,0,0,0,0,0,0,0,0,0,0,0,0,0,0,0,1,0,0,0,0,0,0,31,3,1,0,0,0,0,0,0,0,0,0,0,0,0,0,0,0,0,0,0,0,0,0,0,0,0,0,0,0,0,0,0,0,0,0,0,0,0,0,0,0,0,0,0,0,0,0,0,0,0,0,0,0,0,0,0,0,0,0,0,0,0,0,0,0,0,0,0,0,0,0,0,0,0,0,0,0,0,0,0,0,0,0,0,0,0,0,0,0,0,0,0,0,0,0,0,0,0,0,0,0,0,0,0,0,0,0,0,0,0,0,0,0,0,0,0,0,0,0,0,0,0,0,0,0,0,0,0,0,0,0,0,0,0,0,0,0
6bd0085d57593d91bf2c1987143192c4,10.0,23,221,872,379,11,165,263,141,105,139,30,1,13,30,1306,6,50,0,11,237,553,0,64,9,11,6,18,7,24,43,90,41,0,34,112,0,29,5,37,0,19,5,4,6,0,0,15,0,12,36,1,18,2,2,15,41,0,0,0,4,0,0,0,863,65,0,150,0,0,0,15,0,0,22,0,1283,912,0,76,1280,680,646,109,13,61,9,20,20,12,47,80,150,184,127,9,30,0,14,0,70,3,0,7,33,33,4,8,10,8,46,35,44,48,10,5,7,14,7,2,0,12,2,0,0,0,0,0,39,0,0,0,0,0,0,0,0,0,0,0,0,0,0,0,0,0,0,0,0,2,2,0,0,0,2,0,0,0,5,4,0,0,0,0,0,0,0,0,0,0,0,0,0,1,0,0,0,0,0,0,0,0,0,0,0,0,7,0,0,0,0,0,0,0,0,0,0,0,0,0,0,0,0,0,0,0,2,1,0,0,0,0,0,0,4,2,0,0,0,0,0,0,0,0,0,0,0,0,0,0,0,0,0,0,0,0,0,0,0,0,0,0,0,0,0,0,0,0,0,0,0,0,0,0,0,0,0,0,0,0,0,0,0,0,0,0,0,0,0,0,0,0,0,0,0,0,0,0,0,0,0,0,0,0,0,0,0,0,0,0
0b5c9b67c81290647a800f6a00f29891,9.8,143,7541,15369,417,133,6023,305,2177,2112,1975,24,0,154,15,1928,91,97,0,4,395,778,1,73,6,9,116,19,5,64,62,92,7438,40,1019,71,12,116,12,126,1,59,12,0,46,35,0,7,1,23,64,9,3,0,0,9,55,39,36,1565,0,1,0,1,785,189,20,132,2,3,0,71,3,3,35,0,859,576,26,24,69,7433,495,7,6,405,2,7,7,8,164,33,82,219,62,18,839,165,5,3,54,159,4,25,110,137,2,5,9,4,15,10,41,40,20,13,73,1263,2,2,45,3,10,0,0,4,0,0,0,5,34,15,2,0,1,3,24,14,1,0,0,1,0,0,0,1,0,45,0,0,0,0,124,13,0,1,1,0,58,63,3,48,6,1,4,4,8,1,1,9,30,18,1,2,6,6,1,13,3,20,4,1,0,0,0,2,0,55,1,1,1,1,1,1,1,1,1,0,0,0,0,0,0,0,0,0,0,0,0,0,0,0,0,0,0,0,0,0,0,0,0,0,0,0,0,0,0,0,0,0,0,0,0,0,0,0,0,0,0,0,0,0,0,0,0,0,0,0,0,0,0,0,0,0,0,0,0,0,0,0,0,0,0,0,0,0,0,0,0,0,0,0,0,0,0,0,0,0,0,0,0,0,0,0,0,0,0,0,0,0
0b6a0fe4aef0d2905b091102807a42ca,1.2,0,0,0,0,0,0,0,0,0,0,0,0,0,0,0,0,0,0,0,0,0,0,0,0,0,0,0,0,0,0,0,0,0,0,0,0,0,0,0,0,0,0,0,0,0,0,0,0,0,0,0,0,0,0,0,0,0,0,0,0,0,0,0,0,0,0,0,0,0,0,0,0,0,0,0,0,0,0,0,0,0,0,0,0,0,0,0,0,0,0,0,0,0,0,0,0,0,0,0,0,0,0,0,0,0,0,0,0,0,0,0,0,0,0,0,0,0,0,0,0,0,0,0,0,0,0,0,0,0,0,0,0,0,0,0,0,0,0,0,0,0,0,0,0,0,0,0,0,0,0,0,0,0,0,0,0,0,0,0,0,0,0,0,0,0,0,0,0,0,0,0,0,0,0,0,0,0,0,0,0,0,0,0,0,0,0,0,0,0,0,0,0,0,0,0,0,0,0,0,0,0,0,0,0,0,0,0,0,0,0,0,0,0,0,0,0,0,0,0,0,0,0,0,0,0,0,0,0,0,0,0,0,0,0,0,0,0,0,0,0,0,0,0,0,0,0,0,0,0,0,0,0,0,0,0,0,0,0,0,0,0,0,0,0,0,0,0,0,0,0,0,0,0,0,0,0,0,0,0,0,0,0,0,0,0,0,0,0,0
0b6a667eeb755ae61e3b01d6dc9cd812,8.2,0,36,288,60,7,41,48,185,278,160,2,0,8,4,1197,3,14,1,0,161,716,0,17,1,0,0,0,0,69,6,7,22,0,2,3,0,14,0,0,0,3,4,2,19,0,0,8,0,4,0,4,1,0,0,24,20,2,1,10,0,0,0,0,7,2,20,10,0,0,0,2,0,0,4,0,930,843,18,0,0,19,0,0,0,2,0,28,33,0,1,0,0,0,0,4,0,0,0,0,1,0,5,4,8,11,0,1,8,12,0,8,3,0,0,15,3,10,0,0,27,0,0,0,0,1,1,0,0,0,2,0,0,2,0,4,0,0,0,0,0,1,0,0,3,1,0,0,0,0,0,0,31,9,1,0,0,0,3,3,1,0,0,0,13,2,0,0,0,0,0,0,0,2,0,0,0,0,0,0,0,0,0,0,0,0,0,0,0,0,0,0,0,0,0,0,0,0,0,4,0,0,0,0,0,0,0,0,0,0,0,0,0,0,0,0,0,0,0,0,0,0,0,0,0,0,0,0,0,0,0,0,0,0,0,0,0,0,0,0,0,0,0,0,0,0,0,0,0,0,0,0,0,0,0,0,0,0,0,0,0,0,0,0,0,0,0,0,0,0,0,0,0,0,0,0,0,0,0,0,0,0,0,0,0,0,0,0,0,0
0b6dfe55374313977ac33876011506e0,6.6,5,104,693,96,95,51,290,582,1085,572,5,0,174,4,968,16,10,2,6,64,573,1,23,1,1,9,7,2,43,760,30,167,25,91,22,0,43,1,2,1,10,0,1,31,28,0,3,0,6,3,0,0,0,0,6,14,165,165,4235,0,0,0,1,461,133,79,19,0,2,2,3,0,0,3,0,403,289,0,2,737,118,306,61,1,6,1,2,2,6,131,14,9,13,0,11,20,18,2,0,19,95,0,9,12,23,1,2,4,1,7,5,15,16,2,2,3,37,1,0,0,2,0,0,0,0,0,0,0,0,5,7,0,0,1,1,0,0,0,0,0,0,0,0,0,1,0,0,0,0,55,2,62,97,1,1,1,0,0,0,0,0,0,0,0,0,0,0,0,0,0,0,0,0,0,0,0,0,2,0,0,0,0,0,0,0,0,0,0,0,0,0,0,0,0,0,0,0,0,0,0,0,0,0,0,0,0,0,0,0,0,0,0,0,0,0,0,2,2,0,0,0,0,0,0,0,0,0,0,0,0,0,0,0,0,0,0,0,0,0,0,0,0,0,0,0,0,0,0,0,0,0,0,0,0,0,0,0,0,0,0,0,0,0,0,0,0,0,0,0,0,0,0,0,0,0,0,0,0,0,0,0,0,0,0,0,0,0,0,0
0b6fa82d31b88c7f6e24a32e431ff89e,1.4,16,13,122,18,2,7,2,6,4,4,1,1,0,1,27,2,2,0,0,5,4,0,0,0,0,0,0,0,0,0,0,3,0,1,0,0,0,1,0,1,0,0,0,1,0,0,0,0,0,0,0,0,0,0,3,1,0,0,0,0,0,0,0,0,1,0,1,0,0,0,0,0,0,0,0,0,0,0,0,0,6,0,0,0,2,0,0,0,0,1,0,0,6,0,0,2,0,0,0,0,0,0,0,0,1,1,0,1,0,0,0,0,0,0,0,1,0,0,0,0,0,0,0,0,0,0,0,0,0,0,0,0,0,0,0,0,0,0,0,0,1,0,0,0,0,0,0,0,0,0,0,0,1,0,0,0,0,0,0,0,0,0,0,0,0,0,0,0,0,0,0,0,0,0,0,0,0,0,0,0,0,0,0,0,0,0,0,0,0,0,0,0,0,0,0,0,0,0,0,0,0,0,0,0,0,0,0,0,0,0,0,0,0,0,0,0,0,0,0,0,0,0,0,0,0,0,0,0,0,0,0,0,0,0,0,0,0,0,0,0,0,0,0,0,0,0,0,0,0,0,0,0,0,0,0,0,0,0,0,0,0,0,0,0,0,0,0,0,0,0,0,0,0,0,0,0,0,0,0,0,0,0,0,0,0,0,0,0,0
0b7a628509df4b6253cce75860f211f8,6.4,50,149,1344,599,144,356,50,782,700,752,103,0,250,9,355,19,132,6,0,96,58,10,20,0,7,9,4,1,5,93,242,83,0,65,26,16,3393,4,12,20,18,3,0,10,0,14,0,2,23,6,2,0,0,0,1,23,0,0,0,0,2,4,2,3,18,27,37,0,1,16,41,1,1,25,0,2,0,8,2,0,8788,83,27,0,75,0,1,1,0,6,0,11,58,11,10,7,0,0,2,2,0,2,5,32,44,2,1,2,0,0,0,13,8,0,12,31,50,0,0,166,3,15,0,0,2,0,0,0,2,17,58,0,0,0,42,28,92,1,0,0,1,0,1,1,1,10,57,10,0,0,0,0,1,0,0,2,0,15,21,0,0,0,0,3,3,4,0,0,0,1,17,0,3,0,10,0,15,1,28,8,0,0,0,2,10,0,55,1,1,1,1,1,1,2,0,0,2,0,0,0,0,0,0,2,1,2,3,18,16,2,0,0,0,0,0,0,0,0,0,0,0,0,0,0,0,0,0,0,0,0,0,0,0,0,0,0,0,0,0,0,0,0,0,0,0,0,0,0,0,0,0,0,0,0,0,0,0,0,0,0,0,0,0,0,0,0,0,0,0,0,0,0,0,0,0,0,0,0,0,0,0,0,0,0,0,0,0,0,0
0b7bbbe398345da5a80ba89e1339dec0,1.4,0,2,7,3,2,2,2,1,1,3,0,0,2,0,30,0,1,0,0,3,3,0,0,0,0,0,0,0,0,2,1,1,0,0,0,0,10,0,0,0,0,0,0,0,0,0,0,0,0,0,0,0,0,0,3,2,0,0,0,0,0,0,0,0,0,0,0,0,0,0,0,0,0,0,0,0,0,0,0,0,0,0,0,0,2,0,0,0,0,0,0,0,0,0,4,0,0,0,0,0,0,0,0,1,1,0,0,1,0,0,0,1,0,0,0,0,0,0,0,0,0,0,0,0,0,0,0,0,0,0,0,0,0,0,0,0,0,0,0,0,0,0,0,0,1,0,0,0,0,0,0,0,0,1,0,0,0,0,0,0,0,0,0,0,0,0,0,0,0,0,0,0,0,0,0,0,0,0,0,0,0,0,0,0,0,0,0,0,0,0,0,0,0,0,0,0,0,0,0,0,0,0,0,0,0,0,0,0,0,0,0,0,0,0,0,0,0,0,0,0,0,0,0,0,0,0,0,0,0,0,0,0,0,0,0,0,0,0,0,0,0,0,0,0,0,0,0,0,0,0,0,0,0,0,0,0,0,0,0,0,0,0,0,0,0,0,0,0,0,0,0,0,0,0,0,0,0,0,0,0,0,0,0,0,0,0,0,0,0
6d0e467d2bb49bfd9a56eaa726848bc4,10.6,22,170,841,432,36,97,157,123,89,157,24,2,32,23,942,13,115,0,7,166,415,0,44,5,6,7,15,6,11,44,83,31,0,13,90,3,25,5,41,0,15,3,2,10,0,0,7,0,10,37,1,4,1,1,15,40,2,2,63,1,0,0,0,614,52,0,88,0,0,0,12,0,0,15,0,653,491,0,13,1310,569,597,117,12,67,5,13,13,5,44,53,142,168,123,6,120,1,12,2,61,5,1,7,25,27,1,5,6,7,34,27,37,40,8,7,5,10,5,2,1,7,0,1,0,0,1,0,36,1,1,0,0,0,0,1,0,0,0,0,0,0,0,0,0,0,0,0,0,2,0,0,1,0,0,0,0,0,1,1,0,0,0,0,0,0,0,0,0,0,0,0,0,1,0,0,0,0,0,0,0,0,0,0,0,24,3,0,0,0,0,0,0,0,0,0,0,0,0,0,1,0,0,0,0,0,0,1,0,0,0,0,0,0,0,0,0,0,0,4,0,0,0,0,0,0,0,0,0,0,0,0,0,0,0,0,0,0,0,0,0,0,0,0,0,0,0,0,0,0,0,0,0,0,0,0,0,0,0,0,0,0,0,0,0,0,0,0,0,0,0,0,0,0,0,0,0,0,0,0,0,0,0,0,0,0,0,0,0,0
0b7c91ed99ab135aef30dd71843c02a8,9.4,371,415,3087,649,458,161,326,3960,3165,4002,29,0,498,23,2656,195,76,0,8,816,644,2,88,6,14,203,19,23,66,75,88,374,47,2882,47,25,250,11,167,1,72,19,0,77,40,18,8,2,37,69,10,3,0,0,6,77,94,91,4082,0,2,0,1,646,224,21,249,2,5,1,98,5,5,82,0,575,366,40,37,82,13175,1078,21,5,580,1,4,4,5,184,19,30,394,25,21,1301,457,2,5,50,182,9,32,224,259,2,5,11,3,7,5,46,34,26,12,178,3636,0,0,187,10,30,0,0,8,0,12,0,9,46,26,2,0,1,8,41,53,2,0,0,3,0,0,0,1,0,155,0,0,2,0,120,29,0,1,1,0,65,65,3,49,6,1,9,9,20,1,1,9,43,36,2,6,6,9,2,12,5,12,2,1,0,0,2,24,12,110,2,2,2,2,2,2,2,2,2,2,9,0,0,0,0,3,0,0,0,3,0,0,0,0,0,0,0,0,0,0,0,0,0,0,0,0,0,0,0,0,0,0,0,0,0,0,0,0,0,0,0,0,0,0,0,0,0,0,0,0,0,0,0,0,0,0,0,0,0,0,0,0,0,0,0,0,0,0,0,0,0,0,0,0,0,0,0,0,0,0,0,0,0,0,0,0,0,0,0,0,0,0
0b7fa305b57066885d7d70c96d51aae0,2.4,0,8,73,56,0,0,0,0,0,5,0,0,0,0,10609,0,112,0,0,2,2,0,0,0,0,0,0,0,0,18079,1,8552,0,569,0,0,2,0,0,0,1139,0,0,6801,0,0,0,0,0,0,1,0,0,0,0,0,0,0,0,0,0,0,0,0,0,3257,0,0,0,0,0,0,0,0,0,0,0,0,0,0,0,0,0,0,0,0,0,0,0,0,0,0,1,1,0,0,0,0,0,569,6748,0,0,1,1,0,0,0,0,0,0,1,0,0,0,572,1108,569,0,0,0,0,0,0,0,0,0,1,0,0,0,0,0,0,0,0,0,0,0,0,0,0,0,0,0,0,0,0,0,0,0,0,0,0,0,0,0,5,5,0,0,0,0,0,0,0,0,0,0,0,0,0,6832,0,0,0,0,0,0,0,0,0,0,0,0,0,0,0,0,0,0,0,0,0,0,0,0,0,0,0,0,0,0,0,0,0,0,0,0,0,0,0,0,0,1,0,0,0,0,0,0,0,0,0,0,0,0,0,0,0,0,0,0,0,0,0,0,0,0,0,0,0,0,0,0,0,0,0,0,0,0,0,0,0,0,0,0,0,0,0,0,0,0,0,0,0,0,0,0,0,0,0,0,0,0,0,0,0,0,0,0,0,0,0,0,0,0,0,0
0b8cad9f8d5917f4930eb02f0b2453f6,1.4,0,0,4,0,0,0,0,0,0,0,0,0,0,0,1,0,0,0,0,0,0,0,0,0,0,0,0,0,0,0,0,1,0,0,0,0,0,0,0,0,0,0,0,1,0,0,0,0,0,0,0,0,0,0,1,0,0,0,0,0,0,0,0,0,0,0,0,0,0,0,0,0,0,0,0,0,0,0,0,0,0,0,0,0,0,0,0,0,0,0,0,0,0,0,0,0,0,0,0,0,0,0,0,0,0,0,0,0,0,0,0,0,0,0,0,0,0,0,0,0,1,0,0,0,0,0,0,0,0,0,0,0,0,0,0,0,0,0,0,0,0,0,0,0,0,0,0,0,0,0,0,0,0,0,0,0,0,0,0,0,0,0,0,0,0,0,0,0,0,0,0,0,0,0,0,0,0,0,0,0,0,0,0,0,0,0,0,0,0,0,0,0,0,0,0,0,0,0,0,0,0,0,0,0,0,0,0,0,0,0,0,0,0,0,0,0,0,0,0,0,0,0,0,0,0,0,0,0,0,0,0,0,0,0,0,0,0,0,0,0,0,0,0,0,0,0,0,0,0,0,0,0,0,0,0,0,0,0,0,0,0,0,0,0,0,0,0,0,0,0,0,0,0,0,0,0,0,0,0,0,0,0,0,0,0,0,0,0,0
0b8e1cb7fff4e0b8b60259cea9195949,2.2,2,19,73,59,7,19,98,491,2239,366,0,0,2,2,254,13,53,0,1,38,14,1,5,0,0,0,4,1,14,15,9,69,11,132,2,0,0,8,0,1,16,2,3,25,11,0,0,0,0,0,1,0,0,0,3,4,0,0,0,0,0,0,0,0,16,17,4,0,0,0,0,0,0,2,0,0,0,0,0,0,0,0,0,0,1,0,0,0,0,17,0,0,2,0,2,0,111,0,0,17,112,0,2,9,11,0,0,0,0,4,0,7,8,0,1,1,5,0,0,0,0,0,0,0,0,0,0,0,1,5,3,1,0,0,0,0,0,0,0,0,0,0,0,0,0,1,1,2,1,0,0,0,0,0,0,0,0,0,0,0,0,0,0,0,0,0,0,0,0,0,0,0,0,0,0,0,0,0,0,0,0,0,0,0,0,0,0,0,0,0,0,0,0,0,0,0,0,0,0,0,0,0,0,0,0,0,0,0,0,0,0,0,0,0,0,0,0,0,0,0,0,0,0,0,0,0,0,0,0,0,0,0,0,0,0,0,0,0,0,0,0,0,0,0,0,0,0,0,0,0,0,0,0,0,0,0,0,0,0,0,0,0,0,0,0,0,0,0,0,0,0,0,0,0,0,0,0,0,0,0,0,0,0,0,0,0,0,0,0
0b8f6f33f9a0863b0f4c149282efd1fd,6.8,23,105,5235,69,27,4408,281,701,1158,633,1,0,14,0,888,20,3,0,0,45,619,0,11,2,0,15,3,0,43,13,12,132,25,70,0,0,27,5,33,1,5,0,0,1,28,0,3,0,0,10,0,2,0,0,3,9,258,256,11712,0,0,0,1,794,137,4,18,2,0,0,0,0,0,2,0,395,273,0,14,187,349,37,9,6,243,0,2,2,5,137,3,105,128,105,12,100,22,0,0,8,97,1,14,13,27,2,1,4,0,1,0,7,0,0,0,2,48,0,0,0,0,0,0,0,0,0,0,0,1,8,7,0,0,1,0,0,0,0,0,0,0,0,0,0,0,0,2,0,0,0,0,93,10,0,1,1,0,36,36,2,49,6,0,0,0,0,0,0,0,0,0,0,0,0,0,0,0,0,0,0,0,0,0,0,0,0,0,0,0,0,0,0,0,0,0,0,0,0,0,0,0,0,0,0,0,0,0,0,0,0,0,0,0,0,0,0,0,0,0,0,0,0,0,0,0,0,0,0,0,0,0,0,0,0,0,0,0,0,0,0,0,0,0,0,0,0,0,0,0,0,0,0,0,0,0,0,0,0,0,0,0,0,0,0,0,0,0,0,0,0,0,0,0,0,0,0,0,0,0,0,0,0,0,0,0,0,0,0,0
0b9b1bdf8ebca83eee06fe599a04b246,7.2,24,128,5335,128,28,4418,307,712,1171,639,5,0,15,3,1056,20,31,0,1,77,688,0,19,3,1,15,6,1,47,20,30,5542,27,74,20,0,28,5,34,1,8,0,0,1,30,0,4,0,2,12,0,2,0,0,3,12,247,245,11314,0,0,0,1,841,146,4,32,2,0,0,3,0,0,5,0,610,424,0,15,29,350,23,8,6,246,1,4,4,7,142,15,114,137,105,13,100,24,2,0,19,97,1,15,18,32,2,2,5,1,7,5,13,8,2,1,3,50,1,0,0,2,0,0,0,0,0,0,0,1,8,7,0,0,1,0,0,0,0,0,0,0,0,0,0,0,0,2,0,0,0,0,96,10,0,1,1,0,36,36,2,24,6,0,0,0,0,0,0,0,0,0,0,0,0,0,0,0,0,0,0,0,0,0,0,0,0,0,0,0,0,0,0,0,0,0,0,0,0,0,0,0,0,0,0,0,0,0,0,0,0,0,0,0,0,0,0,0,0,0,0,0,0,0,0,0,0,0,0,0,0,0,0,0,0,0,0,0,0,0,0,0,0,0,0,0,0,0,0,0,0,0,0,0,0,0,0,0,0,0,0,0,0,0,0,0,0,0,0,0,0,0,0,0,0,0,0,0,0,0,0,0,0,0,0,0,0,0,0,0
0b9e34d538b086b4f23b360a2b303a43,4.2,4,20,425,20,2,272,0,8,1,5,0,0,0,0,49,4,0,0,0,5,5,0,1,0,0,3,0,0,0,8,10,4,0,0,0,0,0,12,0,0,0,1,0,0,0,0,2,0,0,0,0,10,0,0,3,1,0,0,0,5,0,0,0,2,0,8,0,0,0,0,0,0,0,0,0,0,0,0,0,0,0,0,0,0,0,0,0,0,0,0,0,0,0,0,0,0,0,0,0,0,0,0,0,3,3,0,0,0,0,0,0,2,0,0,0,1,0,0,0,0,0,0,0,0,0,0,0,0,0,0,0,0,0,0,0,0,0,0,0,0,0,0,0,2,0,0,0,0,0,0,0,0,0,0,0,0,0,0,0,0,0,0,0,0,0,0,0,0,0,0,0,0,0,0,0,0,0,0,0,0,0,0,0,0,0,0,0,0,0,0,0,0,0,0,0,0,0,0,0,0,0,1,0,0,0,0,0,0,0,0,0,0,0,0,0,0,0,0,0,0,0,0,0,0,0,0,0,0,0,0,0,0,0,0,0,0,0,0,0,0,0,0,0,0,0,0,0,0,0,0,0,0,0,0,0,0,0,0,0,0,0,0,0,0,0,0,0,0,0,0,0,0,0,0,0,0,0,0,0,0,0,0,0,0,0,0,0,0,0
0b9f72c0bd51220db604d88efa632c8f,7.8,11,49,371,78,10,46,41,106,26,116,5,0,11,3,2914,0,6,1,1,4007,3852,0,9,2,1,0,3,1,8,10,21,19,0,230,20,0,19,0,13,0,6,4,0,234,0,0,1,0,6,13,0,1,0,0,1,12,2,1,23,0,0,0,0,565,21,4,14,0,0,0,3,0,0,3,0,224,166,0,7,1235,1039,664,144,10,9,1,4,4,3,19,13,99,109,90,5,85,0,2,0,14,2,1,7,6,6,0,1,2,1,6,5,6,8,2,1,3,7,1,0,0,2,0,0,0,2,2,0,0,0,0,0,0,0,0,0,0,0,0,0,0,0,0,0,1,0,0,0,0,0,0,0,31,14,1,0,0,0,12,12,1,0,0,0,0,0,0,0,0,0,0,0,0,2,0,0,0,0,0,0,0,0,0,0,0,0,0,0,0,0,0,0,0,0,0,0,0,0,0,0,0,0,0,0,0,0,0,0,0,0,0,0,0,0,0,0,0,0,0,0,10349,0,0,0,0,0,0,0,0,0,0,0,0,0,0,0,0,0,0,0,0,0,0,0,0,0,0,0,0,0,0,0,0,0,0,0,0,0,0,0,0,0,0,0,0,0,0,0,0,0,0,0,0,0,0,0,0,0,0,0,0,0,0,0,0,0,0,0,0,0
0b9f590498ef229c8d2bfcadbf8aa36a,7.0,16,173,5056,218,39,4467,344,718,1197,643,13,0,17,9,1347,20,3,0,3,135,800,0,37,5,3,15,12,3,51,33,64,146,25,76,60,0,29,5,35,1,14,0,0,1,28,0,6,0,6,16,0,2,0,0,6,21,223,221,10815,0,0,0,1,964,162,4,56,2,0,0,9,0,0,12,0,932,650,0,11,104,107,31,5,4,246,3,8,8,9,152,36,132,145,105,15,50,24,6,0,39,92,0,15,27,41,2,4,7,3,19,15,25,24,6,3,5,54,3,0,0,6,0,0,0,0,0,0,0,1,8,7,0,0,1,0,0,0,0,0,0,0,0,0,0,0,0,2,0,0,0,0,93,10,0,1,1,0,34,34,2,51,6,0,0,0,0,0,0,0,0,0,0,0,0,0,0,0,0,0,0,0,0,0,0,0,0,0,0,0,0,0,0,0,0,0,0,0,0,0,0,0,0,0,0,0,0,0,0,0,0,0,0,0,0,0,0,0,0,0,0,0,0,0,0,0,0,0,0,0,0,0,0,0,0,0,0,0,0,0,0,0,0,0,0,0,0,0,0,0,0,0,0,0,0,0,0,0,0,0,0,0,0,0,0,0,0,0,0,0,0,0,0,0,0,0,0,0,0,0,0,0,0,0,0,0,0,0,0,0
0b10e38a251c45f54ddeb750f5efcac9,5.0,152,290,3034,1649,231,164,7,360,152,431,38,0,40,7,1546,109,330,0,3,272,370,3,32,0,0,0,21,7,3026,303,149,71,0,183,14,0,190,0,12,0,38,9,42,378,0,0,39,0,0,12,38,0,0,0,112,131,64,64,3026,0,38,0,0,69,30,5,2,2,0,0,0,0,0,0,0,134,98,0,1,0,489,0,37,0,7,0,0,0,0,67,3,0,152,0,3,0,3,0,0,74,3,0,0,79,119,1,0,1,0,4,0,43,56,28,68,40,268,0,0,0,41,4687,0,0,0,74,0,0,39,39,0,0,0,1,38,0,0,0,0,0,0,0,0,0,0,2,39,0,0,0,0,38,0,7,0,0,0,14,14,0,0,0,0,0,0,0,0,0,0,75,0,0,37,38,0,0,0,0,0,0,0,0,0,0,0,0,0,0,0,0,0,0,0,0,0,0,0,0,0,78,0,0,0,2,0,7,1,0,0,0,0,0,6,0,0,0,0,0,0,0,0,0,0,0,0,0,0,0,0,0,0,0,0,0,0,0,0,0,0,0,0,0,0,0,0,0,0,0,0,0,0,0,0,0,0,0,0,0,0,0,0,0,0,0,0,0,0,0,0,0,0,0,0,0,0,0,0,0,0,0,0,0,0,0,0,0,0,0,0
0b10f34c4492de8cf6a3be97dcb4ada0,7.0,0,36,228,115,1,161,8,106,215,74,97,2,0,6,85,8,29,1,3,12,15,2,3,1,4,4,2,0,2,5,32,18,1,12,3,1,25,0,1,1,1,0,3,0,0,0,1,0,2,0,0,7,1,1,6,2,0,0,0,0,1,0,0,0,2,22,0,0,0,0,0,0,0,0,0,0,9,0,0,0,0,0,0,1,0,0,0,0,0,0,0,0,0,0,2,0,0,0,0,1,0,0,0,7,7,1,0,2,0,0,0,2,0,0,0,5,0,0,0,27,0,0,0,0,0,0,0,0,0,0,3,0,0,0,0,7,5,0,0,0,0,2,1,0,0,0,0,0,0,0,1,0,1,0,0,0,0,0,0,0,0,0,0,0,0,0,0,0,0,0,0,0,0,0,0,0,0,0,0,0,0,0,0,0,0,0,0,0,0,0,0,0,0,0,0,0,0,0,0,0,0,0,0,0,0,0,0,0,0,0,0,0,0,0,0,0,0,0,0,0,0,0,0,0,0,0,0,0,0,0,0,0,0,0,0,0,0,0,0,0,0,0,0,0,0,0,0,0,0,0,0,0,0,0,0,0,0,0,0,0,0,0,0,0,0,0,0,0,0,0,0,0,0,0,0,0,0,0,0,0,0,0,0,0,0,0,0,0,0
0b16d47bf27428fdd9f7181306337487,7.2,30,81,584,371,12,25,5,52,45,64,5,1,49,5,246,9,39,0,2,29,39,1,8,0,1,0,3,1,0,8,7,10,0,1,6,2,25,2,9,0,0,1,0,2,0,0,3,1,2,2,3,0,1,1,9,15,0,0,0,0,0,0,0,914,3,5,4,0,0,0,13,0,0,1,0,2,26,0,0,0,371,4,418,0,1,0,0,0,0,1,0,0,30,2,2,32,0,0,0,2,0,2,4,3,4,0,0,0,0,0,0,10,8,0,4,0,3,0,0,0,0,10,0,0,0,1,0,3,1,2,0,0,0,2,1,0,0,1,0,0,0,0,0,0,0,0,0,0,0,0,0,97,0,0,0,0,0,7,19,0,0,0,1,2,2,1,0,0,0,0,0,0,0,0,0,0,4,0,0,2,0,0,0,3,0,1,0,0,0,0,0,0,0,0,0,0,0,0,0,1,0,0,0,0,0,0,0,0,0,0,0,0,0,0,0,17,0,0,18,0,910,1,0,0,0,0,0,0,0,0,0,0,0,0,0,0,0,0,0,0,0,0,0,0,0,0,0,0,0,0,0,0,0,0,0,0,0,0,0,0,0,0,0,0,0,0,0,0,0,0,0,0,0,0,0,0,0,0,0,0,0,0,0,0,0,0,0,0,0
0b19d143d72200959250ef3e041cbbc0,2.2,2,19,73,89,7,19,96,491,2239,366,0,0,2,2,256,13,104,0,1,38,14,1,5,0,0,0,4,1,14,15,9,67,9,134,2,0,0,8,0,1,20,2,3,25,9,0,0,0,0,0,1,0,0,0,3,4,0,0,0,0,0,0,0,0,16,17,4,0,0,0,0,0,0,2,0,0,0,0,0,0,0,0,0,0,1,0,0,0,0,17,0,0,2,0,2,0,111,0,0,21,112,0,2,9,11,0,0,0,0,4,0,7,8,0,1,1,5,0,0,0,0,0,0,0,0,0,0,0,1,5,3,1,0,0,0,0,0,0,0,0,0,0,0,0,0,1,1,2,1,0,0,0,0,0,0,0,0,0,0,0,0,0,0,0,0,0,0,0,0,0,0,0,0,0,0,0,0,0,0,0,0,0,0,0,0,0,0,0,0,0,0,0,0,0,0,0,0,0,0,0,0,0,0,0,0,0,0,0,0,0,0,0,0,0,0,0,0,0,0,0,0,0,0,0,0,0,0,0,0,0,0,0,0,0,0,0,0,0,0,0,0,0,0,0,0,0,0,0,0,0,0,0,0,0,0,0,0,0,0,0,0,0,0,0,0,0,0,0,0,0,0,0,0,0,0,0,0,0,0,0,0,0,0,0,0,0,0,0,0
0b22c54538c81b70de6fec49c2a0898a,5.0,136,259,2701,1461,202,146,7,321,136,375,34,0,34,6,1328,89,275,0,2,240,335,2,27,0,0,0,18,6,2730,267,137,64,0,180,12,0,170,0,10,0,34,9,37,378,0,0,34,0,0,10,34,0,0,0,99,106,58,58,2730,0,34,0,0,61,26,5,2,2,0,0,0,0,0,0,0,134,98,0,1,0,435,0,32,0,6,0,0,0,0,58,3,0,136,0,3,0,3,0,0,64,3,0,0,71,107,1,0,1,0,4,0,37,48,24,61,36,243,0,0,0,36,4194,0,0,0,64,0,0,35,35,0,0,0,1,34,0,0,0,0,0,0,0,0,0,0,2,35,0,0,0,0,34,0,6,0,0,0,14,14,0,0,0,0,0,0,0,0,0,0,66,0,0,32,34,0,0,0,0,0,0,0,0,0,0,0,0,0,0,0,0,0,0,0,0,0,0,0,0,0,70,0,0,0,2,0,6,1,0,0,0,0,0,6,0,0,0,0,0,0,0,0,0,0,0,0,0,0,0,0,0,0,0,0,0,0,0,0,0,0,0,0,0,0,0,0,0,0,0,0,0,0,0,0,0,0,0,0,0,0,0,0,0,0,0,0,0,0,0,0,0,0,0,0,0,0,0,0,0,0,0,0,0,0,0,0,0,0,0,0
0b22ed62c0b8e0d34e4e21006c662a76,6.6,0,41,222,69,10,4,4,21,10,27,9,0,8,0,49,5,14,1,0,1,1,0,2,0,4,0,0,0,0,3,0,2,0,0,2,0,24,0,4,0,0,3,0,0,0,0,7,0,3,0,2,8,2,2,9,2,4,2,78,0,0,0,0,7,1,0,1,8,1,0,0,0,0,0,0,0,0,0,0,0,0,0,0,0,2,0,0,0,0,1,0,0,6,6,0,0,0,0,0,0,0,0,0,0,0,0,0,0,0,0,0,0,0,0,6,0,0,0,0,0,26,2,0,0,0,0,0,10,0,0,0,0,0,0,0,0,0,0,0,0,0,0,0,0,0,0,0,0,0,0,0,0,0,1,0,0,0,2,2,2,0,0,2,0,0,0,0,0,0,0,0,0,0,0,0,0,0,0,0,0,0,0,0,0,0,0,0,0,0,0,0,0,0,0,0,0,0,0,0,0,0,0,0,0,0,0,0,0,0,0,0,0,0,2,1,0,0,0,0,0,0,0,1,0,0,0,0,0,0,0,0,0,0,0,0,0,0,0,0,0,0,0,0,0,0,0,0,0,0,0,0,0,0,0,0,0,0,0,0,0,0,0,0,0,0,0,0,0,0,0,0,0,0,0,0,0,0,0,0,0,0,0,0,0,0,0,0,0,0
0b25b38830cfb97d6e696bffc310c9b3,8.8,2,150,6632,180,42,4331,90,212,243,442,14,4,34,12,16627,3,42,6,7,257,440,4,77,7,13,32,12,7,313,7243,7240,7267,9,14521,379,10,341,5,245,1,2416,5,4825,6392,4,3,5,0,38,222,1,401,0,0,2,13,9,9,394,12,2,2,3,480,27,4841,48,44,6,4,4,2,2,11,0,804,622,1,6,1159,973,317,63,1,56,3,8,8,8,21,38,105,105,105,4,77,0,8,0,2416,2419,1,2,6,6,26,169,4,3,23,19,12,7,0,26516,2410,53035,0,0,0,0,6430,1,0,0,0,0,0,0,0,0,3,0,0,0,0,0,0,0,0,0,0,0,0,0,0,0,0,0,0,0,0,0,0,0,0,0,0,0,0,0,0,0,0,0,0,0,0,1,0,0,0,0,0,0,0,0,0,0,0,0,0,0,0,0,0,0,0,0,0,0,0,0,0,0,0,0,0,0,0,0,0,0,1,0,0,0,0,0,0,0,0,0,0,0,0,0,0,0,0,0,0,0,1,1,4820,0,0,0,0,0,0,0,0,0,0,0,0,0,0,0,0,0,0,0,0,0,0,0,0,0,0,0,0,0,0,0,0,0,0,0,0,0,0,0,0,0,0,0,0,0,0,0,0,0,0,0,0,0,0,0,0,0,0,0,0,0,0,0
0b28ceee1e738c5ac645053e1bbdd4a7,7.0,60908,222,1607,249,314,119,118,1873,1669,1577,17,0,557,7,1192,68,52,2,3,235,42,2,51,3,9,101,11,1,52,39,50,217,23,211,30,13,130,8,97,1,55,12,0,54,14,0,4,2,19,40,9,1,0,0,3,29,85,84,3830,0,1,0,0,276,68,210,47,2,4,2,51,2,2,6,0,22,0,27,15,0,1124,326,0,0,180,0,2,2,2,45,0,4,140,2,14,54,21,0,3,36,103,4,38,71,95,0,2,6,0,0,0,12,24,16,11,25,234,0,0,407,0,20,0,0,4,0,0,0,4,32,9,2,0,0,3,25,17,2,0,0,2,0,0,0,1,0,1,0,0,0,2,62,199,1,1,1,0,25,27,1,0,0,0,5,5,8,1,1,9,30,18,1,2,6,6,1,12,4,11,4,0,0,0,0,5,0,55,1,1,1,1,1,1,0,0,0,0,0,0,0,0,0,0,0,0,0,3,0,0,0,0,0,0,0,0,0,2,2,0,0,0,0,1,0,0,0,0,0,0,0,0,0,0,0,0,0,0,0,0,0,0,0,0,0,0,0,0,0,0,0,0,0,0,0,0,0,0,0,0,0,0,0,0,0,0,0,0,0,0,0,0,0,0,0,0,0,0,0,0,0,0,0,0,0,0,0,0,0,0
0b32c3e3bf18cbc418ec8f43dcea75b0,3.4,0,55,366,264,10,99,108,924,2883,572,76,1,1,8,334,27,51,0,2,59,27,1,8,1,4,4,5,1,19,32,84,105,10,83,8,1,16,2,1,0,30,0,0,1,9,0,1,0,2,4,1,0,0,0,0,5,0,0,0,0,3,22506,67507,0,18,47,7,0,0,0,1,0,0,1,0,0,2,8,0,1,0,0,0,1,26,0,0,0,0,17,0,0,0,0,5,0,136,0,1,28,255,0,13,37,41,2,0,2,0,0,0,12,8,0,1,6,4,0,0,31,0,0,0,0,0,0,0,0,2,12,10,4,0,1,0,9,10,0,0,0,0,0,1,0,0,0,0,0,0,0,0,0,1,0,0,0,0,0,0,0,0,0,0,0,0,0,1,0,0,0,0,0,0,0,0,0,0,0,0,0,0,0,0,0,0,0,0,0,0,0,0,0,0,0,0,0,0,0,0,0,1,0,0,0,0,0,0,0,0,0,0,0,0,0,0,0,0,0,0,0,0,0,0,0,0,0,2,2782,2,0,0,0,0,0,0,0,0,0,0,0,0,0,0,0,0,0,0,0,0,0,0,0,0,0,0,0,0,0,0,0,0,0,0,0,0,0,0,0,0,0,0,0,0,0,0,0,0,0,0,0,0,0,0,0,0,0,0,0,0
0b34f528cbbb780192d043b1127756ae,3.0,9,103,73,54,2,9,0,14,6,8,1,0,0,0,19,0,11,0,0,7,7,0,0,0,0,0,0,0,0,4,5,0,0,0,0,0,3,0,0,0,0,0,0,0,0,0,0,0,0,0,0,0,0,0,3,2,1,2,73,0,0,0,0,0,0,0,0,0,0,0,0,0,0,0,0,0,0,0,0,0,31,0,0,0,0,0,0,0,0,0,0,0,11,2,0,3,0,0,0,0,0,0,0,0,1,1,0,0,0,0,0,0,0,0,0,0,0,0,0,0,0,0,0,0,0,1,0,2,1,1,0,0,0,0,1,0,0,0,0,0,0,0,0,0,0,0,0,0,0,0,0,1,0,0,0,0,0,0,0,0,0,0,0,0,0,0,0,0,0,0,0,0,0,0,0,0,0,0,0,0,0,0,0,0,0,0,0,0,0,0,0,0,0,0,0,0,0,0,0,1,0,0,0,0,0,0,0,0,0,0,0,0,0,0,0,0,0,0,0,0,0,0,0,0,0,0,0,0,0,2,0,0,0,0,0,0,0,0,0,0,0,0,0,0,0,0,0,0,0,0,0,0,0,0,0,0,0,0,0,0,0,0,0,0,0,0,0,0,0,0,0,0,0,0,0,0,0,0,0,0,0,0,0,0,0,0,0,0,0
0b34ff052eac077c6464eb112e4ad0ab,8.4,6,75,1051,245,11,83,10,131,165,300,10,0,59,1,385,5,26,0,0,23,7,0,11,2,6,4,0,1,83,1,12,14,0,472,4,2,20,1,19,0,2,0,47,472,0,0,1,0,6,3,2,0,0,0,3,22,116,2,82,0,0,0,0,78,8,13,9,0,0,0,26,0,0,2,0,4,0,0,3,4,38,0,0,0,0,0,0,0,0,0,0,0,4,0,1,0,0,0,0,4,3,4,0,2,3,0,0,2,0,0,0,3,0,0,6,2,3,0,0,2,10,25,0,0,2,0,0,0,1,3,0,0,0,0,0,0,0,0,0,0,0,0,0,0,0,0,0,0,0,0,0,0,0,8,0,0,0,257,185,0,0,0,2,308,308,2,0,0,0,0,0,0,0,0,0,0,8,0,0,4,0,0,0,6,0,0,0,0,0,0,0,0,0,0,0,0,0,0,0,0,0,0,0,1,0,8,0,0,0,0,0,0,0,0,0,0,0,0,0,0,80,2,0,0,0,0,0,0,0,0,2,2,0,0,0,0,0,0,0,0,0,0,0,0,0,0,0,0,0,0,0,0,0,0,0,0,0,0,0,0,0,0,0,0,0,0,0,0,0,0,0,0,0,0,0,0,0,0,0,0,0,0,0,0,0,0,0,0,0
0b35e10917f4ba647661f7f27b24ebb0,1.8,0,10,86,3,2,2,2,1,1,3,0,0,2,0,33,0,1,0,0,3,3,0,0,0,0,0,0,0,0,2,1,1,0,0,0,0,10,0,0,0,0,0,0,0,0,0,0,0,0,0,0,0,0,0,3,2,0,0,0,0,0,0,0,0,0,0,0,0,0,0,0,0,0,0,0,0,0,0,0,0,0,0,0,0,2,0,0,0,0,0,0,0,0,0,4,0,0,0,0,0,0,0,0,1,1,0,0,1,0,0,0,1,0,0,0,0,0,0,0,0,0,0,0,0,0,0,0,0,0,0,0,0,0,0,0,0,0,0,0,0,0,0,0,0,1,0,0,0,0,0,0,0,0,1,0,0,0,0,0,0,0,0,0,0,0,0,0,0,0,0,0,0,0,0,0,0,0,0,0,0,0,0,0,0,0,0,0,0,0,0,0,0,0,0,0,0,0,0,0,0,0,0,0,0,0,0,0,0,0,0,0,0,0,0,0,0,0,0,0,0,0,0,0,0,0,0,0,0,0,0,0,0,0,0,0,0,0,0,0,0,0,0,0,0,0,0,0,0,0,0,0,0,0,0,0,0,0,0,0,0,0,0,0,0,0,0,0,0,0,0,0,0,0,0,0,0,0,0,0,0,0,0,0,0,0,0,0,0,0
0b39b5316e51263ac0d2e42b53c87b67,1.4,6,18,2268,13,7,1864,2,2,2,6,2,0,3,1,29,2,2,1,1,6,5,1,2,1,1,2,2,0,0,0,1,1,1,1,0,0,4,0,0,0,0,0,0,0,0,0,0,0,0,0,0,6,0,0,3,1,0,0,0,0,0,0,0,0,0,0,0,0,0,0,0,0,0,0,0,0,0,0,0,0,0,0,0,0,0,0,0,0,0,0,0,0,0,0,0,0,0,0,0,0,0,0,0,0,0,0,0,0,0,0,0,0,0,0,0,0,0,0,0,0,0,4,0,0,0,0,0,0,0,0,0,0,0,0,0,0,0,0,0,0,0,0,0,0,0,0,0,0,0,0,0,0,0,0,0,0,0,0,0,0,0,0,0,0,0,0,0,0,0,0,0,0,0,0,0,0,0,0,0,0,0,0,0,0,0,0,0,0,0,0,0,0,0,0,0,0,0,0,0,0,0,0,0,0,0,0,0,0,0,0,0,0,0,0,0,0,0,0,0,0,0,0,0,0,0,0,0,0,0,0,0,0,0,0,0,0,0,0,0,0,0,0,0,0,0,0,0,0,0,0,0,0,0,0,0,0,0,0,0,0,0,0,0,0,0,0,0,0,0,0,0,0,0,0,0,0,0,0,0,0,0,0,0,0,0,0,0,0,0
0b40e34dea8c34fbb75896ac4c1c42e4,2.2,2,19,73,100,7,19,96,491,2239,366,0,0,2,2,257,13,20,0,1,38,14,1,5,0,0,0,4,1,14,15,9,67,9,134,2,0,0,8,0,1,20,2,3,25,9,0,0,0,0,0,1,0,0,0,3,4,0,0,0,0,0,0,0,0,16,17,4,0,0,0,0,0,0,2,0,0,0,0,0,0,0,0,0,0,1,0,0,0,0,17,0,0,2,0,2,0,111,0,0,21,112,0,2,9,11,0,0,0,0,4,0,7,8,0,1,1,5,0,0,0,0,0,0,0,0,0,0,0,1,5,3,1,0,0,0,0,0,0,0,0,0,0,0,0,0,1,1,2,1,0,0,0,0,0,0,0,0,0,0,0,0,0,0,0,0,0,0,0,0,0,0,0,0,0,0,0,0,0,0,0,0,0,0,0,0,0,0,0,0,0,0,0,0,0,0,0,0,0,0,0,0,0,0,0,0,0,0,0,0,0,0,0,0,0,0,0,0,0,0,0,0,0,0,0,0,0,0,0,0,0,0,0,0,0,0,0,0,0,0,0,0,0,0,0,0,0,0,0,0,0,0,0,0,0,0,0,0,0,0,0,0,0,0,0,0,0,0,0,0,0,0,0,0,0,0,0,0,0,0,0,0,0,0,0,0,0,0,0,0
0b42b7bd76b2c4d1339f8e9c3b20e2bb,5.0,2,25,110,120,8,44,98,567,2257,468,1,0,3,2,479,16,27,0,2,43,20,2,9,0,0,0,4,1,137,87,12,97,9,669,2,0,2,61,30,0,27,15,3,140,9,0,4,0,2,28,1,0,0,0,9,10,3,3,126,0,0,0,0,2,17,17,3,0,0,0,0,0,0,1,0,2,2,0,0,0,0,0,0,0,12,25,0,0,0,20,0,2,4,2,3,0,111,0,0,33,112,0,4,11,13,0,0,2,0,4,0,20,8,0,1,2,37,5,0,46,0,0,0,0,0,0,0,0,3,5,6,1,0,1,0,23,22,0,0,0,0,0,0,0,0,0,0,0,1,0,0,0,0,0,0,0,0,17,17,0,0,0,0,0,0,0,0,0,0,0,0,0,9,0,0,0,0,0,0,0,0,0,0,0,0,0,0,0,0,0,0,0,0,0,0,0,0,0,0,0,0,0,0,0,0,0,0,0,0,0,0,0,0,0,0,0,0,0,0,0,0,0,0,0,0,0,0,0,0,0,0,0,129,0,0,0,0,0,0,0,0,0,0,0,0,0,0,0,0,0,0,0,0,0,0,0,0,0,0,0,0,0,0,0,0,0,0,0,0,0,0,0,0,0,0,0,0,0,0,0,0,0,0,0,0,0,0,0,0
0b46d30c2693ab0355ac5b490350f36f,5.8,2,154,1046,109,8,130,8,46,43,58,5,33870,50,0,57235,1,11,0,0,13,5,0,7,2,70,3,0,2,12512,0,6,21,0,406,3,0,8,1,9,0,2,0,52,411,0,0,1,0,69,2,2,0,0,0,3,90,305,305,12510,0,0,0,0,378,4,8,4,0,0,0,13,0,0,1,0,2,0,0,0,3,52,0,0,0,0,0,0,0,0,0,0,0,24,20,0,0,0,0,0,4,3,2,0,2,2,0,0,2,0,0,0,2,0,0,0,2,1,0,0,0,6,20,0,0,0,0,0,20,0,1,0,0,0,0,0,0,0,0,0,0,0,0,0,2,0,0,0,0,0,0,0,0,0,0,0,0,0,7,20,0,0,0,1,2,2,1,0,0,0,0,0,0,0,0,0,0,4,0,0,2,0,0,0,0,0,0,0,0,0,0,0,0,0,0,0,0,0,0,0,0,0,0,0,0,0,0,0,0,0,0,0,0,0,0,0,0,0,0,0,0,0,1,0,0,0,0,0,0,0,0,1,0,0,2,0,0,0,0,0,0,0,0,0,0,0,0,0,0,0,0,0,0,0,0,0,0,0,0,0,0,0,0,0,0,0,0,0,0,0,0,0,0,0,0,0,0,0,0,0,0,0,0,0,0,0,0,0,0,0
0b49ddd6a619da3bc14c289497ab859d,12.6,0,48,289,2059,15,2006,27,475,642,317,2,0,46,5,25991,180,797,0,1156,32,17,0,16,0,1,18,7,2,24111,1618,31,2099,0,807,12,0,0,1,13,0,8,0,4,3544,0,0,3,0,5,10,0,0,0,0,9,19,1,1,44,0,2,0,0,607,10,257,17,0,0,0,13,0,0,1,0,10,5,8,0,1,32,0,0,0,23,0,0,0,0,5,0,0,0,0,2,0,20,0,1,8,576,3,2,175,184,2,0,4,0,0,0,15,16,0,7,775,773,6,0,12,4,10,0,0,0,0,0,0,1,13,5,1,0,2,0,3,6,0,0,0,1,0,0,3,0,0,0,0,0,0,0,0,1,0,0,0,0,10,20,1,42,0,1,2,2,1,0,0,0,0,0,0,0,1,0,0,4,0,0,2,0,0,0,18,0,0,0,0,1,0,0,0,0,0,0,0,0,0,0,0,197,768,0,0,0,0,0,0,0,0,0,0,0,0,0,0,0,0,0,0,0,8,0,0,0,2,0,197,0,0,8,8,0,0,1,1,580,1,4,0,0,0,0,0,0,0,0,0,0,0,0,0,0,0,0,0,0,0,0,0,0,0,0,0,0,0,0,0,0,0,0,0,0,0,0,0,0,0,0,0,0,0,0,0,0,0,0,0,0
0b52bc21d0a11b296800fcb47a346f10,3.2,315,1025,6930,2940,308,297,120,612,2324,977,72,0,44,4,2860,148,496,0,1,291,470,1,12,0,0,0,4,1,25,556,1025,346,9,170,47,4,221,1,1,0,90,1,39,186,9,0,78,0,4,1,70,0,0,0,104,474,0,0,0,0,69,0,0,45,22,2204,8,0,0,0,0,0,0,0,0,4,4,0,1,5,1449,0,41,1,4,0,0,0,0,57,0,3,311,3,133,70,216,0,0,359,555,0,27,158,170,0,0,0,0,2,0,71,8,0,253,70,493,0,0,0,47,0,0,0,0,41,0,0,72,7,6,2,0,0,71,5,10,0,0,0,0,0,0,0,0,0,0,0,0,301,0,117,1,0,0,4,0,388,325,0,0,0,0,0,0,0,0,0,0,107,0,0,38,69,0,0,0,0,0,0,0,0,0,0,0,0,0,0,0,0,0,0,0,0,0,0,0,0,0,69,0,0,0,66,0,0,65,0,0,0,0,0,0,0,0,0,0,0,0,0,0,0,0,0,0,0,0,0,0,0,0,0,0,0,0,0,0,0,0,0,0,0,0,0,0,0,0,0,0,0,0,0,0,0,0,0,0,0,0,0,0,0,0,0,0,0,0,0,0,0,0,0,0,0,0,0,0,0,0,0,0,0,0,0,0,0,0,0,0
0b55d30977381fc3ce7aa933bc72e24a,1.4,0,20,417,14,5,6,2,7,3,8,3,1,3,1,29,2,2,1,1,6,5,1,2,1,1,2,2,0,0,0,1,1,1,1,0,0,4,0,0,0,0,0,0,0,0,0,0,0,0,0,0,6,0,0,3,1,0,0,0,0,0,0,0,0,0,0,0,0,0,0,0,0,0,0,0,0,0,0,0,0,0,0,0,0,0,0,0,0,0,0,0,0,0,0,0,0,0,0,0,0,0,0,0,0,0,0,0,0,0,0,0,0,0,0,0,0,0,0,0,0,0,4,0,0,0,0,0,0,0,0,0,0,0,0,0,0,0,0,0,0,0,0,0,0,0,0,0,0,0,0,0,0,0,0,0,0,0,0,0,0,0,0,0,0,0,0,0,0,0,0,0,0,0,0,0,0,0,0,0,0,0,0,0,0,0,0,0,0,0,0,0,0,0,0,0,0,0,0,0,0,0,0,0,0,0,0,0,0,0,0,0,0,0,0,0,0,0,0,0,0,0,0,0,0,0,0,0,0,0,0,0,0,0,0,0,0,0,0,0,0,0,0,0,0,0,0,0,0,0,0,0,0,0,0,0,0,0,0,0,0,0,0,0,0,0,0,0,0,0,0,0,0,0,0,0,0,0,0,0,0,0,0,0,0,0,0,0,0,0
0b065f9063897e4ee70ad5931d5c4dd0,1.4,8,18,413,16,5,4,2,7,3,8,3,1,3,1,29,2,2,1,1,6,5,1,2,1,1,2,2,0,0,0,1,3,1,1,0,0,4,0,0,0,0,0,0,0,0,0,0,0,0,0,0,6,0,0,3,1,0,0,0,0,0,0,0,0,0,0,0,0,0,0,0,0,0,0,0,0,0,0,0,0,0,0,0,0,0,0,0,0,0,0,0,0,0,0,0,0,0,0,0,0,0,0,0,0,0,0,0,0,0,0,0,0,0,0,0,0,0,0,0,0,0,4,0,0,0,0,0,0,0,0,0,0,0,0,0,0,0,0,0,0,0,0,0,0,0,0,0,0,0,0,0,0,0,0,0,0,0,0,0,0,0,0,0,0,0,0,0,0,0,0,0,0,0,0,0,0,0,0,0,0,0,0,0,0,0,0,0,0,0,0,0,0,0,0,0,0,0,0,0,0,0,0,0,0,0,0,0,0,0,0,0,0,0,0,0,0,0,0,0,0,0,0,0,0,0,0,0,0,0,0,0,0,0,0,0,0,0,0,0,0,0,0,0,0,0,0,0,0,0,0,0,0,0,0,0,0,0,0,0,0,0,0,0,0,0,0,0,0,0,0,0,0,0,0,0,0,0,0,0,0,0,0,0,0,0,0,0,0,0
0b68e428c829cfacf70ec74b1c75f120,3.2,309,1031,6848,2942,310,293,131,663,2332,1025,70,0,44,4,3103,181,575,0,1,295,527,1,35,0,0,0,4,1,52,566,1037,343,9,164,49,4,205,1,7,0,94,1,42,176,9,0,75,0,4,7,69,0,0,0,104,513,0,0,0,0,68,0,0,133,38,2277,12,0,0,0,0,0,0,0,0,100,70,0,5,307,1666,85,60,73,8,0,1,1,4,78,2,48,350,48,134,145,218,0,0,359,570,1,7,162,198,0,0,0,0,0,0,72,8,0,241,69,474,3,0,0,51,0,0,0,0,41,0,0,70,7,6,2,0,0,69,5,10,0,0,0,0,0,0,0,0,0,0,0,0,356,0,117,1,0,0,4,0,390,325,0,0,0,0,0,0,0,0,0,0,107,0,0,39,68,0,0,0,0,0,0,0,0,0,0,0,0,0,0,0,0,0,0,0,0,0,0,0,0,0,68,0,0,0,66,0,0,65,0,0,0,0,0,0,0,0,0,0,0,0,0,0,0,0,0,0,0,0,0,0,0,0,0,0,0,0,0,0,0,0,0,0,0,0,0,0,0,0,0,0,0,0,0,0,0,0,0,0,0,0,0,0,0,0,0,0,0,0,0,0,0,0,0,0,0,0,0,0,0,0,0,0,0,0,0,0,0,0,0,0
0b69eeab38b6a00ae262cc3b52cbedbb,1.6,0,23,2565,16,5,2132,5,25,68,22,2,1,3,3,36,2,2,1,2,9,6,1,2,1,1,1,2,1,2,2,1,3,1,1,0,0,3,0,0,0,0,0,0,0,0,0,0,0,0,0,0,0,0,0,3,1,0,0,0,0,0,0,0,0,0,0,0,0,0,0,0,0,0,0,0,0,0,0,0,0,0,0,0,0,0,0,0,0,0,0,0,0,0,0,0,0,0,0,0,0,0,0,0,0,0,0,0,0,0,0,0,0,0,0,0,0,0,0,0,0,0,0,0,0,0,0,0,0,0,0,0,0,0,0,0,0,0,0,0,0,0,0,0,0,0,0,0,0,0,0,0,0,0,0,0,0,0,0,0,0,0,0,0,0,0,0,0,0,0,0,0,0,0,0,0,0,0,0,0,0,0,0,0,0,0,0,0,0,0,0,0,0,0,0,0,0,0,0,0,0,0,0,0,0,0,0,0,0,0,0,0,0,0,0,0,0,0,0,0,0,0,0,0,0,0,0,0,0,0,0,0,0,0,0,0,0,0,0,0,0,0,0,0,0,0,0,0,0,0,0,0,0,0,0,0,0,0,0,0,0,0,0,0,0,0,0,0,0,0,0,0,0,0,0,0,0,0,0,0,0,0,0,0,0,0,0,0,0,0
0b73f3b5e9cd941b0375598fa4d793c4,5.4,0,37,613,111,0,256,3340,5,9,775,4,0,100,0,13079,0,94,2,0,468,516,0,6,1,3,121,0,0,0,0,0,4536,6456,6456,0,0,23,0,0,0,1,0,0,0,0,0,0,0,33,0,0,0,0,0,0,3,0,0,0,0,0,0,0,179,0,15562,0,0,0,57,0,15,15,0,15,0,819,0,0,0,0,0,0,0,0,0,1,2,0,0,14,0,0,0,0,0,0,0,0,2,16806,0,25,2,2,0,2,1,0,11,0,0,0,0,0,0,0,17,0,0,0,0,0,0,0,0,0,0,0,1,0,0,0,0,0,0,0,0,0,0,0,0,0,0,0,0,0,0,0,0,1,0,0,0,0,0,0,0,0,0,0,0,0,0,0,0,0,0,0,0,0,0,1,0,0,0,0,30,43,0,0,0,0,0,672,0,1285,0,0,0,0,0,0,45,0,0,0,0,0,0,1,0,0,1,438,0,0,0,45,0,1,0,0,0,0,0,0,43,0,0,0,0,0,0,0,0,0,0,0,0,0,0,0,2,0,0,0,0,0,46,15,43,28,0,0,0,0,0,0,0,0,0,0,0,0,0,0,0,0,0,0,0,0,0,0,0,0,0,0,0,0,0,0,0,0,0,0,0,0,0,0,0,0,0,0,0,0,0,0
0b82b19db7b82e2d157322cc34542b9e,1.6,0,0,0,0,0,0,0,0,0,0,0,0,0,0,0,0,0,0,0,0,0,0,0,0,0,0,0,0,0,0,0,0,0,0,0,0,0,0,0,0,0,0,0,0,0,0,125,0,0,0,0,0,0,0,0,0,0,0,0,0,0,0,0,0,0,0,0,0,0,0,0,0,0,0,0,0,0,0,0,0,0,0,0,0,0,0,0,0,0,0,0,0,0,0,0,0,0,0,0,0,0,0,0,0,0,0,0,0,0,0,0,0,0,0,0,0,0,0,0,0,1,0,0,0,0,0,0,0,0,0,0,0,0,0,0,0,0,0,0,0,0,0,0,0,0,0,0,0,0,0,0,0,0,0,0,0,0,0,0,0,0,0,0,0,0,0,0,0,0,0,0,0,0,0,0,0,0,0,0,0,0,0,0,0,0,0,0,0,0,0,0,0,0,0,0,0,0,0,0,0,0,0,0,0,0,0,0,0,0,0,0,0,0,0,0,0,0,0,0,0,0,0,0,0,0,0,0,0,0,0,0,0,0,0,0,0,0,0,0,0,0,0,0,0,0,0,0,0,0,0,0,0,0,0,0,0,0,0,0,0,0,0,0,0,0,0,0,0,0,0,0,0,0,0,0,0,0,0,0,0,0,0,0,0,0,0,0,0,0
0b84c94f0f95325bd246f3862841a1a0,9.8,4,86,357,70,3,128,1,49,44,58,1,0,46,1,74,5,2,1,0,22,10,0,5,0,1,0,0,0,1,1,8,16,0,5,1,0,0,0,10,3,3,0,0,0,0,0,1,0,1,2,2,5,1,1,1,12,3,0,113,0,0,1,1,29,3,10,6,0,0,0,14,0,0,28,0,2,0,1,0,0,24,0,1,1,0,0,0,0,0,2,0,13,3,0,0,4,0,0,1,1,0,2,0,1,1,1,0,0,0,0,0,1,0,0,1,3,2,0,0,0,4,10,0,0,2,0,0,0,0,1,0,0,0,0,0,0,0,0,0,0,1,0,0,0,0,1,1,27,0,0,0,0,0,1,0,0,0,7,19,0,0,0,1,2,2,1,0,0,0,0,2,0,0,0,1,0,4,0,0,2,0,0,0,3,0,3,0,0,0,0,0,0,0,0,0,0,0,0,0,0,1,0,1,0,0,0,0,0,0,0,0,0,0,1,0,0,0,0,0,0,0,1,0,0,0,0,0,0,0,0,1,1,0,0,0,0,0,0,0,0,0,0,0,1,1,0,0,0,0,0,0,0,0,0,0,0,0,0,0,0,0,0,0,0,0,0,0,0,0,0,0,0,0,0,0,0,0,0,0,0,0,0,0,0,0,0,0,0,0
0b88c1b4f810d893fe99b710c3f4fb5c,9.2,12,46,393,431,19,199,6,12,4,23,3,0,8,0,150,2,56,0,0,15,24,0,1,0,1,0,0,0,9,31,25,15,0,3,4,0,17,1,0,0,0,0,0,3,0,0,4,0,0,0,1,272,1,1,5,8,0,0,0,74,0,0,0,69,3,3,14,0,0,0,0,0,0,0,0,59,44,0,0,233,1956,159,22,33,0,0,0,0,0,3,0,2,15,2,0,20,0,0,0,14,12,2,2,2,4,1,0,0,0,0,0,0,0,0,5,0,9,0,0,0,3,0,0,0,0,1,0,1,3,2,0,0,0,0,4,0,0,0,0,0,0,0,0,0,0,0,0,0,0,1,0,3,0,0,0,0,0,5,5,0,0,0,0,0,0,0,0,0,0,0,0,0,0,0,0,0,0,0,0,0,0,0,0,0,0,1,0,0,0,0,0,0,0,0,0,0,0,0,0,3,0,0,6,0,0,5,0,0,0,0,0,0,1,0,1,0,0,0,0,0,0,0,0,0,0,0,0,0,0,0,0,0,0,0,0,0,0,0,0,0,0,0,0,0,0,0,0,0,0,0,0,0,0,0,0,0,0,0,0,0,0,0,0,0,0,0,0,0,0,0,0,0,0,0,0,0,0,0,0,0,0,0,0,0,0,0,0,0,0
0b93cf1d7f39c6225469c4c8b782b3d1,4.6,0,3082,311577,16,5,27,0,0,0,6,0,1,10,1,28,2,12,0,2,3,3,0,2,0,0,1,0,0,2,3,0,5,0,0,1,1,7,1,0,0,0,3,1,0,0,0,1,0,0,0,1,0,0,0,3,1,0,0,0,0,0,0,0,0,0,0,0,0,0,0,0,0,0,0,0,0,0,0,0,0,0,0,0,0,0,0,0,0,0,0,0,0,0,0,0,0,0,0,0,0,0,0,0,2,3,0,0,0,0,0,0,1,0,0,0,0,0,0,0,0,0,0,2,0,0,0,0,0,0,0,0,0,0,0,0,0,0,0,0,0,0,0,0,0,0,0,0,0,0,0,0,0,0,5,0,0,0,0,0,0,0,0,0,0,0,0,0,0,0,0,0,0,0,0,0,0,0,0,0,0,0,0,0,0,0,0,0,0,0,0,0,0,0,0,0,0,0,0,0,0,2,0,0,0,0,0,0,0,0,0,0,0,0,0,1,0,0,0,0,0,0,0,0,0,0,0,0,0,4,0,0,0,0,0,1,0,0,0,0,0,0,0,1,0,0,0,0,0,0,0,0,0,0,0,0,0,0,0,0,0,0,0,0,0,0,0,0,0,0,0,0,0,0,0,0,0,0,0,0,0,0,0,0,0,0,0,0,0,0
c8f3d9459303d137b33bf2786ccd37ee,10,0,42,229,36,111,14,4,250,136,295,0,0,63,1,194,11,9,0,0,59,12,0,7,0,1,0,0,0,0,1,6,10,0,40,9,1,0,0,11,0,1,0,0,0,0,0,0,1,4,6,0,0,0,0,3,17,0,0,0,0,1,0,0,0,4,10,7,0,1,0,19,1,1,2,0,6,0,8,0,0,0,0,0,0,2,0,0,0,0,3,0,0,0,0,0,0,0,0,1,0,0,2,1,9,9,0,0,0,0,0,0,0,0,0,2,7,47,0,0,12,0,10,0,0,0,0,0,0,0,2,0,0,0,0,0,42,71,1,0,0,0,0,0,0,1,0,0,0,0,0,0,0,0,0,0,0,0,6,13,0,0,0,0,2,2,2,0,0,1,0,16,0,0,1,2,0,7,1,7,2,0,0,0,2,47,2,42,1,1,1,1,1,1,0,0,0,0,1,0,0,1,0,0,0,0,0,0,0,0,0,0,0,0,0,0,0,0,0,0,0,0,0,0,0,0,0,0,0,0,0,0,0,0,0,0,0,0,0,0,0,0,0,0,0,0,0,0,0,0,0,0,0,0,0,0,0,0,0,0,0,0,0,0,0,0,0,0,0,0,0,0,0,0,0,0,0,0,0,0,0,0,0,0,0,0,0,0,0,0
0b370c2c9b2f33c325567ade069fdb5c,3.4,0,34,258,17,5,3,33,43055,42,52,1,0,48,0,44,0,2,0,0,8,2,0,5,0,0,0,0,0,0,0,4,1,0,0,2,1,0,0,9,0,0,0,0,0,0,0,0,0,1,2,1,0,0,0,0,7,1,1,39,0,0,0,0,33,2,5,4,0,0,0,13,0,0,1,0,2,0,0,0,0,0,0,32,0,0,0,0,0,0,0,0,0,0,0,0,0,0,0,0,0,0,2,0,1,1,0,0,0,0,0,0,1,0,0,0,0,0,0,0,0,0,10,0,0,0,0,0,0,0,1,0,0,0,0,0,0,0,0,0,0,0,0,0,1,0,0,0,0,0,0,0,0,0,1,0,0,0,7,19,0,0,0,1,2,2,1,0,0,0,0,0,0,0,0,0,0,4,0,0,2,0,5,0,0,0,0,0,0,0,0,0,0,0,0,0,0,0,0,0,0,0,0,0,0,0,0,0,0,0,0,0,0,0,0,0,0,0,0,0,0,0,0,0,0,0,0,0,0,0,0,0,0,0,0,0,0,0,0,0,0,0,0,0,0,0,0,0,0,0,0,0,0,0,0,0,0,0,0,0,0,0,0,0,0,0,0,0,0,0,0,0,0,0,0,0,0,0,0,0,0,0,0,0,0,0,0,0,0,0
0b424dba37f8ddca921bba48553c45a4,1.2,0,0,0,0,0,0,0,0,0,1,0,0,0,0,0,0,0,0,0,0,0,0,0,0,0,0,0,0,0,0,0,0,0,0,0,0,0,0,0,0,0,0,0,0,0,0,0,0,0,0,0,0,0,0,1,0,0,0,0,0,0,0,0,0,0,0,0,0,0,0,0,0,0,0,0,0,0,0,0,0,0,0,0,0,0,0,0,0,0,0,0,0,0,0,0,0,0,0,0,0,0,0,0,0,0,0,0,0,0,0,0,0,0,0,0,0,0,0,0,0,2,0,0,0,0,0,0,0,0,0,0,0,0,0,0,0,0,0,0,0,0,0,0,0,0,0,0,0,0,0,0,0,0,0,0,0,0,0,0,0,0,0,0,0,0,0,0,0,0,0,0,0,0,0,0,0,0,0,0,0,0,0,0,0,0,0,0,0,0,0,0,0,0,0,0,0,0,0,0,0,0,0,0,0,0,0,0,0,0,0,0,0,0,0,0,0,0,0,0,0,0,0,0,0,0,0,0,0,0,0,0,0,0,0,0,0,0,0,0,0,0,0,0,0,0,0,0,0,0,0,0,0,0,0,0,0,0,0,0,0,0,0,0,0,0,0,0,0,0,0,0,0,0,0,0,0,0,0,0,0,0,0,0,0,0,0,0,0,0
6f1cc4ecf8dc7edb512cff16cbd7cb9e,4.4,16,119,1149,259,8,399,37,294,403,234,183,3,3,13,402,456,23,5,2,55,396,0,20,1,13,4,3,2,36,22,110,44,0,30,25,6,34,1,5,17,4,2,3,4,0,0,3,0,23,3,1,0,0,0,3,18,0,0,0,0,2,8,4,1070,16,38,36,0,0,8,34,0,0,3,0,60,119,0,0,219,27,0,0,0,3,0,1,1,0,4,12,0,25,17,5,5,0,0,0,10,0,4,0,22,465,3,0,4,2,12,0,18,8,0,8,14,1,2,0,62,0,10,0,0,0,0,0,33,0,4,10,0,0,1,0,12,8,0,0,0,1,0,2,1,0,4,17,0,1,512,0,0,2,0,0,0,0,1,1,0,0,0,0,0,0,0,0,0,0,0,0,0,2,0,0,0,4,0,0,8,0,0,0,0,0,3,0,0,0,0,0,0,0,2,0,0,0,0,0,0,0,0,0,2,0,0,0,12,8,4,0,0,0,0,0,0,0,0,0,0,0,0,0,0,0,0,0,0,0,1,0,0,0,0,1,0,0,0,0,0,0,0,0,0,0,0,0,0,0,0,0,0,0,0,0,0,0,0,0,0,0,0,0,0,0,0,0,0,0,0,0,0,0,0,0,0,0,0,0,0,0,0,0,0,0,0,0,0,0
0b619b5e89f2d912623ebf3bcc703f92,1.4,119,131,552,385,12,47,267,1242,4636,973,5,0,11,10,692,39,150,3,3,157,172,4,20,2,4,1,18,2,34,42,100,143,19,82,8,4,10,2,105,0,49,0,1,3,18,0,2,0,7,14,1,0,0,0,3,45,0,0,0,0,1,0,0,1,34,23,21,0,0,0,0,0,0,2,0,16,15,0,1,3,399,10,24,0,245,0,0,0,1,37,0,113,169,50,5,179,222,1,0,61,216,0,4,36,45,0,0,2,54,0,0,10,16,0,0,21,20,0,0,0,0,0,0,0,5,5,0,2,3,22,13,2,0,1,1,6,12,0,0,0,1,0,0,0,0,0,0,0,0,0,0,0,4,0,0,0,6,0,0,0,0,0,0,0,0,0,0,0,2,0,0,0,1,0,0,0,0,0,0,0,0,0,0,0,0,0,0,0,0,0,0,0,0,0,0,0,0,0,0,0,0,0,0,1,0,0,0,0,0,0,0,0,0,0,0,0,0,0,0,0,45,0,0,0,0,0,0,0,0,0,0,0,0,0,0,0,0,0,0,0,0,0,0,0,0,1,1,4,0,0,0,0,0,0,0,0,0,0,0,0,0,0,0,0,0,0,0,0,0,0,0,0,0,0,0,0,0,0,0,0,0,0,0,0,0,0,0,0,0
0b647af1000e44b5e7df9f12965ef075,6.8,24,137,5431,149,31,4523,75,405,883,349,5,0,15,3,821,20,4,0,1,78,215,0,19,3,1,6,6,1,48,14,24,32,1,47,20,0,34,5,34,1,8,0,0,1,0,0,4,0,2,12,0,2,0,0,4,13,280,278,12823,0,0,0,0,928,39,4,33,2,0,0,3,0,0,6,0,490,339,0,15,72,375,36,8,7,246,1,4,4,6,35,15,114,137,105,13,100,8,2,0,19,9,1,15,18,32,2,2,5,1,6,5,13,8,2,1,3,50,1,0,0,2,0,0,0,0,0,0,0,1,8,1,0,0,1,0,0,0,0,0,0,0,0,0,0,0,0,2,0,0,0,0,93,10,0,1,1,0,34,34,2,50,6,0,0,0,0,0,0,0,0,0,0,0,0,0,0,0,0,0,0,0,0,0,0,0,0,0,0,0,0,0,0,0,0,0,0,0,0,0,0,0,0,0,0,0,0,0,0,0,0,0,0,0,0,0,0,0,0,0,0,0,0,0,0,0,0,0,0,0,0,0,0,0,0,0,0,0,0,0,0,0,0,0,0,0,0,0,0,0,0,0,0,0,0,0,0,0,0,0,0,0,0,0,0,0,0,0,0,0,0,0,0,0,0,0,0,0,0,0,0,0,0,0,0,0,0,0,0,0
0b654afd0fc21a73402764559ea37216,4.2,0,18,381,16,2,238,0,8,1,5,0,0,0,0,47,4,0,0,0,5,5,0,1,0,0,3,0,0,0,8,10,4,0,0,0,0,0,12,0,0,0,1,0,0,0,0,2,0,0,0,0,6,0,0,3,1,0,0,0,3,0,0,0,2,0,8,0,0,0,0,0,0,0,0,0,0,0,0,0,0,0,0,0,0,0,0,0,0,0,0,0,0,0,0,0,0,0,0,0,0,0,0,0,3,3,0,0,0,0,0,0,2,0,0,0,1,0,0,0,0,0,0,0,0,0,0,0,0,0,0,0,0,0,0,0,0,0,0,0,0,0,0,0,2,0,0,0,0,0,0,0,0,0,0,0,0,0,0,0,0,0,0,0,0,0,0,0,0,0,0,0,0,0,0,0,0,0,0,0,0,0,0,0,0,0,0,0,0,0,0,0,0,0,0,0,0,0,0,0,0,0,1,0,0,0,0,0,0,0,0,0,0,0,0,0,0,0,0,0,0,0,0,0,0,0,0,0,0,0,0,0,0,0,0,0,0,0,0,0,0,0,0,0,0,0,0,0,0,0,0,0,0,0,0,0,0,0,0,0,0,0,0,0,0,0,0,0,0,0,0,0,0,0,0,0,0,0,0,0,0,0,0,0,0,0,0,0,0,0
0b710ef11df30e253950c36bb72694a0,10.0,1,113,6487,92,20,4302,55,288,245,414,10,4,12,7,8730,3,33,5,5,177,324,4,60,5,11,26,9,6,182,3686,3685,3705,9,7404,199,10,339,1,177,1,1230,5,2455,5475,4,3,3,0,34,165,1,396,0,0,2,13,5,5,212,11,2,2,3,382,13,2470,11,0,0,0,0,0,0,4,0,352,296,1,2,1296,527,399,75,0,34,1,3,3,1,10,10,45,45,45,2,56,0,2,0,1228,1234,1,1,3,3,24,159,2,1,8,5,6,8,0,13476,1225,26951,0,0,0,0,5464,1,0,0,0,0,0,0,0,0,3,0,0,0,0,0,0,0,0,0,0,0,0,0,0,0,0,0,0,0,0,0,0,0,0,0,0,0,0,0,0,0,0,0,0,0,0,1,0,0,0,0,0,0,0,0,0,0,0,0,0,0,0,0,0,0,0,0,0,0,0,0,0,0,0,0,0,0,0,0,0,0,1,0,0,0,0,0,0,0,0,0,0,0,0,0,0,0,0,0,0,0,1,1,2450,0,0,0,0,0,0,0,0,0,0,0,0,0,0,0,0,0,0,0,0,0,0,0,0,0,0,0,0,0,0,0,0,0,0,0,0,0,0,0,0,0,0,0,0,0,0,0,0,0,0,0,0,0,0,0,0,0,0,0,0,0,0,0
0b737e01979565e3874b1bbc2f10e812,4.2,0,18,381,20,2,238,0,8,1,5,0,0,0,0,49,4,0,0,0,5,5,0,1,0,0,3,0,0,0,8,10,4,0,0,0,0,0,12,0,0,0,1,0,0,0,0,2,0,0,0,0,10,0,0,3,1,0,0,0,5,0,0,0,2,0,8,0,0,0,0,0,0,0,0,0,0,0,0,0,0,0,0,0,0,0,0,0,0,0,0,0,0,0,0,0,0,0,0,0,0,0,0,0,3,3,0,0,0,0,0,0,2,0,0,0,1,0,0,0,0,0,0,0,0,0,0,0,0,0,0,0,0,0,0,0,0,0,0,0,0,0,0,0,2,0,0,0,0,0,0,0,0,0,0,0,0,0,0,0,0,0,0,0,0,0,0,0,0,0,0,0,0,0,0,0,0,0,0,0,0,0,0,0,0,0,0,0,0,0,0,0,0,0,0,0,0,0,0,0,0,0,1,0,0,0,0,0,0,0,0,0,0,0,0,0,0,0,0,0,0,0,0,0,0,0,0,0,0,0,0,0,0,0,0,0,0,0,0,0,0,0,0,0,0,0,0,0,0,0,0,0,0,0,0,0,0,0,0,0,0,0,0,0,0,0,0,0,0,0,0,0,0,0,0,0,0,0,0,0,0,0,0,0,0,0,0,0,0,0
0b997d7878ec4527942c92bf5f352283,1.4,0,32,365,17,2,32,2,5,4,7,0,0,2,1,43,0,6,0,1,9,7,1,1,0,0,0,0,1,1,2,0,3,0,3,5,0,7,0,0,0,0,0,0,0,0,0,0,0,0,0,0,0,0,0,3,1,0,0,0,0,0,0,0,0,0,0,0,0,0,0,0,0,0,0,0,0,0,0,0,0,19,0,0,0,1,0,0,0,0,0,0,0,0,0,0,0,0,0,0,0,0,0,0,1,1,0,0,2,0,0,0,6,0,0,0,0,1,0,0,0,0,0,0,0,0,0,0,0,0,0,0,0,0,0,0,0,0,0,0,0,0,0,0,0,0,0,0,0,0,0,0,0,0,0,0,0,0,0,0,0,0,0,0,0,0,0,0,0,0,0,0,0,0,0,0,0,0,0,0,0,0,0,0,0,0,1,0,0,0,0,0,0,0,0,0,0,0,0,0,0,0,0,0,0,0,0,0,0,0,0,0,0,0,0,0,0,0,0,0,0,0,0,0,0,0,0,0,0,0,0,0,0,0,0,0,0,0,0,0,0,0,0,0,0,0,0,0,0,0,0,0,0,0,0,0,0,0,0,0,0,0,0,0,0,0,0,0,0,0,0,0,0,0,0,0,0,0,0,0,0,0,0,0,0,0,0,0,0,0
6f6d555dc1b403889ac83d2f10538589,6.0,0,117,729,489,347,321,37,419,619,586,192,3,172,12,574,43,91,5,285,164,134,6,16,1,7,18,3,3,44,57,134,76,0,30,23,4,40,1,5,1,3,2,4,3,0,0,3,0,9,28,1,0,0,0,9,38,0,0,0,0,2,0,0,2166,12,45,6,12,0,8,17,0,0,4,0,13,33,0,0,186,0,372,0,93,234,0,5,5,0,3,53,0,14,18,6,0,0,0,0,14,3,0,16,48,48,2,0,4,0,0,0,24,8,0,8,15,1,1,0,50,1,200,0,0,0,0,0,35,2,0,13,0,0,1,0,19,29,0,0,0,2,0,2,1,2,0,0,0,2,0,0,0,2,0,0,0,93,1,1,0,0,0,0,0,0,0,0,0,0,0,0,0,1,0,0,0,8,0,0,0,0,0,0,0,168,3,0,0,0,0,0,0,0,0,0,0,0,0,0,0,0,0,0,2,164,0,1,11,62,0,0,0,0,0,0,0,0,0,0,0,433881,0,0,0,0,0,0,0,0,0,0,0,3,0,15,0,0,0,0,0,0,0,0,0,0,0,0,0,0,0,0,0,0,0,0,0,0,0,0,0,0,0,0,0,0,0,0,0,0,0,0,0,0,0,0,0,0,0,0,0,0,0,0,0,0,0,0,0,0
0b1128fa2d572d8e9696aad97c5d5062,4.4,0,0,0,1,0,0,0,0,0,0,0,0,0,0,0,1,0,0,0,0,0,0,0,0,0,0,0,0,0,0,0,0,0,0,0,0,1,0,0,0,0,0,0,0,0,0,1,0,0,0,0,1,0,0,0,0,0,0,0,0,0,0,0,0,0,0,0,0,0,0,0,0,0,0,0,0,0,0,0,0,0,0,0,0,0,0,0,0,0,0,0,0,2,0,0,0,0,0,0,0,0,0,0,0,0,0,0,0,0,0,0,0,0,0,0,0,0,0,0,0,0,0,0,0,0,0,0,2,0,0,0,0,0,0,0,0,0,0,0,0,0,0,0,0,0,0,0,0,0,0,1,0,0,0,0,0,0,0,0,0,0,0,0,0,0,0,0,0,0,0,0,0,0,0,0,0,0,0,0,0,0,0,0,0,0,0,0,0,0,0,0,0,0,0,0,0,0,0,0,0,0,0,0,0,0,0,0,0,0,0,0,0,0,0,0,0,0,0,0,0,0,0,0,0,0,0,0,0,0,0,0,0,0,0,0,0,0,0,0,0,0,0,0,0,0,0,0,0,0,0,0,0,0,0,0,0,0,0,0,0,0,0,0,0,0,0,0,0,0,0,0,0,0,0,0,0,0,0,0,0,0,0,0,0,0,0,0,0,0
0b1189de6b36eb9b1b9748b1ee70c620,1.6,0,18,22,28,2,5,2,3,2,4,2,0,2,0,22,0,19,0,1,5,4,1,1,0,0,0,0,0,0,2,1,0,0,0,0,0,1,0,0,0,1,0,0,0,0,0,0,0,0,0,0,0,0,0,0,0,1,1,11,0,0,0,0,2,0,0,0,0,0,0,0,0,0,0,0,0,0,0,0,0,0,0,0,0,0,0,0,0,0,0,0,0,1,1,0,0,0,0,0,15,12961,0,0,0,0,0,0,1,0,0,0,0,0,0,0,0,0,0,0,0,0,0,0,0,0,0,0,1,0,0,0,0,0,0,0,0,0,0,0,0,0,0,0,0,0,0,0,0,0,0,0,0,0,0,0,0,0,0,0,0,0,0,0,0,0,0,0,0,0,0,0,0,0,0,0,0,0,0,0,0,0,0,0,0,0,0,0,0,0,0,0,0,0,0,0,0,0,0,0,0,0,0,0,0,0,0,0,0,0,0,0,0,0,0,0,0,0,0,0,0,0,0,0,0,0,0,0,0,0,0,0,0,0,0,0,0,0,0,0,0,0,0,0,0,0,0,0,0,0,0,0,0,0,0,0,0,0,0,0,0,0,0,0,0,0,0,0,0,0,0,0,0,0,0,0,0,0,0,0,0,0,0,0,0,0,0,0,0,0
0b2772ce4d5d106b06876df2b4389b7b,3.4,0,5,235,10,38,21,2,1,1,38,1,0,3,0,14,0,4,2,0,0,0,0,1,0,0,0,0,0,0,0,0,19,0,79,0,0,4,0,0,0,2,0,0,0,0,0,0,0,0,0,0,0,0,0,0,0,1,1,41,0,0,0,0,1,0,1,0,0,0,0,0,0,0,0,0,0,0,0,0,0,0,0,0,0,0,0,0,0,0,0,0,0,0,0,0,0,0,0,0,2,0,0,0,0,0,0,2,0,0,0,0,0,0,0,2,0,81,0,0,0,0,0,0,0,0,0,0,0,0,0,0,0,0,0,0,0,0,0,0,0,0,0,0,2,0,0,0,0,0,0,0,0,0,0,0,0,0,0,0,0,0,0,0,0,0,0,0,0,0,0,0,0,0,0,0,0,0,0,0,0,0,0,0,0,0,0,0,0,0,0,0,0,0,0,0,0,0,0,0,0,0,0,0,0,0,0,0,0,0,0,0,0,0,0,0,0,0,0,0,0,0,0,0,0,0,0,0,0,0,0,0,0,0,1,0,0,0,0,0,0,0,0,0,0,0,0,0,0,0,0,0,0,0,0,0,0,0,0,0,0,0,0,0,0,0,0,0,0,0,0,0,0,0,0,0,0,0,0,0,0,0,0,0,0,0,0,0,0,0
0b4512f26559e88694668b4be0f21d8c,6.4,13,102,5227,68,27,4417,276,638,1151,553,1,0,14,0,747,20,31,0,0,44,517,0,11,2,0,9,3,0,41,10,10,5553,29,74,0,0,29,1,1,1,5,0,0,1,32,0,3,0,0,0,0,2,0,0,3,8,163,161,7420,0,0,0,1,556,128,4,9,2,0,0,0,0,0,2,0,332,225,0,6,259,113,64,11,1,189,0,0,0,4,128,2,0,13,0,11,30,24,0,0,6,95,0,12,12,26,2,1,4,0,1,0,7,0,0,0,2,48,0,0,0,0,0,0,0,0,0,0,0,1,8,7,0,0,1,0,0,0,0,0,0,0,0,0,0,0,0,2,0,0,0,0,93,10,0,1,1,0,36,36,2,28,6,0,0,0,0,0,0,0,0,0,0,0,0,0,0,0,0,0,0,0,0,0,0,0,0,0,0,0,0,0,0,0,0,0,0,0,0,0,0,0,0,0,0,0,0,0,0,0,0,0,0,0,0,0,0,0,0,0,0,0,0,0,0,0,0,0,0,0,0,0,0,0,0,0,0,0,0,0,0,0,0,0,0,0,0,0,0,0,0,0,0,0,0,0,0,0,0,0,0,0,0,0,0,0,0,0,0,0,0,0,0,0,0,0,0,0,0,0,0,0,0,0,0,0,0,0,0,0
0b5640e1e927cfea6789bb7ef0dfcb30,9.8,0,96,6395,249,20,4284,33,283,240,448,8,4,12,4,7888,3,269,5,4,143,233,4,49,4,10,26,6,5,236,3257,3256,3276,9,6552,284,10,338,1,214,1,1087,5,2169,3957,4,3,2,0,34,211,1,391,0,0,2,10,7,7,295,10,2,2,3,351,7,2184,0,0,0,0,0,0,0,0,0,155,155,1,1,1275,532,425,82,0,0,0,1,1,0,6,0,45,45,45,0,66,0,0,0,1083,1091,1,0,1,1,25,169,1,0,0,0,0,0,0,11906,1082,23814,0,0,0,0,4063,1,0,0,0,0,0,0,0,0,3,0,0,0,0,0,0,0,0,0,0,0,0,0,0,0,0,0,0,0,0,0,0,0,0,0,0,0,0,0,0,0,0,0,0,0,0,1,0,0,0,0,0,0,0,0,0,0,0,0,0,0,0,0,0,0,0,0,0,0,0,0,0,0,0,0,0,0,0,0,0,0,1,0,0,0,0,0,0,0,0,0,0,0,0,0,0,0,0,0,0,0,1,1,2164,0,0,0,0,0,0,0,0,0,0,0,0,0,0,0,0,0,0,0,0,0,0,0,0,0,0,0,0,0,0,0,0,0,0,0,0,0,0,0,0,0,0,0,0,0,0,0,0,0,0,0,0,0,0,0,0,0,0,0,0,0,0,0
0b6812de6a6f9209f56ad67a45647d80,1.4,16,13,122,18,2,7,2,6,4,4,1,1,0,1,27,2,2,0,0,5,4,0,0,0,0,0,0,0,0,0,0,3,0,1,0,0,0,1,0,1,0,0,0,1,0,0,0,0,0,0,0,0,0,0,3,1,0,0,0,0,0,0,0,0,1,0,1,0,0,0,0,0,0,0,0,0,0,0,0,0,6,0,0,0,2,0,0,0,0,1,0,0,6,0,0,2,0,0,0,0,0,0,0,0,1,1,0,1,0,0,0,0,0,0,0,1,0,0,0,0,0,0,0,0,0,0,0,0,0,0,0,0,0,0,0,0,0,0,0,0,1,0,0,0,0,0,0,0,0,0,0,0,1,0,0,0,0,0,0,0,0,0,0,0,0,0,0,0,0,0,0,0,0,0,0,0,0,0,0,0,0,0,0,0,0,0,0,0,0,0,0,0,0,0,0,0,0,0,0,0,0,0,0,0,0,0,0,0,0,0,0,0,0,0,0,0,0,0,0,0,0,0,0,0,0,0,0,0,0,0,0,0,0,0,0,0,0,0,0,0,0,0,0,0,0,0,0,0,0,0,0,0,0,0,0,0,0,0,0,0,0,0,0,0,0,0,0,0,0,0,0,0,0,0,0,0,0,0,0,0,0,0,0,0,0,0,0,0,0
0b7446b267a50db5a6515fe2876d22b0,2.8,2,15,240,8,39,0,2,1,1,38,1,0,5,0,14,0,1,2,0,0,0,0,1,0,0,0,0,0,0,0,0,19,0,16,0,0,20,0,0,0,2,0,0,0,0,0,0,0,0,0,0,0,0,0,0,0,1,1,41,0,0,0,0,0,0,1,0,0,0,0,0,0,0,0,0,0,0,0,0,0,0,0,0,0,0,0,0,0,0,0,0,0,0,0,0,0,0,0,0,2,0,0,0,0,0,0,2,0,0,0,0,0,0,0,2,0,18,0,0,0,0,0,0,0,0,0,0,0,0,0,0,0,0,0,0,0,0,0,0,0,0,0,0,2,0,0,0,0,0,0,0,0,0,0,0,0,0,0,0,0,0,0,0,0,0,0,0,0,0,0,0,0,0,0,0,0,0,0,0,0,0,0,0,0,0,0,0,0,0,0,0,0,0,0,0,0,0,0,0,0,0,0,0,0,0,0,0,0,0,0,0,0,0,0,0,0,0,0,0,0,0,0,0,0,0,0,0,0,0,0,0,0,0,1,0,0,0,0,0,0,0,0,0,0,0,0,0,0,0,0,0,0,0,0,0,0,0,0,0,0,0,0,0,0,0,0,0,0,0,0,0,0,0,0,0,0,0,0,0,0,0,0,0,0,0,0,0,0,0
0b7479b2af68e8c4cecb249e7184e513,2.6,25,105,646,350,38,181,64,138,185,114,82,2,1,17,370,36,87,3,12,33,145,2,12,1,3,4,0,2,4,48,91,57,0,11,10,3,48,0,1,0,2,1,4,130,0,0,1,30,7,0,2,0,3,0,0,12,2,0,0,0,3,0,1,89,6,0,1,0,0,0,15,0,0,1,0,56,58,0,0,104,370,0,1,1,28,0,1,1,0,3,0,6,31,5,7,93,0,0,0,135,131,5,3,41,43,1,1,2,2,0,0,9,0,0,0,35,0,1,0,17,0,1088,0,0,0,0,0,1,0,9,3,0,0,0,1,6,5,30,0,0,0,1,1,0,0,0,0,0,0,0,0,0,2,0,0,0,12,0,0,2,60,0,0,0,0,0,0,0,0,0,0,0,0,0,0,0,0,0,0,4,0,0,0,0,0,0,0,0,0,0,0,0,0,0,0,0,0,0,0,0,0,0,51019,2,0,0,0,0,0,2,0,0,0,0,0,0,0,0,0,0,0,0,0,0,0,0,0,2,2,0,0,0,0,0,0,1,590,0,0,0,0,0,0,0,0,1,3,0,0,0,0,0,0,0,0,0,0,0,0,0,0,0,0,0,0,0,0,0,0,0,0,0,0,0,0,0,0,0,0,0,0,0,0,0,0,0,0,0,0
0b7817e24e14f485f9cacb4c394c8c19,6.0,50,149,1345,579,144,358,50,774,680,746,103,0,250,9,356,19,131,6,0,96,58,10,20,0,7,9,4,1,5,93,242,83,0,65,26,16,3393,4,12,20,18,3,0,10,0,14,0,2,23,6,2,0,0,0,0,23,0,0,0,0,2,4,2,3,18,27,37,0,1,16,41,1,1,25,0,2,0,8,2,0,8635,94,28,0,75,0,1,1,0,6,0,11,58,11,10,7,0,0,2,2,0,2,5,32,44,2,1,2,0,0,0,13,8,0,12,31,50,0,0,164,3,15,0,0,2,0,0,0,2,17,58,0,0,0,42,26,92,1,0,0,1,0,1,1,1,10,57,10,0,0,0,0,1,0,0,2,0,15,21,0,0,0,0,3,3,4,0,0,0,1,17,0,3,0,10,0,15,1,27,8,0,0,0,2,10,0,55,1,1,1,1,1,1,2,0,0,2,0,0,0,0,0,0,2,1,2,3,18,16,2,0,0,0,0,0,0,0,0,0,0,0,0,0,0,0,0,0,0,0,0,0,0,0,0,0,0,0,0,0,0,0,0,0,0,0,0,0,0,0,0,0,0,0,0,0,0,0,0,0,0,0,0,0,0,0,0,0,0,0,0,0,0,0,0,0,0,0,0,0,0,0,0,0,0,0,0,0,0,0
6ed1df26e22e90105bc6a9a01edcc328,1.2,0,0,0,0,0,0,0,2,2,2,0,0,0,0,0,0,0,0,0,0,0,0,0,0,0,0,0,0,0,0,0,0,0,0,0,0,0,0,0,0,0,0,0,0,0,0,0,0,0,0,0,0,0,0,1,0,0,0,0,0,0,0,0,0,0,0,0,0,0,0,0,0,0,0,0,0,0,0,0,0,0,0,0,0,0,0,0,0,0,0,0,0,0,0,0,0,0,0,0,0,0,0,0,0,0,0,0,0,0,0,0,0,0,0,0,0,0,0,0,0,3,0,0,0,0,0,0,1,0,0,0,0,0,0,0,0,0,0,0,0,0,0,0,0,0,0,0,0,0,0,0,0,0,0,0,0,0,1,0,0,0,0,0,0,0,0,0,0,0,0,0,0,0,0,0,0,0,0,0,0,0,0,0,0,0,0,0,0,0,0,0,0,0,0,0,5,0,0,0,0,0,0,0,0,0,0,0,0,0,0,0,0,0,0,0,0,0,0,0,0,0,0,0,0,0,0,0,0,0,0,0,0,0,0,0,0,0,0,0,0,0,0,0,0,0,0,0,0,0,0,0,0,0,0,0,0,0,0,0,0,0,0,0,0,0,0,0,0,0,0,0,0,0,0,0,0,0,0,0,0,0,0,0,0,0,0,0,0,0
6f5c13aa462dac8120d1ce56b42c7d33,1.2,0,0,0,0,0,0,0,2,2,2,0,0,0,0,0,0,0,0,0,0,0,0,0,0,0,0,0,0,0,0,0,0,0,0,0,0,0,0,0,0,0,0,0,0,0,0,0,0,0,0,0,0,0,0,1,0,0,0,0,0,0,0,0,0,0,0,0,0,0,0,0,0,0,0,0,0,0,0,0,0,0,0,0,0,0,0,0,0,0,0,0,0,0,0,0,0,0,0,0,0,0,0,0,0,0,0,0,0,0,0,0,0,0,0,0,0,0,0,0,0,3,0,0,0,0,0,0,1,0,0,0,0,0,0,0,0,0,0,0,0,0,0,0,0,0,0,0,0,0,0,0,0,0,0,0,0,0,1,0,0,0,0,0,0,0,0,0,0,0,0,0,0,0,0,0,0,0,0,0,0,0,0,0,0,0,0,0,0,0,0,0,0,0,0,0,5,0,0,0,0,0,0,0,0,0,0,0,0,0,0,0,0,0,0,0,0,0,0,0,0,0,0,0,0,0,0,0,0,0,0,0,0,0,0,0,0,0,0,0,0,0,0,0,0,0,0,0,0,0,0,0,0,0,0,0,0,0,0,0,0,0,0,0,0,0,0,0,0,0,0,0,0,0,0,0,0,0,0,0,0,0,0,0,0,0,0,0,0,0
6f5935b2a511426cb0d52df860ab8cd3,7.2,1,45,822,103,77,62,7,83,43,186,3,0,189,1,111,0,38,1,0,4,3,0,3,0,0,4,0,0,47,26,6,39008,1,1,11,12,24,0,0,0,4,3,0,0,0,0,0,0,6,0,0,5,0,0,0,4,448,15,320,1,0,0,0,433,2,5,2,16,0,0,0,0,0,1,0,0,0,0,0,0,22,0,0,0,2,0,4,0,0,2,0,0,0,0,2,0,0,0,0,5,0,2,0,0,4,1,0,0,0,0,0,3,0,0,0,3,1,0,0,0,0,15,0,0,0,0,1,0,0,7,0,0,0,0,6,2,0,0,0,0,0,0,0,4,0,0,0,0,0,0,0,0,1,1,0,0,0,15,20,2,4,0,4,3,3,0,0,0,0,0,0,0,3,0,0,0,8,0,0,0,0,0,0,8,8,0,0,0,0,0,0,0,0,0,0,0,0,0,0,0,0,0,0,0,0,3,3,0,0,0,0,0,0,0,0,0,0,0,0,0,0,4,0,0,0,0,0,0,0,0,0,0,0,0,0,0,0,0,0,0,0,0,0,0,0,0,0,0,0,0,0,0,0,0,0,0,0,0,0,0,0,0,0,0,0,0,0,0,0,0,0,0,0,0,0,0,0,0,0,0,0,0,0,0,0,0,0,0,0
07f398af7e2b789d550b8b3e6f0465e4,4.8,28,143,1015,386,73,246,90664,231,426,204,129,3,21,21,580,73,46,4,11,39,301,6,17,1,8,11,0,3,7,81,213,111,0,36,28,5,22,1,1,3,22,3,4,179,0,0,2,57,14,1,3,0,12,0,0,12,2,0,0,0,2,1,1,71,12,212,1,0,0,4,28,0,0,1,0,9,45,0,0,58,320,0,1,1,29,0,1,1,0,5,0,6,43,19,8,128,0,0,2,11,0,14,1,83,85,2,0,3,74,8,0,16,0,0,6,91,1,1,0,26,0,110009,0,0,0,0,0,29,2,11,11,0,0,0,33,6,7,57,0,0,0,0,1,1,0,0,0,0,1,0,0,0,2,0,0,0,8,1,1,2,110,0,0,0,0,0,0,0,0,1,0,0,2,1,0,0,1,0,0,6,0,0,0,0,0,3,0,0,0,0,0,0,0,0,0,0,0,0,0,1,0,0,0,2,0,0,0,4,2,4,0,0,0,0,0,0,0,0,0,0,0,0,0,0,0,0,0,0,0,0,0,0,0,0,1,1,602,0,0,0,0,0,1,0,0,1,12,0,0,0,0,0,0,0,0,0,0,0,0,0,0,0,0,0,0,0,0,0,0,0,0,0,0,0,0,0,0,0,0,0,0,0,0,0,0,0,0,0,0
5b3a45eb0d9a3945ab10aa1b12d9c821,7.2,1,45,822,103,77,62,8,83,43,187,3,0,191,1,114,0,38,1,0,4,3,0,3,0,0,4,0,0,47,26,6,39008,1,1,11,12,24,0,0,0,4,3,0,0,0,0,0,0,6,0,0,5,0,0,0,4,457,16,342,1,0,0,0,442,2,5,2,16,0,0,0,0,0,1,0,0,0,0,0,0,22,0,0,0,2,0,4,0,0,2,0,0,0,0,2,0,0,0,0,5,0,2,0,0,4,1,0,0,0,0,0,3,0,0,0,3,1,0,0,0,0,10,0,0,0,0,1,0,0,9,0,0,0,0,6,2,0,0,0,0,0,0,0,4,0,0,0,0,0,0,0,0,1,1,0,0,0,16,20,2,4,0,5,3,3,0,0,0,0,0,0,0,3,0,0,0,9,0,0,0,0,0,0,8,8,0,0,0,0,0,0,0,0,0,0,0,0,0,0,0,0,0,0,0,0,3,3,0,0,0,0,0,0,0,0,0,0,0,0,0,0,5,0,0,0,0,0,0,0,0,0,0,0,0,0,0,0,0,0,0,0,0,0,0,0,0,0,0,0,0,0,0,0,0,0,0,0,0,0,0,0,0,0,0,0,0,0,0,0,0,0,0,0,0,0,0,0,0,0,0,0,0,0,0,0,0,0,0,0
5b8d7977b6a16933b3a0a673e505c701,9.6,1,51,375,23,38,7,4,74,84,116,3,0,50,1,167,7,9,3,2,17,10,1,10,1,1,17,3,1,39,6,7,19,0,3,5,1,2,1,10,0,2,1,3,156,0,0,1,0,1,2,3,0,0,0,6,17,0,0,0,0,0,0,0,6,3,22,5,0,1,1,13,0,0,1,0,2,0,0,0,0,5,0,0,0,1,0,1,2,0,1,0,0,2,1,0,0,0,0,0,3,1,3,0,1,1,0,0,1,0,0,0,7,8,0,5,3,28,4,0,0,0,54,0,0,0,0,0,1,0,1,0,0,0,1,0,0,0,0,0,0,0,0,0,0,0,0,0,0,0,0,0,0,0,2,0,0,0,7,19,0,0,0,1,2,2,1,0,0,0,2,0,0,0,0,0,0,4,0,0,2,0,3,0,1,12,0,0,0,0,0,0,0,0,0,0,0,0,0,0,0,1,0,0,0,0,2,0,0,0,0,1,0,0,0,1,0,0,0,0,0,0,0,2,0,0,1,2,0,1,0,0,0,0,0,0,0,0,0,4,0,0,0,0,1,0,0,0,0,1,1,0,0,0,0,0,0,0,0,0,0,0,0,0,0,0,0,0,0,0,0,0,0,0,0,0,0,0,0,0,0,0,0,0,0,0,0,0,0,0
5bdf2a6bf9a5d31ac3201ae61e88b7d6,1.2,0,0,0,0,0,0,0,2,2,2,0,0,0,0,0,0,0,0,0,0,0,0,0,0,0,0,0,0,0,0,0,0,0,0,0,0,0,0,0,0,0,0,0,0,0,0,0,0,0,0,0,0,0,0,1,0,0,0,0,0,0,0,0,0,0,0,0,0,0,0,0,0,0,0,0,0,0,0,0,0,0,0,0,0,0,0,0,0,0,0,0,0,0,0,0,0,0,0,0,0,0,0,0,0,0,0,0,0,0,0,0,0,0,0,0,0,0,0,0,0,3,0,0,0,0,0,0,1,0,0,0,0,0,0,0,0,0,0,0,0,0,0,0,0,0,0,0,0,0,0,0,0,0,0,0,0,0,1,0,0,0,0,0,0,0,0,0,0,0,0,0,0,0,0,0,0,0,0,0,0,0,0,0,0,0,0,0,0,0,0,0,0,0,0,0,5,0,0,0,0,0,0,0,0,0,0,0,0,0,0,0,0,0,0,0,0,0,0,0,0,0,0,0,0,0,0,0,0,0,0,0,0,0,0,0,0,0,0,0,0,0,0,0,0,0,0,0,0,0,0,0,0,0,0,0,0,0,0,0,0,0,0,0,0,0,0,0,0,0,0,0,0,0,0,0,0,0,0,0,0,0,0,0,0,0,0,0,0,0
7a1fcc3046dcc5daaa4ce5f6abb0566d,3.2,25,108,613,383,47,143,52,123,152,102,85,1,1,14,430,46,83,3,12,35,146,3,15,2,4,4,0,2,4,86,121,70,0,11,8,3,1147,0,1,0,2,1,4,130,0,0,1,41,7,0,2,0,7,0,0,13,2,0,0,0,0,6,17,89,6,0,1,0,0,0,15,0,0,1,0,56,57,0,0,92,290,0,1,1,44,0,1,1,0,3,0,6,31,5,8,73,0,0,0,157,155,9,8,56,59,1,1,2,2,0,0,8,0,0,0,46,0,1,0,11,0,3663,0,0,0,0,0,1,0,9,4,0,0,0,1,1,3,40,0,0,0,1,1,0,0,0,0,0,0,0,0,0,2,0,0,0,13,0,0,2,80,0,0,0,0,0,0,0,0,0,0,0,0,0,0,0,0,0,0,4,0,0,0,0,0,0,0,0,0,0,0,0,0,0,0,0,0,0,0,0,1,0,28089,0,0,0,0,0,0,2,0,0,0,0,0,0,0,0,0,0,0,0,0,0,0,0,5,0,0,0,0,0,0,0,0,1,621,0,0,0,0,0,0,0,0,1,7,0,0,0,0,0,0,0,0,0,0,0,0,0,0,0,0,0,0,0,0,0,0,0,0,0,0,0,0,0,0,0,0,0,0,0,0,0,0,0,0,0,0
5e5c0774262bc631c54d59202dbea99a,7.4,1,45,822,106,77,62,10,83,43,189,3,0,195,1,137,0,39,1,0,4,3,0,2,0,0,4,0,0,49,26,6,39007,1,1,12,13,25,0,0,0,4,3,0,0,0,0,0,0,6,0,0,5,0,0,0,4,846,28,614,1,0,0,0,819,2,5,2,16,0,0,0,0,0,1,0,0,0,0,0,0,22,0,0,0,2,0,4,0,0,2,0,0,0,0,2,0,0,0,0,5,0,2,0,0,4,1,0,0,0,0,0,3,0,0,0,3,1,0,0,0,0,15,0,0,0,0,1,0,0,11,0,0,0,0,6,2,0,0,0,0,0,0,0,4,0,0,0,0,0,0,0,0,1,1,0,0,0,18,20,2,4,0,7,3,3,0,0,0,0,0,0,0,3,0,0,0,13,0,0,0,0,0,0,12,8,0,0,0,0,0,0,0,0,0,0,0,0,0,0,0,0,0,0,0,0,3,3,0,0,0,0,0,0,0,0,0,0,0,0,0,0,7,0,0,0,0,0,0,0,0,0,0,0,0,0,0,0,0,0,0,0,0,0,0,0,0,0,0,0,0,0,0,0,0,0,0,0,0,0,0,0,0,0,0,0,0,0,0,0,0,0,0,0,0,0,0,0,0,0,0,0,0,0,0,0,0,0,0,0
7a598e26d7959b528e9a7a875303d6ad,4.0,12,51,177,50,1,21,29,24,45,28,5,1,1,5,416,9,18,2,2,119,117,1,11,1,2,0,3,1,1,10,47,39,0,193,5,3,7,7,6,1,3,3,1,56,0,0,8,4,3,0,1,0,0,0,20,21,0,0,0,0,0,0,0,15,5,112,19,0,0,0,36,2,2,1,2,97,86,0,0,1,160,27,0,2,239,0,0,0,0,4,0,0,11,0,2,5,0,0,0,25,24,1,0,11,12,0,0,5,0,0,0,6,8,0,52,5,230,7,0,0,1,0,0,0,0,0,0,1,1,1,0,0,0,1,0,0,0,4,0,0,4,0,0,1,0,1,1,1,0,0,0,8,0,0,0,0,0,0,0,0,0,0,0,0,0,0,0,0,1,2,0,0,2,0,0,72,2,0,0,0,0,0,0,0,0,0,0,0,0,0,0,0,0,0,0,0,0,0,0,0,0,0,0,0,0,0,0,4,2,0,0,0,0,0,0,0,0,0,0,1,0,0,0,0,0,8,0,0,0,1,0,0,1,0,0,0,0,0,0,0,0,0,0,0,0,0,0,0,0,0,0,0,0,0,0,0,0,0,0,0,0,0,0,0,0,0,0,0,0,0,0,0,0,0,0,0,0,0,0,0,0,0,0,0,0,0,0,0,0
5ec67e5fc91232cd2e56ce00207d5254,7.4,1,45,822,107,77,62,10,83,43,189,3,0,195,1,137,0,40,1,0,4,3,0,2,0,0,4,0,0,49,26,6,39007,1,1,12,13,25,0,0,0,4,3,0,0,0,0,0,0,6,0,0,5,0,0,0,4,848,28,614,1,0,0,0,821,2,5,2,16,0,0,0,0,0,1,0,0,0,0,0,0,22,0,0,0,2,0,4,0,0,2,0,0,0,0,2,0,0,0,0,5,0,2,0,0,4,1,0,0,0,0,0,3,0,0,0,3,1,0,0,0,0,10,0,0,0,0,1,0,0,11,0,0,0,0,6,2,0,0,0,0,0,0,0,4,0,0,0,0,0,0,0,0,1,1,0,0,0,18,20,2,4,0,7,3,3,0,0,0,0,0,0,0,3,0,0,0,13,0,0,0,0,0,0,12,8,0,0,0,0,0,0,0,0,0,0,0,0,0,0,0,0,0,0,0,0,3,3,0,0,0,0,0,0,0,0,0,0,0,0,0,0,7,0,0,0,0,0,0,0,0,0,0,0,0,0,0,0,0,0,0,0,0,0,0,0,0,0,0,0,0,0,0,0,0,0,0,0,0,0,0,0,0,0,0,0,0,0,0,0,0,0,0,0,0,0,0,0,0,0,0,0,0,0,0,0,0,0,0,0
5fdc409be915b2d2a8c06848469659d0,7.4,1,45,822,107,77,62,10,83,43,189,3,0,195,1,136,0,40,1,0,4,3,0,2,0,0,4,0,0,49,26,6,39007,1,1,12,13,25,0,0,0,4,3,0,0,0,0,0,0,6,0,0,5,0,0,0,4,823,27,591,1,0,0,0,798,2,5,2,16,0,0,0,0,0,1,0,0,0,0,0,0,22,0,0,0,2,0,4,0,0,2,0,0,0,0,2,0,0,0,0,5,0,2,0,0,4,1,0,0,0,0,0,3,0,0,0,3,1,0,0,0,0,10,0,0,0,0,1,0,0,11,0,0,0,0,6,2,0,0,0,0,0,0,0,4,0,0,0,0,0,0,0,0,1,1,0,0,0,18,20,2,4,0,7,3,3,0,0,0,0,0,0,0,3,0,0,0,13,0,0,0,0,0,0,12,8,0,0,0,0,0,0,0,0,0,0,0,0,0,0,0,0,0,0,0,0,3,3,0,0,0,0,0,0,0,0,0,0,0,0,0,0,7,0,0,0,0,0,0,0,0,0,0,0,0,0,0,0,0,0,0,0,0,0,0,0,0,0,0,0,0,0,0,0,0,0,0,0,0,0,0,0,0,0,0,0,0,0,0,0,0,0,0,0,0,0,0,0,0,0,0,0,0,0,0,0,0,0,0,0
6aa1895401c68c2df49e0e2383f81ac1,1.2,0,0,0,0,0,0,0,2,2,2,0,0,0,0,0,0,0,0,0,0,0,0,0,0,0,0,0,0,0,0,0,0,0,0,0,0,0,0,0,0,0,0,0,0,0,0,0,0,0,0,0,0,0,0,1,0,0,0,0,0,0,0,0,0,0,0,0,0,0,0,0,0,0,0,0,0,0,0,0,0,0,0,0,0,0,0,0,0,0,0,0,0,0,0,0,0,0,0,0,0,0,0,0,0,0,0,0,0,0,0,0,0,0,0,0,0,0,0,0,0,3,0,0,0,0,0,0,1,0,0,0,0,0,0,0,0,0,0,0,0,0,0,0,0,0,0,0,0,0,0,0,0,0,0,0,0,0,1,0,0,0,0,0,0,0,0,0,0,0,0,0,0,0,0,0,0,0,0,0,0,0,0,0,0,0,0,0,0,0,0,0,0,0,0,0,5,0,0,0,0,0,0,0,0,0,0,0,0,0,0,0,0,0,0,0,0,0,0,0,0,0,0,0,0,0,0,0,0,0,0,0,0,0,0,0,0,0,0,0,0,0,0,0,0,0,0,0,0,0,0,0,0,0,0,0,0,0,0,0,0,0,0,0,0,0,0,0,0,0,0,0,0,0,0,0,0,0,0,0,0,0,0,0,0,0,0,0,0,0
6bf038eb3fb0d11a21f63600b280c959,7.4,1,45,822,106,77,62,10,83,43,189,3,0,195,1,136,0,40,1,0,4,3,0,2,0,0,4,0,0,49,26,6,39007,1,1,12,13,25,0,0,0,4,3,0,0,0,0,0,0,6,0,0,5,0,0,0,4,826,27,591,1,0,0,0,800,2,5,2,16,0,0,0,0,0,1,0,0,0,0,0,0,22,0,0,0,2,0,4,0,0,2,0,0,0,0,2,0,0,0,0,5,0,2,0,0,4,1,0,0,0,0,0,3,0,0,0,3,1,0,0,0,0,10,0,0,0,0,1,0,0,11,0,0,0,0,6,2,0,0,0,0,0,0,0,4,0,0,0,0,0,0,0,0,1,1,0,0,0,18,20,2,4,0,7,3,3,0,0,0,0,0,0,0,3,0,0,0,13,0,0,0,0,0,0,12,8,0,0,0,0,0,0,0,0,0,0,0,0,0,0,0,0,0,0,0,0,3,3,0,0,0,0,0,0,0,0,0,0,0,0,0,0,7,0,0,0,0,0,0,0,0,0,0,0,0,0,0,0,0,0,0,0,0,0,0,0,0,0,0,0,0,0,0,0,0,0,0,0,0,0,0,0,0,0,0,0,0,0,0,0,0,0,0,0,0,0,0,0,0,0,0,0,0,0,0,0,0,0,0,0
6e7c273de5c8159be38f59a945e1a936,7.4,1,45,822,107,77,62,10,83,43,189,3,0,195,1,136,0,40,1,0,4,3,0,2,0,0,4,0,0,49,26,6,39007,1,1,12,13,25,0,0,0,4,3,0,0,0,0,0,0,6,0,0,5,0,0,0,4,820,27,591,1,0,0,0,794,2,5,2,16,0,0,0,0,0,1,0,0,0,0,0,0,22,0,0,0,2,0,4,0,0,2,0,0,0,0,2,0,0,0,0,5,0,2,0,0,4,1,0,0,0,0,0,3,0,0,0,3,1,0,0,0,0,15,0,0,0,0,1,0,0,11,0,0,0,0,6,2,0,0,0,0,0,0,0,4,0,0,0,0,0,0,0,0,1,1,0,0,0,18,20,2,4,0,7,3,3,0,0,0,0,0,0,0,3,0,0,0,13,0,0,0,0,0,0,12,8,0,0,0,0,0,0,0,0,0,0,0,0,0,0,0,0,0,0,0,0,3,3,0,0,0,0,0,0,0,0,0,0,0,0,0,0,7,0,0,0,0,0,0,0,0,0,0,0,0,0,0,0,0,0,0,0,0,0,0,0,0,0,0,0,0,0,0,0,0,0,0,0,0,0,0,0,0,0,0,0,0,0,0,0,0,0,0,0,0,0,0,0,0,0,0,0,0,0,0,0,0,0,0,0
0c7ccf14de37e4387ae3def2eb34b3c4,1.8,0,22,513,9,5,5,2,2,1,6,1,0,3,1,27,1,4,1,2,6,5,1,2,1,1,2,2,0,0,0,1,1,1,1,0,0,6,0,0,0,0,0,0,0,0,0,0,0,0,0,0,0,0,0,3,1,0,0,0,0,0,0,0,0,0,0,0,0,0,0,0,0,0,0,0,0,0,0,0,0,0,0,0,0,0,0,0,0,0,0,0,0,0,0,0,0,0,0,0,0,0,0,0,0,0,0,0,0,0,0,0,0,0,0,0,0,0,0,0,0,0,0,0,0,0,0,0,0,0,0,0,0,0,0,0,0,0,0,0,0,0,0,0,0,0,0,0,0,0,0,0,0,0,0,0,0,0,0,0,0,0,0,0,0,0,0,0,0,0,0,0,0,0,0,0,0,0,0,0,0,0,0,0,0,0,0,0,0,0,0,0,0,0,0,0,0,0,0,0,0,0,0,0,0,0,0,0,0,0,0,0,0,0,0,0,0,0,0,0,0,0,0,0,0,0,0,0,0,0,0,0,0,0,0,0,0,0,0,0,0,0,0,0,0,0,0,0,0,0,0,0,0,0,0,0,0,0,0,0,0,0,0,0,0,0,0,0,0,0,0,0,0,0,0,0,0,0,0,0,0,0,0,0,0,0,0,0,0,0
65a7354887d20d2e5390758e4ab22327,12.6,3,122,812,233,63,84,104,100,75,165,15,1,61,11,773,12,35,0,3,99,309,0,28,3,5,8,9,4,12,29,54,26,0,22,64,0,37,5,35,0,13,3,2,5,0,0,7,0,6,32,1,12,2,2,20,29,4,4,133,2,0,0,0,658,37,0,47,0,0,0,9,0,0,10,0,620,439,0,6,1190,726,609,126,6,58,3,8,8,9,32,34,132,148,123,4,20,0,7,0,44,3,0,3,16,18,2,3,4,3,22,15,24,24,6,3,5,10,5,2,1,26,0,0,0,1,1,0,1539,0,0,0,0,0,0,0,0,0,0,0,0,0,0,0,0,0,0,0,0,2,8,0,0,0,0,0,0,0,1,1,0,0,0,0,0,0,0,0,0,0,0,0,0,1,0,0,0,0,0,0,0,0,0,0,0,48,3,0,0,0,0,0,0,0,0,0,0,0,0,0,0,0,0,0,0,0,2,1,0,0,0,0,0,0,0,0,0,0,0,0,0,0,0,0,0,0,0,0,0,0,0,0,0,0,0,0,0,0,0,0,0,0,0,0,0,0,0,0,0,0,0,2,0,0,0,0,0,0,0,0,0,0,0,0,0,0,0,0,0,0,0,0,0,0,0,0,0,0,0,0,0,0,0,0,0,0,0,0,0,0
66cf4157605d7c274fac57f382c81c50,1.2,0,1,0,5,0,2,2,0,0,0,0,0,0,0,19,0,1,0,1,8,8,1,2,1,1,0,0,0,0,0,0,0,0,0,0,0,0,0,0,0,0,0,0,0,0,0,0,0,0,0,0,0,0,0,3,1,0,0,0,0,0,0,0,0,0,0,0,0,0,0,0,0,0,0,0,2,2,0,0,0,0,0,0,0,0,0,0,0,0,0,0,0,0,0,0,0,0,0,0,0,0,0,0,0,0,0,0,1,0,0,0,0,0,0,3,0,0,0,0,0,0,0,0,0,0,0,0,0,0,0,0,0,0,0,0,0,0,0,0,0,0,0,0,0,0,0,0,0,0,0,0,0,0,0,0,0,0,0,0,0,0,0,0,0,0,0,0,0,0,0,0,0,0,0,0,0,0,0,0,0,0,0,0,0,0,0,0,0,0,0,0,0,0,0,0,0,0,0,0,0,0,0,0,0,0,0,0,0,0,0,0,0,0,0,0,0,0,0,0,0,0,0,0,0,0,0,0,0,0,0,0,0,0,0,0,0,0,0,0,0,0,0,0,0,0,0,0,0,0,0,0,0,0,0,0,0,0,0,0,0,0,0,0,0,0,0,0,0,0,0,0,0,0,0,0,0,0,0,0,0,0,0,0,0,0,0,0,0,0
73a2907611ee9ae8fb91f1c5295e10c9,9.2,7,92,365,61,25,54,10,61,49,90,2,1,79,2,143,8,10,0,0,21,21,0,7,0,1,0,0,1,0,35,87,6,0,0,3,0,5,1,9,0,4,5,3,16,0,0,3,0,1,2,1,5,1,1,9,20,0,0,0,0,0,0,0,4,2,5,4,0,6,4,18,6,6,1,0,9,7,0,0,1,74,0,2,0,1,0,0,0,0,1,0,5,19,20,5,1,0,0,0,13,3,2,0,2,2,1,0,2,0,0,0,7,0,0,0,0,0,2,0,0,76,10,0,0,2,3,0,37,1,6,0,0,0,4,1,6,0,0,0,0,0,0,0,0,1,0,0,0,2,0,0,3,0,0,0,0,0,19,20,0,0,0,0,2,2,1,0,0,0,0,0,0,2,0,1,0,10,6,14,2,4,0,0,0,0,3,0,0,0,0,0,0,0,5,5,5,0,0,0,1,0,0,0,0,0,0,1,0,0,0,0,0,0,0,0,0,0,0,0,0,0,0,0,0,0,0,0,0,0,0,0,0,0,0,0,0,0,0,0,0,0,0,0,0,0,0,0,0,0,0,0,0,0,0,0,0,0,0,0,0,0,0,0,0,0,0,0,0,0,0,0,0,0,0,0,0,0,0,0,0,0,0,0,0,0,0,0,0,0
73cb1fb669dae3e830b4c3ef800750db,1.2,0,0,0,0,0,0,0,0,0,0,0,0,0,0,0,0,0,0,0,0,0,0,0,0,0,0,0,0,0,0,0,0,0,0,0,0,0,0,0,0,0,0,0,0,0,0,0,0,0,0,0,0,0,0,0,0,0,0,0,0,0,0,0,0,0,0,0,0,0,0,0,0,0,0,0,0,0,0,0,0,0,0,0,0,0,0,0,0,0,0,0,0,0,0,0,0,0,0,0,0,0,0,0,0,0,0,0,0,0,0,0,0,0,0,0,0,0,0,0,0,1,0,0,0,0,0,0,0,0,0,0,0,0,0,0,0,0,0,0,0,0,0,0,0,0,0,0,0,0,0,0,0,0,0,0,0,0,0,0,0,0,0,0,0,0,0,0,0,0,0,0,0,0,0,0,0,0,0,0,0,0,0,0,0,0,0,0,0,0,0,0,0,0,0,0,0,0,0,0,0,0,0,0,0,0,0,0,0,0,0,0,0,0,0,0,0,0,0,0,0,0,0,0,0,0,0,0,0,0,0,0,0,0,0,0,0,0,0,0,0,0,0,0,0,0,0,0,0,0,0,0,0,0,0,0,0,0,0,0,0,0,0,0,0,0,0,0,0,0,0,0,0,0,0,0,0,0,0,0,0,0,0,0,0,0,0,0,0,0
87e7443b671b0422caa6aa81175f28c9,6.8,0,6,1,7,0,0,2,0,0,0,2,0,0,0,203,0,4,0,3,14,11,0,6,0,1,0,0,0,2,2,0,18,0,17,0,0,1,0,0,0,1,0,0,2,0,0,0,0,1,0,0,0,1,1,5,0,0,0,0,0,0,0,0,1,0,0,0,0,0,0,0,0,0,2,0,252,252,0,0,0,0,0,0,0,0,0,1,1,0,0,1,0,0,0,0,0,0,0,0,6,1,47,0,2,3,0,0,0,0,0,0,0,0,0,0,0,0,1,0,0,0,0,0,0,0,0,0,0,0,0,49,0,0,0,0,0,0,0,0,0,0,0,0,0,0,0,0,0,0,0,0,0,0,0,0,6,0,0,0,0,0,0,0,0,0,0,0,0,0,0,0,0,0,0,0,0,0,0,0,0,0,0,0,0,0,0,0,0,0,0,0,0,0,0,0,0,0,0,1,0,0,0,0,0,0,0,0,0,0,0,0,0,0,0,0,0,0,0,2,0,0,0,0,0,0,0,0,0,0,0,0,0,0,0,0,0,0,0,0,0,0,0,1,0,0,0,0,0,0,0,0,1,1,0,0,0,0,0,0,0,0,0,0,0,0,0,0,0,0,0,0,0,0,0,0,0,0,0,0,0,0,0,0,0,0,0,0,0,0
89a6428bb7e1174e9e4e8ac99f7b7af8,7.0,0,6,1,5,0,0,2,0,0,0,2,0,0,0,27,0,2,0,3,1,1,0,5,0,1,0,0,0,2,0,0,7,0,0,0,0,1,0,0,0,1,0,0,2,0,0,0,0,1,0,0,0,1,1,3,0,0,0,0,0,0,0,0,1,0,0,0,0,0,0,0,0,0,0,0,0,0,0,0,0,0,0,0,0,0,0,1,1,0,0,1,0,0,0,0,0,0,0,0,6,1,6,0,1,2,0,0,0,0,0,0,0,0,0,0,0,0,1,0,0,0,0,0,0,0,0,0,0,0,0,0,0,0,0,0,0,0,0,0,0,0,0,0,0,0,0,0,0,0,0,0,0,0,0,0,0,0,0,0,0,0,0,0,0,0,0,0,0,0,0,0,0,0,0,0,0,0,0,0,0,0,0,0,0,0,0,0,0,0,0,0,0,0,0,0,0,0,0,1,0,0,0,0,0,0,0,0,0,0,0,0,0,0,0,0,0,0,0,2,0,0,0,0,0,0,0,0,0,0,0,0,0,0,0,0,0,0,0,0,0,0,0,1,0,0,0,0,0,0,0,0,1,1,1,0,0,0,0,0,0,0,0,0,0,0,0,0,0,0,0,0,0,0,0,0,0,0,0,0,0,0,0,0,0,0,0,0,0,0
91cb657385df8f51876f5e1fd88f0352,6.8,18,64,202,87,17,25,9,1,1,17,5,1,8,2,552,3,20,1,0,473,503,0,2,0,1,4,0,1,0,19,80,6,0,16,2,0,8,1,0,0,4,5,3,31,0,0,3,0,0,0,2,0,1,1,9,8,0,0,0,0,0,0,0,243,0,0,0,0,0,1,0,0,0,0,0,7,7,0,0,0,26,0,3,0,1,0,0,0,0,2,0,0,35,22,0,3,0,0,0,13,3,0,0,2,2,0,0,3,0,0,0,6,0,0,3,1,18,2,0,0,5,0,0,0,0,3,0,39,2,0,0,0,0,0,2,0,0,0,0,0,0,0,0,0,0,0,0,0,2,0,0,2,0,0,0,0,0,2,1,0,0,0,0,0,0,0,0,0,0,0,0,0,2,0,0,0,0,0,0,0,0,0,0,0,0,4,0,0,0,0,0,0,0,0,0,117,0,0,0,4,0,0,0,0,0,0,1,0,0,0,0,0,0,0,0,0,0,0,20,0,0,0,1,0,0,0,0,0,0,7,0,0,0,0,0,0,0,0,0,0,0,0,0,0,0,0,0,0,0,0,1,0,0,0,0,0,0,0,0,0,0,0,0,0,0,0,0,0,0,0,0,0,0,0,0,0,0,0,0,0,0,0,0,0,0,0,0,0,0
2af3aa23286a216c8995c178490593fc,10.4,18,248,1039,520,14,161,283,169,160,176,35,1,16,30,1477,21,77,0,10,222,591,0,69,8,10,6,24,9,18,65,146,54,0,40,168,0,28,5,47,0,28,5,4,6,0,0,14,0,16,61,1,18,2,2,27,62,0,0,0,4,0,0,0,852,77,0,152,0,0,0,24,0,0,24,0,1038,757,0,65,1173,730,610,112,16,75,7,21,21,8,58,87,177,205,127,9,105,2,20,4,101,5,1,10,44,44,4,8,9,8,54,40,56,64,16,8,10,20,10,4,2,16,2,0,0,0,0,0,39,0,0,0,0,0,0,0,0,0,0,0,0,0,0,0,0,0,0,0,0,2,2,0,0,0,2,0,0,0,5,4,0,0,0,0,0,0,0,0,0,0,0,0,0,1,0,0,0,0,0,0,0,0,0,0,0,0,7,0,0,0,0,0,0,0,0,0,0,0,0,0,0,0,0,0,0,0,2,1,0,0,0,0,0,0,4,2,0,0,0,0,0,0,0,0,0,0,0,0,0,0,0,0,0,0,0,0,0,0,0,0,0,0,0,0,0,0,0,0,0,0,0,0,0,0,0,0,0,0,0,0,0,0,0,0,0,0,0,0,0,0,0,0,0,0,0,0,0,0,0,0,0,0,0,0,0,0,0,0,0,0
96a7f60ef339d586b35754cb8106dd86,10.6,3,103,697,274,33,338,22,147,267,113,147,3,15,11,267,18,40,0,4,45,52,2,13,2,8,4,0,1,6,24,92,63,0,22,6,4,28,1,2,0,4,2,7,10,0,0,4,0,9,0,1,0,2,2,15,13,0,0,0,0,4,12004,36006,1,5,40,0,0,0,0,4,0,0,2,0,26,32,0,0,1,93,0,0,0,1,0,0,0,0,1,0,1,23,24,4,14,0,0,0,13,3,0,0,19,21,3,0,5,0,0,0,10,0,0,6,16,2,2,0,34,0,94,1,0,0,0,0,42,2,5,6,0,0,0,0,12,8,0,0,0,2,0,2,2,2,0,0,0,2,4,0,0,2,0,0,0,0,1,1,0,0,0,0,0,0,0,0,0,0,0,0,0,1,0,0,0,0,0,0,0,0,0,0,0,0,3,0,0,0,0,0,0,0,0,0,0,0,0,0,0,0,0,0,0,0,0,1,0,0,0,0,0,0,0,2,0,0,0,12,0,0,0,0,0,0,0,0,0,0,0,0,0,0,0,0,0,0,0,0,0,0,0,0,0,0,0,0,0,0,0,0,0,0,0,2,0,0,0,0,0,0,0,0,0,0,0,0,0,0,0,0,0,0,0,0,0,0,0,0,0,0,0,0,0,0,0,0,0,0
109bf42d3a6c45ed704bf0c62bcf7b89,2.8,0,39,146,37,0,10,23,74,73,43,4,0,0,6,196,2,14,3,2,13,86,1,4,0,0,2,0,0,1,241,6,13,1,0,2,0,0,2,1,1,0,13,5,55,0,0,1,137,2,1,1,0,0,0,6,13,0,0,0,0,0,0,0,1,1,0,0,1,0,0,15,0,0,4,0,32,33,1,0,0,1,0,0,0,31,0,1,1,0,1,0,36,37,36,0,0,0,0,0,63,65,1,1,2,2,19,0,1,2,0,0,3,0,0,0,0,0,0,0,0,0,0,0,0,0,0,0,0,0,2,0,0,0,0,0,0,0,137,0,0,0,0,0,0,0,0,0,0,0,0,0,0,1,1,0,0,0,0,0,0,0,0,0,0,0,0,0,0,0,0,0,0,0,0,0,0,0,0,0,4,0,0,0,0,0,0,0,0,0,0,0,0,0,0,0,0,0,0,0,0,0,0,0,0,0,0,0,0,0,2,0,0,0,0,0,0,0,0,0,0,0,0,0,0,0,0,0,0,0,0,0,0,0,0,1,0,0,0,0,0,0,0,0,0,0,1,0,0,0,0,0,0,0,0,0,0,0,0,0,0,0,0,0,0,0,0,0,0,0,0,0,0,0,0,0,0,0,0,0,0,0,0,0,0,0,0,0,0,0
2b0ca356af63176d70cb976cce626021,2.8,0,23,149,18,2,2,8,2,2,7,1,0,3,0,121,0,2,0,0,6,89,0,7,0,0,0,0,0,0,0,4,0,0,0,1,0,0,0,3,0,0,0,0,0,0,0,0,0,1,2,0,0,0,0,0,7,0,0,0,0,0,0,0,54,2,0,4,0,0,0,13,0,0,1,0,118,75,0,0,0,0,0,0,0,0,0,0,0,0,0,12,0,0,0,0,0,0,0,0,5,3,2,0,0,0,0,0,1,0,11,0,0,0,0,0,0,0,0,0,0,0,0,0,0,0,0,0,0,0,1,0,0,0,0,0,0,0,0,0,0,0,0,0,0,0,0,0,0,0,0,0,0,0,1,0,0,0,2,8,0,0,0,52,2,2,1,0,0,0,0,312,0,0,0,0,0,4,0,0,2,0,51,0,0,0,1,0,0,0,0,0,0,0,0,0,0,0,0,0,0,0,0,10,0,0,1,0,0,0,0,0,0,0,0,1,0,0,0,0,0,0,0,0,0,0,0,0,0,0,0,0,0,0,0,0,0,0,0,0,0,0,0,0,0,0,0,0,0,0,0,0,0,0,0,0,0,0,0,0,0,0,0,0,0,0,0,0,0,0,0,0,0,0,0,0,0,0,0,0,0,0,0,0,0,0,0,0,0,0
204d8ccdfb33a315760a554a978317e3,1.4,0,24,200,116,2,122,15,87,142,55,69,1,0,4,57,4,7,0,1,6,12,1,3,0,2,2,0,0,2,7,30,16,0,10,2,1,56,0,1,0,0,0,3,0,0,0,0,0,3,0,0,0,0,0,3,2,0,0,0,0,0,0,0,10,2,0,0,0,0,0,0,0,0,1,0,3,4,0,0,0,0,0,0,0,0,0,0,0,0,0,0,0,0,0,2,0,0,0,0,18,16,0,0,6,6,1,0,1,0,0,0,2,0,0,0,4,0,0,0,17,0,0,0,0,0,0,0,0,1,0,3,0,0,0,0,6,5,0,0,0,1,1,1,0,1,0,0,0,0,0,0,0,1,0,0,0,0,0,0,0,0,0,0,0,0,0,0,0,0,0,0,0,0,0,0,0,0,0,0,0,0,0,0,0,0,0,0,0,0,0,0,0,0,0,0,0,0,0,0,0,0,0,0,0,0,0,0,0,0,0,0,0,0,0,0,0,0,0,0,0,0,0,0,0,0,0,0,0,0,0,0,0,0,0,0,0,0,0,0,0,0,0,0,0,0,0,0,0,0,0,0,0,0,0,0,0,0,0,0,0,0,0,0,0,0,0,0,0,0,0,0,0,0,0,0,0,0,0,0,0,0,0,0,0,0,0,0,0,0
240aaac273014815852c451d7c016ba9,4.8,21,53,578,14,17,12,19,53,49,84,1,1,72,2,98,1,1,0,0,10,8,0,8,0,0,1,0,1,0,5,4,3,0,0,3,0,2,1,9,0,3,1,0,5,0,0,1,0,1,2,1,0,0,0,0,9,0,0,0,0,0,0,0,2,2,19,4,0,1,0,22,1,1,1,0,9,7,0,0,0,17,0,0,0,1,0,0,0,0,0,0,0,32,14,0,2,0,0,0,9,0,2,4,1,1,0,0,1,0,0,0,6,0,0,0,0,0,1,0,0,0,10,0,0,0,0,0,28,0,6,0,0,0,0,0,23,0,0,0,0,0,0,0,0,0,0,0,0,1,0,0,96,0,0,0,0,0,24,23,0,0,0,0,2,2,1,0,0,0,0,0,0,1,0,1,0,24,1,25,2,9,0,0,0,0,3,0,0,0,0,0,0,0,0,0,0,0,0,0,0,0,0,0,0,0,0,0,0,0,0,0,0,0,0,0,0,0,0,0,0,0,0,0,0,0,0,0,0,0,0,0,0,0,0,0,0,0,0,0,0,0,0,0,0,0,0,0,0,0,0,0,0,0,0,0,0,0,0,0,0,0,0,0,0,0,0,0,0,0,0,0,0,0,0,0,0,0,0,0,0,0,0,0,0,0,0,0,0,0
308c2897607d78d6f493f913b627235c,2.2,15,30,807,105,28,23,16,1758,699,1387,12,1,71,5,853,33,27,0,3,17,20,1,10,1,1,0,0,1,698,7,2,55,0,20,22,5,0,1,4,0,5,2,0,66,0,0,2,0,4,6,1,0,0,0,3,11,0,0,0,0,0,0,0,1,4,0,653,0,0,0,0,0,0,1,0,14,14,0,0,16,127,0,0,0,2,0,1,1,0,3,0,1,27,16,0,16,0,0,0,10,0,2,0,4,37,2,0,1,0,0,0,7,0,0,20,15,58,2,0,15,0,48,1,0,0,0,0,34,0,3,0,0,0,0,0,0,0,0,0,0,0,0,0,0,0,0,0,0,1,12944,0,0,0,0,0,0,0,2,4,0,0,2,0,0,0,0,0,0,0,0,0,0,2,0,0,0,0,0,0,0,0,0,0,0,19,3,0,0,0,0,0,0,0,0,0,0,0,0,0,0,0,0,0,0,0,0,0,0,0,0,0,0,0,0,0,0,0,0,0,0,0,0,0,0,0,0,0,0,0,0,0,0,0,0,0,0,0,0,0,0,0,0,0,0,0,0,0,0,0,0,2,0,0,0,0,0,0,0,0,0,0,0,0,0,0,0,0,0,0,0,0,0,0,0,0,0,0,0,0,0,0,0,0,0,0,0,0,0,0
348eaf73445326b0b37538f00e4ee0b2,1.6,0,2,0,0,0,0,0,0,0,0,0,0,0,0,0,0,0,0,0,0,0,0,0,0,0,0,0,0,0,0,0,0,0,0,0,0,0,0,0,0,0,0,0,0,0,0,0,0,0,0,0,0,0,0,0,0,0,0,0,0,0,0,0,0,0,0,0,0,0,0,0,0,0,0,0,0,0,0,0,0,0,0,0,0,0,0,0,0,0,0,0,0,0,0,0,0,0,0,0,0,0,0,0,0,0,1,0,0,0,0,0,0,0,0,0,0,0,0,0,0,1,0,0,0,0,0,0,0,0,0,0,0,0,0,0,0,0,0,0,0,0,0,0,0,0,0,0,0,0,0,0,0,0,0,0,0,0,0,0,0,0,0,0,0,0,0,0,0,0,0,0,0,0,0,0,0,0,0,0,0,0,0,0,0,0,0,0,0,0,0,0,0,0,0,0,0,0,0,0,0,0,0,0,0,0,0,0,0,0,0,0,0,0,0,0,0,0,0,0,0,0,0,0,0,0,0,0,0,0,0,0,0,0,0,0,0,0,0,0,0,0,0,0,0,0,0,0,0,0,0,0,0,0,0,0,0,0,0,0,0,0,0,0,0,0,0,0,0,0,0,0,0,0,0,0,0,0,0,0,0,0,0,0,0,0,0,0,0,0
465dcf7b76fe5f096c8dedfa0cb07b98,1.6,16,10,18,13,1,4,8,14,64,12,2,2,2,2,37,0,3,0,0,4,8,0,0,0,0,0,0,1,1,7,2,5,0,0,2,0,0,1,0,0,3,2,0,11,0,0,1,0,0,0,1,0,0,0,0,2,0,0,0,0,0,0,0,0,0,7,0,0,0,0,0,0,0,0,0,7,7,0,1,0,12,0,0,1,1,0,0,0,0,0,0,0,27,14,0,1,0,0,0,9,0,0,0,2,4,1,0,1,0,0,0,8,0,0,3,0,0,1,0,0,0,0,0,0,0,0,0,28,0,1,0,0,0,0,0,0,0,0,0,0,0,0,0,0,0,0,0,0,1,0,0,0,0,0,0,0,0,1,1,0,0,0,0,0,0,0,0,0,0,0,0,0,2,0,0,0,0,0,0,0,0,0,0,0,0,3,0,0,0,0,0,0,0,0,0,0,0,0,0,0,0,0,0,2,0,0,0,0,0,0,0,0,0,0,0,0,0,0,0,0,0,0,0,0,0,0,0,0,0,0,0,0,0,0,0,0,0,0,0,0,0,0,0,0,0,0,0,0,0,0,0,0,0,0,0,0,0,0,0,0,0,0,0,0,0,0,0,0,0,0,0,0,0,0,0,0,0,0,0,0,0,0,0,0,0,0,0,0,0
482f683d8dab749cc3960421effdc7cb,2.6,3,14,145,19,1,4,11,4,15,5,1,1,2,2,92,0,5,0,0,50,19,0,1,0,0,0,0,1,0,15,22,16,0,9,2,0,2,2,0,0,4,2,1,9,0,0,2,0,0,0,2,0,0,0,0,3,0,0,0,0,0,0,0,0,1,75,0,0,0,0,0,0,0,0,0,7,7,0,0,0,0,0,0,0,1,0,0,0,0,0,0,0,17,17,0,0,0,0,0,11,0,1,0,1,1,0,0,3,0,0,0,6,0,0,25,0,46,1,0,0,0,0,0,0,0,0,0,35,0,0,0,0,0,0,0,0,0,0,0,0,0,0,0,0,0,0,0,0,1,0,0,0,0,0,0,0,0,1,1,0,0,0,0,0,0,0,0,0,1,0,0,0,2,0,0,0,0,0,0,0,0,0,0,0,0,3,0,0,0,0,0,0,0,0,0,0,0,0,0,0,0,0,0,0,0,0,0,0,0,0,0,0,0,0,0,0,0,0,0,0,0,0,0,0,0,6,0,0,0,0,0,0,0,0,0,0,0,0,0,0,0,0,0,0,0,0,0,0,0,0,0,0,0,0,0,0,0,0,0,0,0,0,0,0,0,0,0,0,0,0,0,0,0,0,0,0,0,0,0,0,0,0,0,0,0,0,0,0,0
487abbadd74e843ddaa0da3af36769e5,6.2,63260,58,213,99,10,26,9,30,3,16,5,1,5,2,67,1,20,1,0,22,25,0,2,0,1,0,0,1,0,19,80,5,0,16,3,0,6,1,0,0,4,2,0,30,0,0,3,0,0,0,1,0,1,1,3,6,0,0,0,0,0,0,0,195,0,21083,0,0,0,1,0,0,0,0,0,7,7,0,0,21082,23,0,2,0,1,0,0,0,0,1,0,1,21108,17,4,0,0,0,0,11,0,0,0,2,3,0,0,2,0,0,0,6,0,0,0,1,18,2,0,0,9,0,0,0,1,1,0,33,2,1,0,0,0,0,2,0,0,0,0,0,0,0,0,0,21082,0,0,0,1,0,0,2,0,0,0,0,0,2,1,0,0,0,0,0,0,0,0,0,0,0,0,0,2,0,0,0,0,0,0,0,0,0,0,0,0,3,0,0,0,0,0,0,0,0,0,89,0,0,0,2,0,0,0,0,0,0,0,0,0,0,0,0,0,0,0,0,0,0,20,0,0,0,1,0,0,0,0,0,0,1,0,0,0,0,0,0,0,0,0,0,0,0,0,0,0,0,0,0,0,0,0,0,0,0,0,0,0,0,0,0,0,0,0,0,0,0,0,0,0,0,0,0,0,0,0,0,0,0,0,0,0,0,0,0,0,0,0,0,0
0546abe6293ba40348e1734fafca47ec,1.6,19,109,356,51,0,31,129,20,0,2,5,0,0,12,1345,13,16,3,1,60,594,0,18,0,8,0,0,2,0,62,6,64,0,22,3,2,0,4,0,0,0,0,2,6,0,0,0,3,10,0,1,0,0,0,0,62,0,0,0,0,0,0,9,1,17,0,0,2,0,0,251,0,0,1,0,966,604,0,0,61,110,0,1,0,169,0,3,3,0,16,12,11,20,0,0,21,0,0,1,50,9,1,1,16,17,0,1,0,145,126,141,6,0,0,0,16,17,0,0,0,0,0,0,0,2,0,0,0,0,18,6,0,0,0,0,0,0,3,0,0,0,0,0,0,0,0,0,0,0,0,0,0,2,0,0,2,0,0,0,0,0,0,0,0,0,0,0,0,0,0,0,0,1,0,0,0,0,0,0,64,0,0,0,0,0,0,0,0,0,0,0,0,0,0,0,0,0,0,0,0,0,0,0,0,0,0,0,0,0,32,0,0,0,0,0,0,0,0,0,0,0,0,0,0,0,0,0,0,0,0,0,0,0,0,0,0,0,0,0,0,0,0,0,0,0,8,0,0,0,0,0,0,0,0,0,1,295,6,16,0,0,0,0,0,0,0,0,0,0,0,0,0,0,0,0,0,0,0,0,0,0,0,0,0,0,0,0,0,0
562b8e74dc5057c94db988dd1459cf1d,6.8,28,40,581,1809,9,26,8,25,14,35,1,1,5,5,1217,6,1776,15,0,8,11,0,9,0,0,0,3,2,0,18,0,17,0,0,7,4,23,1,0,1,4,2,5,20,0,0,3,1,4,0,1,0,0,0,3,8,881,881,39326,0,0,0,0,890,103,1,101,0,12,6,18,0,0,0,0,7,7,0,0,0,293,3,1456,0,2,0,0,0,0,101,0,0,44,21,4,30,0,0,0,13,1,0,4,5,8,2,0,1,0,0,0,15,8,0,0,0,0,3,0,0,0,0,0,0,0,0,0,40,0,2,0,0,0,1,0,0,0,1,0,0,0,0,0,4,0,0,0,0,1,0,0,100,0,1,0,0,0,7,8,0,0,0,0,0,0,0,0,0,0,0,0,0,3,0,0,0,0,6,0,0,0,0,0,0,0,3,0,0,0,0,0,0,0,0,0,0,0,0,0,2,0,0,0,0,0,0,0,0,0,0,0,0,0,0,1,20,0,0,0,0,0,0,6,0,0,0,0,0,0,0,0,0,0,0,0,0,0,0,0,0,0,0,0,0,0,0,0,0,0,0,0,0,0,0,0,0,0,0,0,0,0,0,0,0,0,0,0,0,0,0,0,0,0,0,0,0,0,0,0,0,0,0,0,0,0,0,0,0,0
636c78cad73733d6b8b5d0f429a1bd65,2.6,9,55,239,85,4,11,12,65,141,59,12,2,3,6,12360,1,6,0,0,14,15,0,6,1,1,0,0,2,5,7,44,17,0,0,12,4,0,1,0,0,4,2,0,12,0,0,2,0,5,0,1,0,0,0,1,19,0,0,0,0,0,0,0,19906,3,0,1,0,0,0,0,0,0,1,0,12,12,0,0,1,106,0,0,0,39,0,2,2,0,1,0,1,27,23,0,13,0,0,0,9,0,2,0,2,6,1,0,1,0,0,0,13,0,0,0,0,0,2,0,0,1,0,1,0,0,0,0,42,0,1,0,0,0,0,6,0,0,0,0,0,0,0,0,0,0,0,0,0,1,0,0,0,0,0,0,0,0,1,1,0,0,0,0,0,0,0,0,0,0,0,0,0,2,0,0,0,0,0,0,0,0,0,0,0,0,3,0,0,0,0,0,0,0,0,0,0,0,0,0,0,0,0,0,0,0,0,0,0,0,0,0,0,0,0,0,0,0,0,0,0,0,0,0,0,0,0,0,0,0,0,0,0,0,0,0,0,0,0,0,0,0,0,0,0,0,0,0,0,0,0,0,0,0,0,0,0,0,0,0,0,0,0,0,0,0,0,0,0,0,0,0,0,0,0,0,0,0,0,0,0,0,0,0,0,0,0,0,0,0
678c155ab6ded113732106f1e77594f1,5.2,3,13,69,31,4,12,10,1,1,6,1,1,4,3,97,2,23,0,0,9,14,0,1,0,0,0,0,1,0,6,0,3,0,0,8,2,0,1,0,0,4,2,1,10,0,0,2,0,1,0,1,0,0,0,8,13,2,0,24,0,0,0,0,2,1,0,0,0,0,0,0,0,0,0,0,14,14,0,0,1,93,0,0,0,1,0,0,0,0,1,0,1,19,20,0,14,0,0,0,11,3,0,0,1,3,1,0,1,0,0,0,6,0,0,0,0,0,2,0,0,4,0,1,0,0,0,0,38,0,1,0,0,0,0,0,0,0,0,0,0,0,0,0,1,0,0,0,0,2,0,0,0,0,0,0,0,0,1,1,0,0,0,0,0,0,0,0,0,0,0,0,0,1,0,0,0,0,0,0,0,0,0,0,0,0,3,0,0,0,0,0,0,0,0,0,0,0,0,0,0,0,0,0,0,0,6,1,0,0,0,0,0,0,0,0,0,0,0,0,0,0,0,0,0,0,0,0,0,0,0,0,0,0,0,0,0,0,0,0,0,0,0,0,0,0,0,0,0,0,0,0,0,0,0,0,0,0,0,0,2,0,0,0,0,0,0,0,0,0,0,0,0,0,0,0,0,0,0,0,0,0,0,0,0,0,0,0,0,0
787bdd1de6c524a6ec49041560b68138,2.6,5,34,112,52,11,11,16,36,24,64,4,1,5,5,119,10,25,0,2,16,23,1,4,0,0,0,3,2,0,15,35,12,0,184478,5,0,4,1,0,0,4,5,4,18,0,0,2,0,0,0,2,0,0,0,9,12,0,0,0,0,1,0,0,1,0,0,0,0,0,0,0,0,0,0,0,9,10,0,0,0,25,0,1,0,2,0,0,0,0,1,0,0,19,18,0,2,0,0,0,18,4,0,0,5,5,0,0,1,0,0,0,12,8,0,3,3,6,1,0,4,0,0,0,0,0,1,0,35,1,0,0,0,0,1,1,6,3,0,0,0,0,0,0,0,0,0,0,0,2,0,0,1,0,0,0,0,0,1,1,0,0,0,0,0,0,0,0,0,0,2,0,0,3,1,0,0,0,0,0,0,0,0,0,0,0,3,0,0,0,0,0,0,0,0,0,0,0,0,0,1,0,0,0,0,0,0,1,0,0,0,0,0,0,0,0,0,0,0,0,0,0,0,0,0,0,0,0,0,0,0,0,0,0,0,0,0,0,0,0,0,0,0,0,0,0,0,0,0,0,0,0,0,0,0,0,0,0,0,0,0,0,0,0,0,0,0,0,0,0,0,0,0,0,0,0,0,0,0,0,0,0,0,0,0,0,0,0,0,0
0826f81f22867a464021aa2f94576693,3.6,3,39,209,115,3,66,25,101,179,67,81,2,2,7,81,3,24,0,1,10,15,1,3,0,2,2,0,1,2,13,40,22,0,10,4,4,60,1,1,0,2,2,0,5,0,0,1,0,3,0,1,0,0,0,0,2,0,0,0,0,0,0,0,0,3,0,0,0,0,0,0,0,0,0,0,16,17,0,0,385,74,0,0,0,1,0,0,0,0,1,0,1,14,14,2,10,0,0,0,30,19,0,0,10,12,2,0,2,0,0,0,8,0,0,0,6,0,0,0,19,0,0,1,0,0,0,0,29,1,3,3,0,0,0,0,6,5,0,0,0,0,1,1,0,0,0,0,0,1,0,0,0,1,0,0,0,0,1,1,0,0,0,0,0,0,0,0,0,0,0,0,0,2,0,0,0,0,0,0,0,0,0,0,0,0,3,0,0,0,0,0,0,0,0,0,0,0,0,0,1,0,0,0,2,0,0,0,0,0,0,0,0,0,0,0,0,0,0,0,0,0,0,0,0,0,0,0,0,0,0,0,0,0,0,0,0,0,0,0,0,0,0,0,0,0,0,0,0,0,0,0,0,0,0,0,0,0,0,0,0,0,0,0,0,0,0,0,0,0,0,0,0,0,0,0,0,0,0,0,0,0,0,0,0,0,0,0,0,0
64b816007c77d52ed709b39d9068ee31,1.2,0,0,0,0,0,0,0,0,0,0,0,0,0,0,0,0,0,0,0,0,0,0,0,0,0,0,0,0,0,0,0,0,0,0,0,0,0,0,0,0,0,0,0,0,0,0,0,0,0,0,0,0,0,0,0,0,0,0,0,0,0,0,0,0,0,0,0,0,0,0,0,0,0,0,0,0,0,0,0,0,0,0,0,0,0,0,0,0,0,0,0,0,0,0,0,0,0,0,0,0,0,0,0,0,0,0,0,0,0,0,0,0,0,0,0,0,0,0,0,0,1,0,0,0,0,0,0,0,0,0,0,0,0,0,0,0,0,0,0,0,0,0,0,0,0,0,0,0,0,0,0,0,0,0,0,0,0,0,0,0,0,0,0,0,0,0,0,0,0,0,0,0,0,0,0,0,0,0,0,0,0,0,0,0,0,0,0,0,0,0,0,0,0,0,0,0,0,0,0,0,0,0,0,0,0,0,0,0,0,0,0,0,0,0,0,0,0,0,0,0,0,0,0,0,0,0,0,0,0,0,0,0,0,0,0,0,0,0,0,0,0,0,0,0,0,0,0,0,0,0,0,0,0,0,0,0,0,0,0,0,0,0,0,0,0,0,0,0,0,0,0,0,0,0,0,0,0,0,0,0,0,0,0,0,0,0,0,0,0
2c503bebe612e4f0a590dcde41eafa21,6.0,0,6,1,27,0,0,2,0,0,0,2,0,0,0,395,4,36,0,3,14,25,0,21,0,1,0,0,0,2,8,0,27,0,32,0,0,1,0,0,0,3,0,0,2,0,0,0,0,1,0,0,0,1,1,3,0,0,0,0,0,0,0,0,1,0,0,0,0,0,0,0,0,0,2,0,318,318,0,0,0,0,0,0,0,0,0,1,1,0,0,1,0,0,0,0,0,0,0,0,9,1,61,0,5,11,0,0,0,0,0,0,0,0,0,0,0,0,1,0,0,0,0,0,0,0,0,0,0,0,0,67,0,0,0,0,0,0,0,0,0,0,0,0,0,0,0,0,0,0,0,0,0,0,0,0,12,0,0,0,0,0,0,0,0,0,0,0,0,0,0,0,0,0,0,0,0,0,0,0,0,0,0,0,0,0,0,0,0,0,0,0,0,0,0,0,0,0,0,1,0,0,0,8,0,0,0,0,0,0,0,0,0,0,0,0,0,0,0,9,0,0,0,0,0,0,0,0,0,0,0,0,0,0,0,0,0,0,0,0,0,0,0,1,0,0,0,0,0,0,0,0,1,1,0,0,0,0,0,0,0,0,0,0,0,0,0,0,0,0,0,0,0,0,0,0,0,0,0,0,0,0,0,0,0,0,0,0,0,0
6a5bdec7d2dca76872310fd305642d94,1.8,0,19,518,8,5,3,2,2,1,6,1,0,3,1,33,1,5,1,2,6,5,1,2,1,1,2,2,0,0,0,1,2,1,1,0,0,6,0,0,0,0,0,0,0,0,0,0,0,0,0,0,0,0,0,3,1,0,0,0,0,0,0,0,0,0,0,0,0,0,0,0,0,0,0,0,0,0,0,0,0,0,0,0,0,0,0,0,0,0,0,0,0,0,0,0,0,0,0,0,0,0,0,0,0,0,0,0,0,0,0,0,0,0,0,0,0,0,0,0,0,0,0,0,0,0,0,0,0,0,0,0,0,0,0,0,0,0,0,0,0,0,0,0,0,0,0,0,0,0,0,0,0,0,0,0,0,0,0,0,0,0,0,0,0,0,0,0,0,0,0,0,0,0,0,0,0,0,0,0,0,0,0,0,0,0,0,0,0,0,0,0,0,0,0,0,0,0,0,0,0,0,0,0,0,0,0,0,0,0,0,0,0,0,0,0,0,0,0,0,0,0,0,0,0,0,0,0,0,0,0,0,0,0,0,0,0,0,0,0,0,0,0,0,0,0,0,0,0,0,0,0,0,0,0,0,0,0,0,0,0,0,0,0,0,0,0,0,0,0,0,0,0,0,0,0,0,0,0,0,0,0,0,0,0,0,0,0,0,0
6a8efa09482c5378ada0f7bca77f8d77,5.8,2,24,83,63,7,15,98,488,2237,378,0,0,3,2,296,17,69,1,2,38,17,2,6,1,3,3,6,1,14,16,12,72,12,124,2,0,0,8,0,0,14,0,7,14,11,0,3,0,0,0,1,10,2,2,12,7,0,0,0,0,0,2,2,0,16,10,2,0,0,0,0,0,0,0,0,0,0,0,0,0,0,0,1,0,1,0,0,0,0,18,0,0,4,2,2,0,111,0,0,13,110,0,4,9,11,0,0,0,0,0,0,8,8,0,0,1,9,0,0,0,0,0,0,0,0,0,0,4,2,5,3,1,0,1,0,0,0,0,0,0,0,0,0,0,0,0,0,0,0,0,0,0,0,0,0,0,0,0,0,0,0,0,0,0,0,0,0,0,0,0,0,0,6,0,0,0,0,0,0,0,0,0,0,0,0,0,0,0,0,0,0,0,0,0,0,0,0,0,0,0,3,0,0,0,0,0,0,0,0,0,0,0,0,0,0,0,0,0,0,0,0,0,0,0,0,0,0,2,0,0,0,0,0,0,0,0,0,0,0,0,0,0,0,0,0,0,0,0,0,0,0,0,0,0,0,0,0,0,0,0,0,0,0,0,0,0,0,0,0,0,0,0,0,0,0,0,0,0,0,0,0,0,0,0,0,0,0,0,0
6a1483753e5052cae73622fd4fe51ded,4.8,0,3,25,17,1,3,0,1,0,3,0,0,1,0,34,2,4,1,1,8,7,1,2,1,1,2,2,0,0,0,1,1,1,1,0,0,10,0,0,0,0,0,0,0,0,0,1,0,1,0,0,6,1,0,3,1,0,0,0,0,0,0,0,0,0,0,0,0,0,0,0,0,0,0,0,0,0,0,0,0,6,0,0,0,0,0,0,0,0,0,0,0,0,0,0,0,0,0,0,0,0,0,0,0,1,1,0,2,0,0,0,0,0,0,0,0,0,0,0,0,2,2,0,0,0,0,0,0,0,0,0,0,0,0,0,0,0,0,0,0,0,1,0,0,0,0,0,0,0,0,1,0,0,0,0,0,0,0,0,0,0,0,0,0,0,0,0,0,0,0,0,0,0,0,0,0,0,0,0,0,0,0,0,0,0,0,0,0,0,0,0,0,0,0,0,0,0,0,0,0,0,0,0,0,0,0,0,0,0,0,0,0,0,0,0,0,0,0,5,0,0,0,0,0,0,0,0,0,0,0,0,0,0,0,0,0,0,0,0,0,0,0,0,0,0,0,0,0,0,0,0,0,0,0,0,0,0,0,0,0,0,0,0,0,0,0,0,0,0,0,0,0,0,0,0,0,0,0,0,0,0,0,0,0,0,0,0,0,0
6abe01b6bd538b05f6eca7ecad5cf3e6,1.8,0,18,362,11,5,4,2,5,3,8,2,1,3,1,31,1,5,1,2,6,5,1,2,1,1,2,2,0,0,0,1,2,1,1,0,0,6,0,0,0,0,0,0,0,0,0,0,0,0,0,0,0,0,0,3,1,0,0,0,0,0,0,0,0,0,0,0,0,0,0,0,0,0,0,0,0,0,0,0,0,0,0,0,0,0,0,0,0,0,0,0,0,0,0,0,0,0,0,0,0,0,0,0,0,0,0,0,0,0,0,0,0,0,0,0,0,0,0,0,0,0,0,0,0,0,0,0,0,0,0,0,0,0,0,0,0,0,0,0,0,0,0,0,0,0,0,0,0,0,0,0,0,0,0,0,0,0,0,0,0,0,0,0,0,0,0,0,0,0,0,0,0,0,0,0,0,0,0,0,0,0,0,0,0,0,0,0,0,0,0,0,0,0,0,0,0,0,0,0,0,0,0,0,0,0,0,0,0,0,0,0,0,0,0,0,0,0,0,0,0,0,0,0,0,0,0,0,0,0,0,0,0,0,0,0,0,0,0,0,0,0,0,0,0,0,0,0,0,0,0,0,0,0,0,0,0,0,0,0,0,0,0,0,0,0,0,0,0,0,0,0,0,0,0,0,0,0,0,0,0,0,0,0,0,0,0,0,0,0
6abfb59c805c2f8b7977ab7ac36d2e84,1.6,0,15,357,219,5,3,2,2,1,6,1,0,3,1,32,1,3,1,1,8,7,1,2,1,1,2,2,0,0,0,1,2,1,1,0,0,1,0,0,0,0,0,0,0,0,0,0,0,0,0,0,0,0,0,3,1,0,0,0,0,0,0,0,0,0,0,0,0,0,0,0,0,0,0,0,0,0,0,0,0,0,0,0,0,0,0,0,0,0,0,0,0,0,0,0,0,0,0,0,0,0,0,0,1,1,0,0,0,0,0,0,1,0,0,3,0,0,0,0,0,0,0,0,0,0,0,0,0,0,0,0,0,0,0,0,0,0,0,0,0,0,0,0,0,0,0,0,0,0,0,0,0,0,0,0,0,0,0,0,0,0,0,0,0,0,0,0,0,0,0,0,0,0,0,0,0,0,0,0,0,0,0,0,0,0,0,0,0,0,0,0,0,0,0,0,0,0,0,0,0,0,0,0,1,0,0,0,0,0,0,0,0,0,0,0,0,0,0,0,0,0,0,0,0,0,0,0,0,0,0,0,0,0,0,0,0,0,0,0,0,0,0,0,0,0,0,0,0,0,0,0,0,0,0,0,0,0,0,0,0,0,0,0,0,0,0,0,0,0,0,0,0,0,0,0,0,0,0,0,0,0,0,0,0,0,0,0,0,0
6acaecf5290266704864ebe2dd0fffe8,1.4,0,22,672,11,5,3,2,5,3,8,2,1,3,1,97,1,4,1,3,6,5,1,2,1,1,2,2,0,0,0,1,1,1,1,0,0,5,0,0,0,0,0,0,0,0,0,0,0,0,0,0,0,0,0,3,1,0,0,0,0,0,0,0,1,0,0,0,0,0,0,0,0,0,0,0,0,0,0,0,0,1,0,0,0,0,0,0,0,0,0,0,0,0,0,0,0,0,0,0,0,0,0,0,0,0,0,0,0,0,0,0,0,0,0,0,0,0,0,0,0,0,0,0,0,0,0,0,0,0,0,0,0,0,0,0,0,0,0,0,0,0,0,0,0,0,0,0,0,0,0,0,0,0,0,0,0,0,0,0,0,0,0,0,0,0,0,0,0,0,0,0,0,0,0,0,0,0,0,0,0,0,0,0,0,0,0,0,0,0,0,0,0,0,0,0,0,0,0,0,0,0,0,0,0,0,0,0,0,0,0,0,0,0,0,0,0,0,0,0,0,0,0,0,0,0,0,0,0,0,0,0,0,0,0,0,0,0,0,0,0,0,0,0,0,0,0,0,0,0,0,0,0,0,0,0,0,0,0,0,0,0,0,0,0,0,0,0,0,0,0,0,0,0,0,0,0,0,0,0,0,0,0,0,0,0,0,0,0,0
6af5b9b7a40c38956b6803715102e518,2.8,0,22,79,13,526,8,2,41,21,97,0,0,79,0,155,4,11,1,0,3,3,0,9,0,0,188,0,3,0,23,0,83,0,3,1,5,0,0,0,0,2,3,0,1,0,0,0,1,0,0,2,0,0,0,3,12,0,0,0,0,0,0,0,3,0,202,1,0,3,3,0,0,0,1,0,0,0,0,0,0,0,0,0,0,0,0,1,2,0,0,0,0,0,0,0,0,0,0,1,2,16,0,0,1,4,0,0,1,0,0,0,1,0,0,0,3,0,3,0,0,0,0,0,0,0,0,0,0,1,3,0,0,0,0,0,0,0,1,0,0,0,0,0,40,0,0,0,0,0,0,0,0,0,0,0,0,0,2,1,0,0,0,0,0,0,0,0,0,0,0,0,0,3,0,6,0,0,0,0,0,0,0,0,0,21,0,0,0,0,0,0,0,0,0,0,0,0,0,0,0,0,0,0,0,0,2,0,0,0,0,1,1,0,0,0,0,0,0,0,0,0,0,3,0,0,0,0,0,0,0,0,0,0,0,0,0,0,0,0,0,0,0,0,0,0,0,0,0,0,0,0,0,0,0,0,0,0,0,0,0,0,0,0,0,0,0,0,0,0,0,0,0,0,0,0,0,0,0,0,0,0,0,0,0,0,0,0,0,0
6b0a8ff930371630341eeb771f9447d1,1.4,0,14,355,6,5,4,2,2,1,6,1,0,3,1,31,1,4,1,2,6,5,1,2,1,1,2,2,0,0,0,1,1,1,1,0,0,4,0,0,0,0,0,0,0,0,0,0,0,0,0,0,0,0,0,3,1,0,0,0,0,0,0,0,0,0,0,0,0,0,0,0,0,0,0,0,0,0,0,0,0,0,0,0,0,0,0,0,0,0,0,0,0,0,0,0,0,0,0,0,0,0,0,0,0,0,0,0,0,0,0,0,0,0,0,0,0,0,0,0,0,0,0,0,0,0,0,0,0,0,0,0,0,0,0,0,0,0,0,0,0,0,0,0,0,0,0,0,0,0,0,0,0,0,0,0,0,0,0,0,0,0,0,0,0,0,0,0,0,0,0,0,0,0,0,0,0,0,0,0,0,0,0,0,0,0,0,0,0,0,0,0,0,0,0,0,0,0,0,0,0,0,0,0,0,0,0,0,0,0,0,0,0,0,0,0,0,0,0,0,0,0,0,0,0,0,0,0,0,0,0,0,0,0,0,0,0,0,0,0,0,0,0,0,0,0,0,0,0,0,0,0,0,0,0,0,0,0,0,0,0,0,0,0,0,0,0,0,0,0,0,0,0,0,0,0,0,0,0,0,0,0,0,0,0,0,0,0,0,0
04d20929198d39f14690afc83e185a46,10.0,2,128,6446,153,56,4235,77,170,113,340,14,4,42,10,22732,3,26,6,7,266,429,4,67,7,13,34,6,2,238,10427,10414,10437,9,20862,282,11,341,6,165,1,3475,5,6941,5136,0,0,5,0,36,142,1,401,0,0,2,14,7,7,293,12,1,1,1,575,26,6956,46,60,6,4,4,2,2,9,0,774,608,1,6,1326,913,430,87,1,54,3,7,7,5,24,26,105,105,105,3,99,0,4,0,3482,3483,2,2,6,6,25,155,4,3,12,10,2,0,0,38143,3467,76289,0,0,0,1,5214,1,0,0,0,0,0,0,0,0,5,0,0,0,0,0,0,0,0,0,0,0,3,0,0,0,0,0,0,0,0,0,0,0,0,0,0,0,0,0,0,0,0,0,0,0,0,1,0,0,0,2,0,0,0,0,0,0,0,0,0,0,0,0,0,0,0,0,0,0,0,0,0,0,0,0,0,0,0,0,1,0,2,0,0,0,0,0,0,0,0,0,0,0,0,0,0,0,0,0,0,0,1,1,6934,0,0,0,0,0,0,0,0,0,0,0,0,0,0,0,0,0,0,0,0,0,0,0,0,0,0,0,0,0,0,0,0,0,0,0,0,0,0,0,0,0,0,0,0,0,0,0,0,0,0,0,0,0,0,0,0,0,0,0,0,0,0,0
04f35d2411b4fcab5a5c4d4fe731c1d0,1.8,34,23,2639,13,7,2293,4,22,67,21,3,1,3,1,33,1,2,1,1,8,5,1,2,1,1,1,2,1,2,2,1,1,1,1,0,0,0,0,0,0,0,0,0,0,0,0,0,0,0,0,0,0,0,0,3,1,0,0,0,0,0,0,0,0,0,0,0,0,0,0,0,0,0,0,0,0,0,0,0,0,0,0,0,0,0,0,0,0,0,0,0,0,0,0,0,0,0,0,0,0,0,0,0,0,0,0,0,0,0,0,0,0,0,0,0,0,0,0,0,0,0,0,0,0,0,0,0,0,0,0,0,0,0,0,0,0,0,0,0,0,0,0,0,0,0,0,0,0,0,0,0,0,0,0,0,0,0,0,0,0,0,0,0,0,0,0,0,0,0,0,0,0,0,0,0,0,0,0,0,0,0,0,0,0,0,0,0,0,0,0,0,0,0,0,0,0,0,0,0,0,0,0,0,0,0,0,0,0,0,0,0,0,0,0,0,0,0,0,0,0,0,0,0,0,0,0,0,0,0,0,0,0,0,0,0,0,0,0,0,0,0,0,0,0,0,0,0,0,0,0,0,0,0,0,0,0,0,0,0,0,0,0,0,0,0,0,0,0,0,0,0,0,0,0,0,0,0,0,0,0,0,0,0,0,0,0,0,0,0
4a1f36d66d63e4b505b8a437a977a0f0,4.8,0,3,25,17,1,3,0,1,0,3,0,0,1,0,34,2,4,1,1,8,7,1,2,1,1,2,2,0,0,0,1,1,1,1,0,0,10,0,0,0,0,0,0,0,0,0,1,0,1,0,0,6,1,0,3,1,0,0,0,0,0,0,0,0,0,0,0,0,0,0,0,0,0,0,0,0,0,0,0,0,6,0,0,0,0,0,0,0,0,0,0,0,0,0,0,0,0,0,0,0,0,0,0,0,1,1,0,2,0,0,0,0,0,0,0,0,0,0,0,0,2,2,0,0,0,0,0,0,0,0,0,0,0,0,0,0,0,0,0,0,0,1,0,0,0,0,0,0,0,0,1,0,0,0,0,0,0,0,0,0,0,0,0,0,0,0,0,0,0,0,0,0,0,0,0,0,0,0,0,0,0,0,0,0,0,0,0,0,0,0,0,0,0,0,0,0,0,0,0,0,0,0,0,0,0,0,0,0,0,0,0,0,0,0,0,0,0,0,5,0,0,0,0,0,0,0,0,0,0,0,0,0,0,0,0,0,0,0,0,0,0,0,0,0,0,0,0,0,0,0,0,0,0,0,0,0,0,0,0,0,0,0,0,0,0,0,0,0,0,0,0,0,0,0,0,0,0,0,0,0,0,0,0,0,0,0,0,0,0
4a8bcb2972c5e34c12d3f67a4bc16bf0,1.2,0,11,251,10,1,28,4,0,0,1,3,1,1,3,38,1,5,1,2,8,12,1,2,1,1,2,2,0,0,0,1,1,1,1,1,0,4,0,0,0,0,0,0,0,0,0,0,0,0,0,0,0,0,0,3,1,0,0,0,0,0,0,0,0,0,0,0,0,0,0,0,0,0,0,0,0,11,0,0,0,0,0,0,0,0,0,0,0,0,0,0,0,0,0,0,0,0,0,0,0,0,0,0,0,0,0,0,0,0,0,0,0,0,0,0,0,0,0,0,0,0,0,0,0,0,0,0,0,0,0,0,0,0,0,0,0,0,0,0,0,0,0,0,0,0,0,0,0,0,0,0,0,0,0,0,0,0,0,0,0,0,0,0,0,0,0,0,0,0,0,0,0,0,0,0,0,0,0,0,0,0,0,0,0,0,0,0,0,0,0,0,0,0,0,0,0,0,0,0,0,0,0,0,0,0,0,0,0,0,0,0,0,0,0,0,0,0,0,0,0,0,0,0,0,0,0,0,0,0,0,0,0,0,0,0,0,0,0,0,0,0,0,0,0,0,0,0,0,0,0,0,0,0,0,0,0,0,0,0,0,0,0,0,0,0,0,0,0,0,0,0,0,0,0,0,0,0,0,0,0,0,0,0,0,0,0,0,0,0
4a80b097eaa8427f266a099908466258,2.0,0,21,492,11,5,4,2,5,3,8,3,1,3,1,29,1,4,1,2,6,5,1,2,1,1,2,2,0,0,0,1,1,1,1,0,0,11,0,0,0,0,0,0,0,0,0,0,0,0,0,0,6,0,0,3,1,0,0,0,0,0,0,0,0,0,0,0,0,0,0,0,0,0,0,0,0,0,0,0,0,0,0,0,0,0,0,0,0,0,0,0,0,0,0,0,0,0,0,0,0,0,0,0,0,0,0,0,0,0,0,0,0,0,0,0,0,0,0,0,0,0,4,0,0,0,0,0,0,0,0,0,0,0,0,0,0,0,0,0,0,0,0,0,0,0,0,0,0,0,0,0,0,0,0,0,0,0,0,0,0,0,0,0,0,0,0,0,0,0,0,0,0,0,0,0,0,0,0,0,0,0,0,0,0,0,0,0,0,0,0,0,0,0,0,0,0,0,0,0,0,0,0,0,0,0,0,0,0,0,0,0,0,0,0,0,0,0,0,0,0,0,0,0,0,0,0,0,0,0,0,0,0,0,0,0,0,0,0,0,0,0,0,0,0,0,0,0,0,0,0,0,0,0,0,0,0,0,0,0,0,0,0,0,0,0,0,0,0,0,0,0,0,0,0,0,0,0,0,0,0,0,0,0,0,0,0,0,0,0
4a83c71e35d3f42d0ceac5ba1b467e00,6.6,10,45341,5859,13,11302,134,1,1,0,11295,1,0,11297,2,1727,2,9,9,1,5,5,0,2,0,1,5651,0,0,0,0,0,5649,0,5646,1,0,3,0,0,0,0,0,3,0,0,0,1,0,3,0,0,0,0,0,3,65,1501,1501,61044,0,0,0,0,7155,0,0,0,0,9,8,0,0,0,0,0,0,2,0,0,0,8,0,0,0,0,0,0,0,0,0,0,0,0,0,0,0,0,0,0,0,0,0,0,3,5,1,0,0,0,0,0,1,0,0,0,5646,0,0,0,0,0,2,0,0,0,0,0,0,0,0,0,0,0,0,1,0,0,0,0,0,0,0,0,0,0,0,0,0,0,0,0,0,0,0,0,0,0,0,4,0,0,0,0,0,0,0,0,0,0,0,0,0,0,0,0,0,0,8,0,0,0,0,0,0,0,0,0,0,0,0,0,0,0,0,0,0,0,0,0,0,0,0,0,0,0,0,0,0,0,0,0,0,0,0,1,0,0,0,0,0,0,0,8,0,0,0,0,0,0,0,0,0,0,0,0,0,0,0,0,0,0,0,0,0,0,0,0,0,0,0,0,0,0,0,0,0,0,0,0,0,0,0,0,0,0,0,0,0,0,0,0,0,0,0,0,0,0,0,0,0,0,0,0,0,0,0,0,0,0
4a494e1aefac242d48c877624896cfcc,1.6,0,2,22,2,0,0,0,0,0,0,0,0,0,0,0,0,1,0,0,0,0,0,0,0,0,0,0,0,0,0,0,0,0,0,0,0,2,0,0,0,0,0,0,0,0,0,0,0,0,0,0,0,0,0,1,0,0,0,0,0,0,0,0,0,0,0,0,0,0,0,0,0,0,0,0,0,0,0,0,0,0,0,0,0,0,0,0,0,0,0,0,0,2,0,0,0,0,0,0,0,0,0,0,0,0,0,0,1,0,0,0,0,0,0,0,0,0,0,0,0,2,0,0,0,0,0,0,0,0,0,0,0,0,0,0,0,0,0,0,0,0,0,0,0,0,0,0,0,0,0,0,0,0,0,0,0,0,0,0,0,0,0,0,0,0,0,0,0,0,0,0,0,0,0,0,0,0,0,0,0,0,0,0,0,0,0,0,0,0,0,0,0,0,0,0,0,0,0,0,0,0,0,0,0,0,0,0,0,0,0,0,0,0,0,0,0,0,0,0,0,0,0,0,0,0,0,0,0,0,0,0,0,0,0,0,0,0,0,0,0,0,0,0,0,0,0,0,0,0,0,0,0,0,0,0,0,0,0,0,0,0,0,0,0,0,0,0,0,0,0,0,0,0,0,0,0,0,0,0,0,0,0,0,0,0,0,0,0,0
4a72628a62f48dcaeb1d5461b26f7942,13.2,13,303,3122,491,50,671,110,336,369,620,73,441,86,15,4582,54,119,5,67,329,605,4,119,7,8,73,21,11,786,82,48,95,25,154,471,1,424,26,333,5,38,1,2,15502,0,0,5,876,60,272,1,660,0,0,4,44,22,22,897,14,18,17,17,1019,39,377,78,0,1,0,18,1,1,17,1,962,771,1,6,1197,1999,559,101,6,68,3,9,10,6,30,36,134,144,107,19,153,22,5,0,101,818,2,13,20,66,29,221,3,3,24,16,20,24,4,8,2,3,28,0,0,2,15401,0,0,1,1,8,0,1,1,4,63,0,0,0,6,0,783,0,0,5,2,0,15,0,4,6,2,0,0,0,5,0,0,0,13,0,13,23,0,0,0,7,2,2,6,0,0,4,4,28,0,3,61,2,0,4,0,0,2,0,0,0,15,0,0,0,0,0,0,0,0,0,0,0,0,0,0,0,0,0,1,0,6,0,0,0,0,0,0,1,0,0,0,0,0,0,0,0,0,0,7,0,6,2,0,0,0,0,0,7,5,0,0,0,0,0,0,0,0,0,0,0,0,1,0,0,0,0,0,0,0,0,0,0,0,0,0,0,0,1,2,0,0,0,0,0,0,0,0,0,0,0,0,0,0,0,0,0,0,0,0,0,0,0,0,0,0,0
4aab7b625c1912e69b94c1408a94ad68,1.8,0,16,437,15,5,5,2,5,3,8,2,1,3,1,31,1,10,1,2,6,5,1,2,1,1,2,2,0,0,0,1,1,1,1,0,0,6,0,0,0,0,0,0,0,0,0,0,0,0,0,0,0,0,0,3,1,0,0,0,0,0,0,0,0,0,0,0,0,0,0,0,0,0,0,0,0,0,0,0,0,0,0,0,0,0,0,0,0,0,0,0,0,0,0,0,0,0,0,0,0,0,0,0,0,0,0,0,3,0,0,0,0,0,0,0,0,0,0,0,0,0,0,0,0,0,0,0,0,0,0,0,0,0,0,0,0,0,0,0,0,0,0,0,0,0,0,0,0,0,0,0,0,0,0,0,0,0,0,0,0,0,0,0,0,0,0,0,0,0,0,0,0,0,0,0,0,0,0,0,0,0,0,0,0,0,0,0,0,0,0,0,0,0,0,0,0,0,0,0,0,0,0,0,0,0,0,0,0,0,0,0,0,0,0,0,0,0,0,0,0,0,0,0,0,0,0,0,0,0,0,0,0,0,0,0,0,0,0,0,0,0,0,0,0,0,0,0,0,0,0,0,0,0,0,0,0,0,0,0,0,0,0,0,0,0,0,0,0,0,0,0,0,0,0,0,0,0,0,0,0,0,0,0,0,0,0,0,0,0
4ad4e6890d979022f785a8dd4c915575,1.4,0,23,2577,17,9,2140,5,23,68,22,2,1,3,3,36,2,1,1,2,9,6,1,2,1,1,1,2,1,2,2,1,3,1,1,0,0,3,0,0,0,0,0,0,0,0,0,0,0,0,0,0,0,0,0,3,1,0,0,0,0,0,0,0,0,0,0,0,0,0,0,0,0,0,0,0,0,0,0,0,0,0,0,0,0,0,0,0,0,0,0,0,0,0,0,0,0,0,0,0,0,0,0,0,0,0,0,0,0,0,0,0,0,0,0,0,0,0,0,0,0,0,0,0,0,0,0,0,0,0,0,0,0,0,0,0,0,0,0,0,0,0,0,0,0,0,0,0,0,0,0,0,0,0,0,0,0,0,0,0,0,0,0,0,0,0,0,0,0,0,0,0,0,0,0,0,0,0,0,0,0,0,0,0,0,0,0,0,0,0,0,0,0,0,0,0,0,0,0,0,0,0,0,0,0,0,0,0,0,0,0,0,0,0,0,0,0,0,0,0,0,0,0,0,0,0,0,0,0,0,0,0,0,0,0,0,0,0,0,0,0,0,0,0,0,0,0,0,0,0,0,0,0,0,0,0,0,0,0,0,0,0,0,0,0,0,0,0,0,0,0,0,0,0,0,0,0,0,0,0,0,0,0,0,0,0,0,0,0,0
4b0eba99d0d9ab29d52dd965fa0a2262,9.8,19,154,6638,3264,74,4436,198,234,248,482,14,4,58,12,20214,3,4167,6,7,267,481,4,81,7,13,32,12,7,245,9139,9136,9161,9,18306,288,10,341,5,240,1,3047,5,6089,5616,4,3,5,0,37,216,1,406,0,0,2,15,7,7,297,13,2,2,3,456,29,6104,94,92,11,8,6,3,3,13,1,760,605,1,113,1365,1395,481,69,1,55,3,10,10,7,23,36,105,121,105,4,96,1,7,2,3049,3051,2,3,7,7,24,186,4,3,20,15,12,14,0,33461,3041,66920,0,0,0,1,5604,1,0,0,0,0,0,0,0,0,3,0,0,0,0,0,0,0,0,0,0,0,0,0,0,0,0,0,0,0,0,0,0,0,0,0,0,0,0,0,0,0,0,0,0,0,0,1,0,0,0,0,0,0,0,0,0,0,0,0,0,0,0,0,0,0,0,0,0,0,0,0,0,0,0,0,0,0,0,0,0,0,1,0,0,0,0,0,0,0,0,0,0,0,0,0,0,0,0,0,0,0,1,1,6084,0,0,0,0,0,0,0,0,0,0,0,0,0,0,0,0,0,0,0,0,0,0,0,0,0,0,0,0,0,0,0,0,0,0,0,0,0,0,0,0,0,0,0,0,0,0,0,0,0,0,0,0,0,0,0,0,0,0,0,0,0,0,0
4b7cec2fbad5c66b35b9901475a35c55,11.4,0,95,1432,4034,13,81,36,157,89,339,10,4,11,8,15356,1,5990,5,6,162,371,4,56,4,4,50,6,1,314,6723,6710,6729,14,13450,402,1,118,6,218,1,2239,5,4466,7095,0,0,2,0,35,194,1,163,0,0,2,19,10,10,413,10,1,1,1,608,15,4499,16,0,2,0,17,2,1,2,2,372,367,1,3,1386,1376,679,133,5,49,0,2,2,6,14,14,105,105,105,1,79,0,0,0,2242,2282,3,0,1,1,27,170,1,0,11,0,0,0,0,24547,2231,49097,0,0,0,0,6963,0,0,1,1,0,0,0,1,0,5,0,0,0,0,0,0,0,0,0,0,0,3,0,0,0,0,0,0,0,0,0,0,0,0,0,2,7,0,0,0,5,0,0,5,0,0,1,0,15,0,4,0,1,0,4,0,0,2,0,0,0,12,0,0,0,0,0,0,0,0,0,0,0,0,0,0,0,0,0,1,0,1,0,0,0,0,0,0,0,0,0,0,0,0,0,0,0,0,0,5,0,1,2,4462,0,0,0,0,5,4,0,0,0,0,0,0,0,0,0,0,0,0,1,0,0,0,0,0,0,0,0,0,0,0,0,0,0,0,0,0,0,0,0,0,0,0,0,0,0,0,0,0,0,0,0,0,0,0,0,0,0,0,0,0,0,0,0
4b8b498b3215d9a506f8a69a66247ecc,1.4,0,14,355,6,5,4,2,2,1,6,1,0,3,1,31,1,4,1,2,6,5,1,2,1,1,2,2,0,0,0,1,1,1,1,0,0,4,0,0,0,0,0,0,0,0,0,0,0,0,0,0,0,0,0,3,1,0,0,0,0,0,0,0,0,0,0,0,0,0,0,0,0,0,0,0,0,0,0,0,0,0,0,0,0,0,0,0,0,0,0,0,0,0,0,0,0,0,0,0,0,0,0,0,0,0,0,0,0,0,0,0,0,0,0,0,0,0,0,0,0,0,0,0,0,0,0,0,0,0,0,0,0,0,0,0,0,0,0,0,0,0,0,0,0,0,0,0,0,0,0,0,0,0,0,0,0,0,0,0,0,0,0,0,0,0,0,0,0,0,0,0,0,0,0,0,0,0,0,0,0,0,0,0,0,0,0,0,0,0,0,0,0,0,0,0,0,0,0,0,0,0,0,0,0,0,0,0,0,0,0,0,0,0,0,0,0,0,0,0,0,0,0,0,0,0,0,0,0,0,0,0,0,0,0,0,0,0,0,0,0,0,0,0,0,0,0,0,0,0,0,0,0,0,0,0,0,0,0,0,0,0,0,0,0,0,0,0,0,0,0,0,0,0,0,0,0,0,0,0,0,0,0,0,0,0,0,0,0,0
4b1533f436d99882edb3f9df54315e1b,3.8,2,24,949,44,530,792,3,44,24,87,2,1,81,0,58,1,76,1,0,2,2,0,9,0,0,188,0,3,0,23,0,82,0,2,1,5,0,0,0,0,2,3,0,0,0,0,0,1,0,0,2,0,0,0,0,0,0,0,0,0,0,0,0,5,0,202,1,0,5,4,0,0,0,1,0,0,0,0,0,0,0,0,0,0,0,0,1,2,0,0,0,0,0,0,0,0,0,0,1,2,16,0,0,1,4,0,0,1,0,0,0,1,0,0,0,3,0,0,0,0,0,0,0,0,0,0,0,0,1,3,0,0,0,0,0,0,0,1,0,0,0,0,0,8,0,0,0,0,0,0,0,0,0,0,0,0,0,2,1,0,0,0,0,0,0,0,0,0,0,0,0,0,3,0,10,0,0,0,0,0,0,0,0,0,21,0,0,0,0,0,0,0,0,0,0,0,0,0,0,0,0,0,0,0,0,2,0,0,0,0,1,1,0,0,0,0,0,0,0,0,0,0,4,0,0,0,0,0,0,0,0,0,0,0,0,0,0,0,0,0,0,0,0,0,0,0,0,0,0,0,0,0,0,0,0,0,0,0,0,0,0,0,0,0,0,0,0,0,0,0,0,0,0,0,0,0,0,0,0,0,0,0,0,0,0,0,0,0,0
4c4aab33b188f0502af7b3585075d8b2,2.0,0,20,332,8,5,6,2,5,3,8,2,1,3,1,33,1,4,1,2,6,5,1,2,1,1,2,2,0,0,0,1,1,1,1,0,0,12,0,0,0,0,1,0,0,0,0,0,0,0,0,0,0,0,0,3,1,0,0,0,0,0,0,0,0,0,0,0,0,0,0,0,0,0,0,0,0,0,0,0,0,0,0,0,0,0,0,0,0,0,0,0,0,0,0,0,0,0,0,0,3,0,0,0,3,0,0,0,0,0,0,0,0,0,0,0,0,0,0,0,0,0,0,0,0,0,0,0,0,0,0,0,0,0,0,0,0,0,0,0,0,0,0,0,0,0,0,0,0,0,0,0,0,0,0,0,0,0,0,0,0,0,0,0,0,0,0,0,0,0,0,0,0,0,0,0,0,0,0,0,0,0,0,0,0,0,0,0,0,0,0,0,0,0,0,0,0,0,0,0,0,0,0,0,0,0,0,0,0,0,0,0,0,0,0,0,0,0,0,0,0,0,0,0,0,0,0,0,0,0,0,0,0,0,0,0,0,0,0,0,0,0,0,0,0,0,0,0,0,0,0,0,0,0,0,0,0,0,0,0,0,0,0,0,0,0,0,0,0,0,0,0,0,0,0,0,0,0,0,0,0,0,0,0,0,0,0,0,0,0
4c8a9f77b1ae264a052f9c384055988d,6.2,0,3,27,7,1,2,0,1,0,3,1,0,1,0,35,2,2,1,1,7,6,1,2,1,2,2,2,0,0,0,1,1,1,1,0,0,4,0,0,0,0,0,0,0,0,0,1,0,0,0,0,11,1,1,6,2,0,0,0,0,0,0,0,0,0,0,0,0,0,0,0,0,0,0,0,0,0,0,0,0,0,0,0,0,0,0,0,0,0,0,0,0,0,0,0,0,0,0,0,0,0,0,0,0,0,0,0,0,0,0,0,0,0,0,0,0,0,0,0,0,0,4,0,0,0,0,0,0,0,0,0,0,0,0,0,0,0,0,0,0,0,0,0,0,0,0,0,0,0,0,0,0,0,0,0,0,0,0,0,0,0,0,0,0,0,0,0,0,0,0,0,0,0,0,0,0,0,0,0,0,0,0,0,0,0,0,0,0,0,0,0,0,0,0,0,0,0,0,0,0,0,0,0,0,0,0,0,0,0,0,0,0,0,0,0,0,0,0,0,0,0,0,0,0,0,0,0,0,0,0,0,0,0,0,0,0,0,0,0,0,0,0,0,0,0,0,0,0,0,0,0,0,0,0,0,0,0,0,0,0,0,0,0,0,0,0,0,0,0,0,0,0,0,0,0,0,0,0,0,0,0,0,0,0,0,0,0,0,0
4c38e8b4c1383ca3665975d5c6eaed43,1.4,0,14,354,10,5,3,2,5,3,8,2,1,3,1,27,1,5,1,4,6,5,1,2,1,1,2,2,0,0,0,1,1,1,1,0,0,4,0,0,0,0,0,0,0,0,0,0,0,0,0,0,0,0,0,3,1,0,0,0,0,0,0,0,0,0,0,0,0,0,0,0,0,0,0,0,0,0,0,0,0,0,0,0,0,0,0,0,0,0,0,0,0,0,0,0,0,0,0,0,0,0,0,0,0,0,0,0,1,0,0,0,0,0,0,0,0,0,0,0,0,0,0,0,0,0,0,0,0,0,0,0,0,0,0,0,0,0,0,0,0,0,0,0,0,0,0,0,0,0,0,0,0,0,0,0,0,0,0,0,0,0,0,0,0,0,0,0,0,0,0,0,0,0,0,0,0,0,0,0,0,0,0,0,0,0,0,0,0,0,0,0,0,0,0,0,0,0,0,0,0,0,0,0,0,0,0,0,0,0,0,0,0,0,0,0,0,0,0,0,0,0,0,0,0,0,0,0,0,0,0,0,0,0,0,0,0,0,0,0,0,0,0,0,0,0,0,0,0,0,0,0,0,0,0,0,0,0,0,0,0,0,0,0,0,0,0,0,0,0,0,0,0,0,0,0,0,0,0,0,0,0,0,0,0,0,0,0,0,0
4c330ecb259b4cc0f5864da7209e0656,5.6,0,2,24,8,1,2,0,1,0,3,0,0,1,0,40,2,2,1,1,7,6,1,2,1,2,2,2,0,0,0,1,1,1,1,0,0,4,0,0,0,0,0,0,0,0,0,1,0,0,0,0,11,1,1,6,2,0,0,0,0,0,0,0,0,0,0,0,0,0,0,0,0,0,0,0,0,0,0,0,0,0,0,0,0,0,0,0,0,0,0,0,0,0,0,0,0,0,0,0,0,0,0,0,0,0,0,0,0,0,0,0,0,0,0,0,0,0,0,0,0,0,4,0,0,0,0,0,0,0,0,0,0,0,0,0,0,0,0,0,0,0,0,0,0,0,0,0,0,0,0,0,0,0,0,0,0,0,0,0,0,0,0,0,0,0,0,0,0,0,0,0,0,0,0,0,0,0,0,0,0,0,0,0,0,0,0,0,0,0,0,0,0,0,0,0,0,0,0,0,0,0,0,0,0,0,0,0,0,0,0,0,0,0,0,0,0,0,0,0,0,0,0,0,0,0,0,0,0,0,0,0,0,0,0,0,0,0,0,0,0,0,0,0,0,0,0,0,0,0,0,0,0,0,0,0,0,0,0,0,0,0,0,0,0,0,0,0,0,0,0,0,0,0,0,0,0,0,0,0,0,0,0,0,0,0,0,0,0,0
4c1457e6f53703231d4a9ff9a6d7be5f,11.6,75,263,6665,537,84,4678,206,248,282,640,36,3,73,25,3330,11,81,5,10,400,816,3,122,10,17,23,27,11,378,52,110,55,3,100,594,10,107,5,386,1,21,1,1,6632,2,1,9,2,52,381,1,80,1,1,4,42,11,11,493,14,4,4,11,1030,61,9,169,116,12,8,26,4,4,27,2,1317,1060,1,10,1229,1269,501,96,3,69,7,18,18,10,44,80,161,161,105,12,111,6,18,5,68,9,0,8,35,35,30,223,7,7,42,35,43,56,12,8,7,36,6,2,1,10,6479,1,3,0,0,1,0,0,0,0,0,0,0,0,0,0,0,0,0,0,0,0,0,0,0,1,0,0,0,0,0,0,0,0,0,0,0,0,0,0,0,0,0,0,0,0,0,0,0,0,0,0,0,0,0,0,0,0,0,0,0,0,0,0,0,0,0,0,0,0,0,0,0,0,0,0,0,0,0,0,0,0,0,0,0,0,0,0,0,0,0,0,0,0,0,0,0,0,0,0,0,0,0,0,0,0,0,0,0,0,0,0,0,0,0,0,0,0,0,0,0,0,0,0,0,0,0,0,0,0,0,0,0,0,0,0,0,0,0,0,0,0,0,0,0,0,0,0,0,0,0,0,0,0,0,0,0,0,0,0,0,0,0,0,0,0,0,0
4c54808837dbc7d1a028b00365850d22,11.0,81,138,6147,197,79,4619,58,164,212,700,14,3,68,8,2229,10,49,5,4,192,378,3,69,4,11,23,9,5,340,18,22,29,3,69,442,10,101,5,509,1,6,1,1,9955,2,1,3,2,41,500,1,70,1,1,4,20,10,10,437,12,11,11,32,600,20,9,32,116,12,8,11,4,4,8,2,501,440,1,12,1282,1287,647,134,8,54,1,4,4,3,19,13,117,129,106,7,172,0,3,0,13,11,1,4,8,8,30,223,1,1,6,5,7,8,2,3,1,2,1,2,1,0,9819,1,10,0,0,1,0,0,0,0,0,0,0,0,0,0,0,0,0,0,0,0,0,0,0,0,0,0,0,0,0,0,0,0,0,0,0,0,0,0,0,0,0,0,0,0,0,0,0,0,0,0,0,0,0,0,0,0,0,0,0,0,0,0,0,0,0,0,0,0,0,0,0,0,0,0,0,0,0,0,0,0,0,0,0,0,0,0,0,0,0,0,0,0,0,0,0,0,0,0,0,0,0,0,0,0,0,0,0,0,0,0,0,0,0,0,0,0,0,0,0,0,0,0,0,0,0,0,0,0,0,0,0,0,0,0,0,0,0,0,0,0,0,0,0,0,0,0,0,0,0,0,0,0,0,0,0,0,0,0,0,0,0,0,0,0,0,0
4cfaa62abdac3b4743b2ae52288462a1,3.0,0,7,140,0,0,1,1,3,4,3,1,1,0,0,29,0,0,0,0,22,10,0,1,0,0,3,0,0,1,0,0,3,0,0,1,1,5,0,1,0,1,3,1,1,0,0,0,0,0,1,0,0,0,0,0,0,2,2,83,0,0,0,0,3554,0,0,0,0,0,0,0,0,0,0,0,0,0,0,0,0,0,0,0,0,0,0,0,0,0,0,0,0,0,0,0,0,0,0,1,0,0,0,0,1,1,0,0,0,2,0,2,1,0,0,0,0,1,0,0,0,0,1,0,0,0,0,0,0,0,0,0,0,0,0,0,0,0,0,0,0,0,0,0,1,0,0,0,0,0,0,0,0,0,0,0,0,0,0,0,0,0,0,0,0,0,0,0,0,0,0,0,0,1,0,0,0,0,0,0,0,0,0,0,0,0,0,0,0,0,0,0,0,0,0,0,0,0,0,0,0,0,0,0,0,0,0,0,0,0,0,0,0,0,0,0,0,0,0,0,0,0,0,0,0,0,0,0,0,0,0,0,0,0,0,1,0,0,0,0,0,0,0,0,0,0,0,0,0,0,0,0,0,0,0,0,0,0,0,0,0,0,0,0,0,0,0,0,0,0,0,0,0,0,0,0,0,0,0,0,0,0,0,0,0,0,0,0,0,0
4d00d50def13d7d01c75227d4fcaeebe,1.6,0,17,392,15,3,3,2,2,1,6,2,0,3,0,32,1,4,1,1,8,7,1,2,1,1,2,2,0,0,0,1,1,1,1,0,0,5,0,0,0,0,0,0,0,0,0,0,0,0,0,0,6,0,0,3,1,0,0,0,0,0,0,0,0,0,0,0,0,0,0,0,0,0,0,0,0,0,0,0,0,0,0,0,0,0,0,0,0,0,0,0,0,0,0,0,0,0,0,0,0,0,0,0,0,0,0,0,0,0,0,0,0,0,0,3,0,0,0,0,0,0,4,0,0,0,0,0,0,0,0,0,0,0,0,0,0,0,0,0,0,0,0,0,0,0,0,0,0,0,0,0,0,0,0,0,0,0,0,0,0,0,0,0,0,0,0,0,0,0,0,0,0,0,0,0,0,0,0,0,0,0,0,0,0,0,0,0,0,0,0,0,0,0,0,0,0,0,0,0,0,0,0,0,0,0,0,0,0,0,0,0,0,0,0,0,0,0,0,0,0,0,0,0,0,0,0,0,0,0,0,0,0,0,0,0,0,0,0,0,0,0,0,0,0,0,0,0,0,0,0,0,0,0,0,0,0,0,0,0,0,0,0,0,0,0,0,0,0,0,0,0,0,0,0,0,0,0,0,0,0,0,0,0,0,0,0,0,0,0
4d0ad4c30b501cda107000faa1e1edfa,1.6,0,22,2635,15,5,2193,4,23,67,21,2,1,3,1,35,2,1,1,1,8,5,1,2,1,1,1,2,1,2,2,1,4,1,1,0,0,0,0,0,0,0,0,0,0,0,0,0,0,0,0,0,0,0,0,3,1,0,0,0,0,0,0,0,0,0,0,0,0,0,0,0,0,0,0,0,0,0,0,0,0,0,0,0,0,0,0,0,0,0,0,0,0,0,0,0,0,0,0,0,0,0,0,0,0,0,0,0,0,0,0,0,0,0,0,0,0,0,0,0,0,0,0,0,0,0,0,0,0,0,0,0,0,0,0,0,0,0,0,0,0,0,0,0,0,0,0,0,0,0,0,0,0,0,0,0,0,0,0,0,0,0,0,0,0,0,0,0,0,0,0,0,0,0,0,0,0,0,0,0,0,0,0,0,0,0,0,0,0,0,0,0,0,0,0,0,0,0,0,0,0,0,0,0,0,0,0,0,0,0,0,0,0,0,0,0,0,0,0,0,0,0,0,0,0,0,0,0,0,0,0,0,0,0,0,0,0,0,0,0,0,0,0,0,0,0,0,0,0,0,0,0,0,0,0,0,0,0,0,0,0,0,0,0,0,0,0,0,0,0,0,0,0,0,0,0,0,0,0,0,0,0,0,0,0,0,0,0,0,0
4d2fb405288f45a95cf86a953a9eb894,3.0,0,11,177,2,2,4,3,2,4,5,0,0,2,2,34,0,0,0,1,23,11,0,1,0,0,3,0,0,1,0,1,3,0,0,1,1,8,0,1,0,1,3,1,1,0,0,0,0,0,1,0,0,0,0,0,0,2,2,83,0,0,0,0,3476,0,0,0,0,0,0,0,0,0,0,0,0,0,0,0,0,0,0,0,0,0,0,0,0,0,0,0,0,0,0,0,0,0,0,0,0,0,0,0,1,1,0,0,0,2,0,2,1,0,0,0,0,1,0,0,0,0,1,0,0,0,0,0,0,0,0,0,0,0,0,0,0,0,0,0,0,0,0,0,1,0,0,0,0,0,0,0,0,0,0,0,0,0,0,0,0,0,0,0,0,0,0,0,0,0,0,0,0,1,0,0,0,0,0,0,0,0,0,0,0,0,0,0,0,0,0,0,0,0,0,0,0,0,0,0,0,0,0,0,0,0,0,0,0,0,0,0,0,0,0,0,0,0,0,0,0,0,0,0,0,0,0,0,0,0,0,0,0,0,0,1,0,0,0,0,0,0,0,0,0,0,0,0,0,0,0,0,0,0,0,0,0,0,0,0,0,0,0,0,0,0,0,0,0,0,0,0,0,0,0,0,0,0,0,0,0,0,0,0,0,0,0,0,0,0
4d3d99f4941a3f2ce648ee382253c58c,1.4,0,0,0,1,0,1,0,0,0,0,0,1,0,0,0,0,0,0,0,0,0,0,0,0,0,0,0,0,0,0,1,0,0,0,0,1,0,0,0,0,0,0,0,0,0,0,0,0,0,0,0,0,0,0,1,0,1,1,11,0,0,0,0,0,0,0,0,0,0,0,0,0,0,0,0,0,0,0,0,0,0,0,0,0,0,0,0,0,0,0,0,0,0,0,0,0,0,0,0,0,0,0,0,0,0,0,0,0,0,0,0,0,0,0,0,0,0,0,0,0,1,0,0,0,0,0,0,0,0,0,0,0,0,0,0,0,0,0,0,0,0,0,0,0,0,0,0,0,0,0,0,0,0,0,0,0,0,0,0,0,0,0,0,0,0,0,0,0,0,0,0,0,0,0,0,0,0,0,0,0,0,0,0,0,0,0,0,0,0,0,0,0,0,0,0,0,0,0,0,0,0,0,0,0,0,0,0,0,0,0,0,0,0,0,0,0,0,0,0,0,0,0,0,0,0,0,0,0,0,0,0,0,0,0,0,0,0,0,0,0,0,0,0,0,0,0,0,0,0,0,0,0,0,0,0,0,0,0,0,0,0,0,0,0,0,0,0,0,0,0,0,0,0,0,0,0,0,0,0,0,0,0,0,0,0,0,0,0,0
4d7c1bb424efa67461bc90e14e0fb070,1.4,0,24,2588,14,8,2246,4,22,67,21,2,1,3,1,33,2,2,1,1,8,5,1,2,1,1,1,2,1,2,2,1,1,1,1,0,0,0,0,0,0,0,0,0,0,0,0,0,0,0,0,0,0,0,0,3,1,0,0,0,0,0,0,0,0,0,0,0,0,0,0,0,0,0,0,0,0,0,0,0,0,0,0,0,0,0,0,0,0,0,0,0,0,0,0,0,0,0,0,0,0,0,0,0,0,0,0,0,0,0,0,0,0,0,0,0,0,0,0,0,0,0,0,0,0,0,0,0,0,0,0,0,0,0,0,0,0,0,0,0,0,0,0,0,0,0,0,0,0,0,0,0,0,0,0,0,0,0,0,0,0,0,0,0,0,0,0,0,0,0,0,0,0,0,0,0,0,0,0,0,0,0,0,0,0,0,0,0,0,0,0,0,0,0,0,0,0,0,0,0,0,0,0,0,0,0,0,0,0,0,0,0,0,0,0,0,0,0,0,0,0,0,0,0,0,0,0,0,0,0,0,0,0,0,0,0,0,0,0,0,0,0,0,0,0,0,0,0,0,0,0,0,0,0,0,0,0,0,0,0,0,0,0,0,0,0,0,0,0,0,0,0,0,0,0,0,0,0,0,0,0,0,0,0,0,0,0,0,0,0
4d8a05d73f86d74567f149f51eef8082,1.4,0,22,672,11,5,3,2,5,3,8,2,1,3,1,97,1,5,1,3,6,5,1,2,1,1,2,2,0,0,0,1,1,1,1,0,0,5,0,0,0,0,0,0,0,0,0,0,0,0,0,0,0,0,0,3,1,0,0,0,0,0,0,0,1,0,0,0,0,0,0,0,0,0,0,0,0,0,0,0,0,1,0,0,0,0,0,0,0,0,0,0,0,0,0,0,0,0,0,0,0,0,0,0,0,0,0,0,0,0,0,0,0,0,0,0,0,0,0,0,0,0,0,0,0,0,0,0,0,0,0,0,0,0,0,0,0,0,0,0,0,0,0,0,0,0,0,0,0,0,0,0,0,0,0,0,0,0,0,0,0,0,0,0,0,0,0,0,0,0,0,0,0,0,0,0,0,0,0,0,0,0,0,0,0,0,0,0,0,0,0,0,0,0,0,0,0,0,0,0,0,0,0,0,0,0,0,0,0,0,0,0,0,0,0,0,0,0,0,0,0,0,0,0,0,0,0,0,0,0,0,0,0,0,0,0,0,0,0,0,0,0,0,0,0,0,0,0,0,0,0,0,0,0,0,0,0,0,0,0,0,0,0,0,0,0,0,0,0,0,0,0,0,0,0,0,0,0,0,0,0,0,0,0,0,0,0,0,0,0
4d8edae70ec4ba4d8650b63257c577a0,2.2,0,16,404,18,5,2,2,2,1,6,2,0,3,1,33,1,5,1,1,6,5,1,2,1,1,2,2,0,0,0,1,1,1,1,0,0,9,0,0,0,0,0,0,0,0,0,0,0,2,0,0,6,0,0,3,1,0,0,0,0,0,0,0,138,0,0,0,0,0,0,0,0,0,0,0,0,0,0,0,0,0,0,0,0,0,0,0,0,0,0,0,0,0,0,0,0,0,0,0,0,0,0,0,0,0,0,0,0,0,0,0,0,0,0,3,0,0,0,0,0,0,4,0,0,0,0,0,0,1,0,0,0,0,0,0,0,0,0,0,0,0,0,0,0,0,0,0,0,0,0,0,0,0,0,0,0,0,0,0,0,0,0,0,0,0,0,0,0,0,0,0,0,0,0,0,0,0,0,0,0,0,0,0,0,0,0,0,0,0,0,0,0,0,0,0,0,0,0,0,0,0,0,0,0,0,0,0,0,0,0,0,0,0,0,0,0,0,0,0,0,0,0,0,0,0,0,0,0,0,0,0,0,0,0,0,0,0,0,0,0,0,0,0,0,0,0,0,0,0,0,0,0,0,0,0,0,0,0,0,0,0,0,0,0,0,0,0,0,0,0,0,0,0,0,0,0,0,0,0,0,0,0,0,0,0,0,0,0,0
4d9cf86437ba83488d0caf97706fbee0,5.6,0,46,2401,56,5,3741,3,0,0,3,3,0,6,15,137,13,44,19,2,46,26,0,5,0,2,1154,0,0,0,1164,2,2872,0,0,3,1147,33,3,0,0,0,0,9,0,0,0,3,0,3,0,10,0,0,0,6,3,0,0,0,0,0,0,0,1179,0,4,0,0,0,18,0,0,0,0,0,0,4,0,0,0,0,0,0,0,0,0,0,0,0,0,0,0,0,0,0,0,0,0,0,0,0,0,0,14,17,0,0,2,4,0,4,0,0,0,0,0,0,0,0,0,0,0,1,0,0,0,0,0,0,0,0,0,0,0,0,0,0,0,0,0,0,0,0,0,0,0,0,0,0,0,0,0,0,3,0,0,0,0,0,0,0,0,0,0,0,0,0,0,0,0,0,0,0,0,0,0,0,0,0,0,0,0,0,0,0,0,0,0,0,0,0,0,0,0,0,0,0,0,0,0,3,0,0,0,0,0,0,0,0,0,0,0,0,0,0,0,0,0,0,0,0,0,18,0,0,0,0,0,6,0,0,0,0,0,10,0,0,0,0,0,0,0,3,0,0,0,0,0,0,0,0,0,0,0,0,0,0,0,0,0,0,0,0,0,0,0,0,0,0,0,0,0,0,0,0,0,0,0,0,0,0,0,0,0,0,0,0,0,0
4d45a70c847feb483e7e4fca42044853,1.4,0,0,0,1,0,1,0,0,0,0,0,1,0,0,0,0,0,0,0,0,0,0,0,0,0,0,0,0,0,0,1,0,0,0,0,1,0,0,0,0,0,0,0,0,0,0,0,0,0,0,0,0,0,0,1,0,1,1,11,0,0,0,0,0,0,0,0,0,0,0,0,0,0,0,0,0,0,0,0,0,0,0,0,0,0,0,0,0,0,0,0,0,0,0,0,0,0,0,0,0,0,0,0,0,0,0,0,0,0,0,0,0,0,0,0,0,0,0,0,0,1,0,0,0,0,0,0,0,0,0,0,0,0,0,0,0,0,0,0,0,0,0,0,0,0,0,0,0,0,0,0,0,0,0,0,0,0,0,0,0,0,0,0,0,0,0,0,0,0,0,0,0,0,0,0,0,0,0,0,0,0,0,0,0,0,0,0,0,0,0,0,0,0,0,0,0,0,0,0,0,0,0,0,0,0,0,0,0,0,0,0,0,0,0,0,0,0,0,0,0,0,0,0,0,0,0,0,0,0,0,0,0,0,0,0,0,0,0,0,0,0,0,0,0,0,0,0,0,0,0,0,0,0,0,0,0,0,0,0,0,0,0,0,0,0,0,0,0,0,0,0,0,0,0,0,0,0,0,0,0,0,0,0,0,0,0,0,0,0
4d65252a19dd705840b1f2c7d6fd603f,1.6,0,19,368,10,3,4,4,5,4,9,1,0,3,0,28,1,4,1,1,6,5,1,2,1,1,2,2,0,0,0,1,1,1,1,0,0,2,0,0,0,0,0,0,0,0,0,0,0,0,0,3212,0,0,0,3,1,0,0,0,0,0,0,0,0,0,0,0,0,0,0,0,0,0,0,0,0,0,0,0,0,0,0,0,0,0,0,0,0,0,0,0,0,0,0,0,0,0,0,0,0,0,0,0,0,0,0,0,0,0,0,0,0,0,0,0,0,0,1799,0,0,0,0,0,0,0,0,0,0,0,0,0,0,0,0,0,0,0,0,0,0,0,0,0,0,0,0,0,0,0,0,0,0,0,0,0,0,0,0,0,0,0,0,0,0,0,0,0,0,0,0,0,0,0,0,0,0,0,0,0,0,0,0,0,0,0,0,0,0,0,0,0,0,0,0,0,0,0,0,0,0,0,0,0,0,0,0,0,0,0,0,0,0,0,0,0,0,0,0,0,0,0,0,0,0,0,0,0,0,0,0,0,0,0,0,0,0,0,0,0,0,0,0,0,0,0,0,0,0,0,0,0,0,0,0,0,0,0,0,0,0,0,0,0,0,0,0,0,0,0,0,0,0,0,0,0,0,0,0,0,0,0,0,0,0,0,0,0,0,0
4daa046b26df96237b5af849aa3f11bc,1.2,0,18,258,11,3,2,4,5,4,9,1,0,3,0,28,1,4,1,1,6,5,1,2,1,1,2,2,0,0,0,1,1,1,1,0,0,2,0,0,0,0,0,0,0,0,0,0,0,0,0,0,0,0,0,3,1,0,0,0,0,0,0,0,0,0,0,0,0,0,0,0,0,0,0,0,0,0,0,0,0,0,0,0,0,0,0,0,0,0,0,0,0,0,0,0,0,0,0,0,0,0,0,0,0,0,0,0,0,0,0,0,0,0,0,0,0,0,0,0,0,0,0,0,0,0,0,0,0,0,0,0,0,0,0,0,0,0,0,0,0,0,0,0,0,0,0,0,0,0,0,0,0,0,0,0,0,0,0,0,0,0,0,0,0,0,0,0,0,0,0,0,0,0,0,0,0,0,0,0,0,0,0,0,0,0,0,0,0,0,0,0,0,0,0,0,0,0,0,0,0,0,0,0,0,0,0,0,0,0,0,0,0,0,0,0,0,0,0,0,0,0,0,0,0,0,0,0,0,0,0,0,0,0,0,0,0,0,0,0,0,0,0,0,0,0,0,0,0,0,0,0,0,0,0,0,0,0,0,0,0,0,0,0,0,0,0,0,0,0,0,0,0,0,0,0,0,0,0,0,0,0,0,0,0,0,0,0,0,0
4dd77a8c9cae3e04f493b7ca5637ddec,1.4,0,25,2567,12,1,2132,7,2,0,1,3,1,1,3,59,2,2,1,2,12,78,1,2,1,1,1,2,1,2,2,1,3,1,1,1,0,3,0,0,0,0,0,0,0,0,0,0,0,0,0,0,0,0,0,3,1,0,0,0,0,0,0,0,0,0,0,0,0,0,0,0,0,0,0,0,0,28,0,0,0,0,0,0,0,0,0,0,0,0,0,0,0,0,0,0,0,0,0,0,0,0,0,0,0,0,0,0,0,0,0,0,0,0,0,0,0,0,0,0,0,0,0,0,0,0,0,0,0,0,0,0,0,0,0,0,0,0,0,0,0,0,0,0,0,0,0,0,0,0,0,0,0,0,0,0,0,0,0,0,0,0,0,0,0,0,0,0,0,0,0,0,0,0,0,0,0,0,0,0,0,0,0,0,0,0,0,0,0,0,0,0,0,0,0,0,0,0,0,0,0,0,0,0,0,0,0,0,0,0,0,0,0,0,0,0,0,0,0,0,0,0,0,0,0,0,0,0,0,0,0,0,0,0,0,0,0,0,0,0,0,0,0,0,0,0,0,0,0,0,0,0,0,0,0,0,0,0,0,0,0,0,0,0,0,0,0,0,0,0,0,0,0,0,0,0,0,0,0,0,0,0,0,0,0,0,0,0,0,0
4e7e04a26468c7b20c7fd068c6b42f38,1.6,0,21,2572,12,9,2136,4,22,67,21,2,1,3,1,33,2,2,1,1,8,5,1,2,1,1,1,2,1,2,2,1,3,1,1,0,0,0,0,0,0,0,0,0,0,0,0,0,0,0,0,0,0,0,0,3,1,0,0,0,0,0,0,0,0,0,0,0,0,0,0,0,0,0,0,0,0,0,0,0,0,0,0,0,0,0,0,0,0,0,0,0,0,0,0,0,0,0,0,0,0,0,0,0,0,0,0,0,0,0,0,0,0,0,0,0,0,0,0,0,0,0,0,0,0,0,0,0,0,0,0,0,0,0,0,0,0,0,0,0,0,0,0,0,0,0,0,0,0,0,0,0,0,0,0,0,0,0,0,0,0,0,0,0,0,0,0,0,0,0,0,0,0,0,0,0,0,0,0,0,0,0,0,0,0,0,0,0,0,0,0,0,0,0,0,0,0,0,0,0,0,0,0,0,0,0,0,0,0,0,0,0,0,0,0,0,0,0,0,0,0,0,0,0,0,0,0,0,0,0,0,0,0,0,0,0,0,0,0,0,0,0,0,0,0,0,0,0,0,0,0,0,0,0,0,0,0,0,0,0,0,0,0,0,0,0,0,0,0,0,0,0,0,0,0,0,0,0,0,0,0,0,0,0,0,0,0,0,0,0
4e144b88470a4270bb17db7441a432db,1.4,0,14,250,10,5,4,2,5,3,8,2,1,3,1,32,1,4,1,5,8,7,1,2,1,1,2,2,0,0,0,1,81,1,1,0,0,4,0,0,0,0,0,0,88,0,0,0,0,0,0,0,0,0,0,3,1,0,0,0,0,0,0,0,0,0,0,0,0,0,0,0,0,0,0,0,0,0,0,0,0,0,0,0,0,0,0,0,0,0,0,0,0,0,0,0,0,0,0,0,0,0,0,0,1,1,0,0,0,0,0,0,1,0,0,0,0,0,0,0,0,0,0,0,0,0,0,0,0,0,0,0,0,0,0,0,0,0,0,0,0,0,0,0,0,0,0,0,0,0,0,0,0,0,0,0,0,0,0,0,0,0,0,0,0,0,0,0,0,0,0,0,0,0,0,0,0,0,0,0,0,0,0,0,0,0,0,0,0,0,0,0,0,0,0,0,0,0,0,0,0,0,0,0,0,0,0,0,0,0,0,0,0,0,0,0,0,0,0,0,0,0,0,0,0,0,0,0,0,0,0,0,0,3,0,0,0,0,0,0,0,0,0,0,0,0,0,0,0,0,0,0,0,0,0,0,0,0,0,0,0,0,0,0,0,0,0,0,0,0,0,0,0,0,0,0,0,0,0,0,0,0,0,0,0,0,0,0,0,0
4e248fac4bfc89fda259f8fe412b148a,6.4,0,21,316,13,4,63,3,4,14,8,1,0,4,0,105,1,4,1,2,14,12,1,4,1,1,0,0,0,1,5,6,1,0,0,2,0,6,0,0,0,2,0,1,0,0,0,2,0,0,0,0,1,0,0,9,9,2,1,41,0,0,0,0,9,0,17,0,0,0,0,20,0,0,0,0,0,0,0,0,0,0,0,0,0,0,0,0,0,0,0,0,0,0,0,0,0,0,0,0,2,1,1,0,1,1,0,0,2,0,0,0,1,0,0,0,0,0,0,0,0,1,0,0,0,0,0,0,0,0,0,0,0,0,0,0,0,0,0,0,0,0,0,0,0,0,0,0,0,0,0,0,0,0,2,0,0,0,0,0,0,0,0,0,0,0,0,0,0,0,0,0,0,0,0,0,0,2,0,0,0,0,0,0,0,0,0,0,0,0,0,0,0,0,0,0,0,0,0,0,0,0,0,0,0,0,0,0,0,0,0,0,0,0,1,0,0,0,0,0,0,0,0,0,0,0,0,0,0,0,0,0,0,34,0,0,0,0,0,0,0,0,0,0,0,0,0,0,0,0,0,0,0,0,0,0,0,0,0,0,0,0,0,0,0,0,0,0,0,0,0,0,0,0,0,0,0,0,0,0,0,0,0,0,0,0,0,0,0,0
4f6a0f5e2f28d6c5199f32249244ffd4,9.8,2,155,2394,158,42,75,93,220,240,412,14,4,34,16,22740,1,26,6,9,295,456,4,77,7,13,32,9,7,214,10483,10480,10503,9,20995,247,10,373,5,207,1,3495,5,6985,5396,4,3,5,0,34,183,26465,413,0,0,2,15,6,6,254,12,2,2,3,449,27,7001,66,44,6,4,4,2,2,10,0,707,552,1,6,1243,719,281,52,0,55,3,9,9,4,21,36,105,105,105,4,77,1,7,2,3496,3499,1,3,7,7,22,149,4,7,20,19,12,4,0,38395,3490,76792,0,0,0,2,5481,1,0,0,0,0,0,0,0,0,3,0,0,0,0,0,0,0,0,0,0,0,0,0,0,0,0,0,0,2,0,0,0,0,0,0,0,0,0,0,0,0,0,0,0,0,0,1,0,0,0,0,0,0,0,0,0,0,0,0,0,0,0,0,0,0,0,0,0,0,0,0,0,0,0,0,0,0,0,0,0,0,1,0,0,0,0,0,0,0,0,0,0,0,0,0,0,0,0,0,0,0,1,1,6980,0,0,0,0,0,0,0,0,0,0,0,0,0,0,0,0,0,0,0,0,0,0,0,0,0,0,0,0,0,0,0,0,0,0,0,0,0,0,0,0,0,0,0,0,0,0,0,0,0,0,0,0,0,0,0,0,0,0,0,0,0,0,0
4f44db233a83c2a5fdd0f47376fe7d73,1.4,0,22,672,11,5,3,2,5,3,8,2,1,3,1,97,1,5,1,3,6,5,1,2,1,1,2,2,0,0,0,1,1,1,1,0,0,5,0,0,0,0,0,0,0,0,0,0,0,0,0,0,0,0,0,3,1,0,0,0,0,0,0,0,1,0,0,0,0,0,0,0,0,0,0,0,0,0,0,0,0,1,0,0,0,0,0,0,0,0,0,0,0,0,0,0,0,0,0,0,0,0,0,0,0,0,0,0,0,0,0,0,0,0,0,0,0,0,0,0,0,0,0,0,0,0,0,0,0,0,0,0,0,0,0,0,0,0,0,0,0,0,0,0,0,0,0,0,0,0,0,0,0,0,0,0,0,0,0,0,0,0,0,0,0,0,0,0,0,0,0,0,0,0,0,0,0,0,0,0,0,0,0,0,0,0,0,0,0,0,0,0,0,0,0,0,0,0,0,0,0,0,0,0,0,0,0,0,0,0,0,0,0,0,0,0,0,0,0,0,0,0,0,0,0,0,0,0,0,0,0,0,0,0,0,0,0,0,0,0,0,0,0,0,0,0,0,0,0,0,0,0,0,0,0,0,0,0,0,0,0,0,0,0,0,0,0,0,0,0,0,0,0,0,0,0,0,0,0,0,0,0,0,0,0,0,0,0,0,0
05c671b7d31a8fa779efdbaa8c1fe180,1.2,0,11,232,5,4,3,2,4,3,7,2,1,2,1,21,1,3,0,3,1,1,0,0,0,0,1,2,0,0,0,1,1,1,1,0,0,4,0,0,0,0,0,0,0,0,0,0,0,0,0,0,0,0,0,3,1,0,0,0,0,0,0,0,0,0,15,0,0,0,0,0,0,0,0,0,0,0,0,0,0,0,0,0,0,0,0,0,0,0,0,0,0,0,0,0,0,0,0,0,0,0,0,0,0,0,0,0,0,0,0,0,0,0,0,0,0,0,0,0,0,0,0,0,0,0,0,0,0,0,0,0,0,0,0,0,0,0,0,0,0,0,0,0,0,0,0,0,0,0,0,0,0,0,0,0,0,0,0,0,0,0,0,0,0,0,0,0,0,0,0,0,0,0,0,0,0,0,0,0,0,0,0,0,0,0,0,0,0,0,0,0,0,0,0,0,0,0,0,0,0,0,0,0,0,0,0,0,0,0,0,0,0,0,0,0,0,0,0,0,0,0,0,0,0,0,0,0,0,0,0,0,0,0,0,0,0,0,0,0,0,0,0,0,0,0,0,0,0,0,0,0,0,0,0,0,0,0,0,0,0,0,0,0,0,0,0,0,0,0,0,0,0,0,0,0,0,0,0,0,0,0,0,0,0,0,0,0,0,0
05d384c4a4f8e5ee1ac309300bad8c2a,1.2,0,1,6,2,0,2,0,0,0,0,0,0,0,0,0,0,2,0,0,0,0,0,0,0,0,0,0,0,0,0,0,0,0,0,0,0,1,0,0,0,0,0,0,0,0,0,0,0,0,0,0,0,0,0,0,0,0,0,0,0,0,0,0,0,0,0,0,0,0,0,0,0,0,0,0,0,0,0,0,0,0,0,0,0,0,0,0,0,0,0,0,0,0,0,0,0,0,0,0,0,0,0,0,0,0,0,0,0,0,0,0,0,0,0,0,0,0,0,0,0,0,0,0,0,0,0,0,0,0,0,0,0,0,0,0,0,0,0,0,0,0,0,0,0,0,0,0,0,0,0,0,0,0,0,0,0,0,0,0,0,0,0,0,0,0,0,0,0,0,0,0,0,0,0,0,0,0,0,0,0,0,0,0,0,0,0,0,0,0,0,0,0,0,0,0,0,0,0,0,0,0,0,0,0,0,0,0,0,0,0,0,0,0,0,0,0,0,0,0,0,0,0,0,0,0,0,0,0,0,0,0,0,0,0,0,0,0,0,0,0,0,0,0,0,0,0,0,0,0,0,0,0,0,0,0,0,0,0,0,0,0,0,0,0,0,0,0,0,0,0,0,0,0,0,0,0,0,0,0,0,0,0,0,0,0,0,0,0,0
5a3e094b4cd8eee1f314fd6c69f3fe90,5.4,0,3,24,14,1,3,0,1,0,3,0,0,1,0,34,2,3,1,1,8,7,1,2,1,1,2,2,0,0,0,1,1,1,1,0,0,13,0,0,0,0,0,0,0,0,0,1,0,1,0,0,6,1,1,3,1,0,0,0,0,0,0,0,120,0,0,0,0,0,0,0,0,0,0,0,0,0,0,0,0,6,0,0,0,0,0,0,0,0,0,0,0,0,0,0,0,0,0,0,0,0,0,0,0,1,1,0,4,0,0,0,0,0,0,0,0,0,0,0,0,2,2,0,0,0,0,0,0,0,0,0,0,0,0,0,0,0,0,0,0,0,0,0,0,0,0,0,0,0,0,1,0,0,0,0,0,0,0,0,0,0,0,0,0,0,0,0,0,0,0,0,0,0,0,0,0,0,0,0,0,0,0,0,0,0,0,0,0,0,0,0,0,0,0,0,0,0,0,0,0,0,0,0,0,0,0,0,0,0,0,0,0,0,0,0,0,0,0,5,0,0,0,0,0,0,0,0,0,0,0,0,0,0,0,0,0,0,0,0,0,0,0,0,0,0,0,0,0,0,0,0,0,0,0,0,0,0,0,0,0,0,0,0,0,0,0,0,0,0,0,0,0,0,0,0,0,0,0,0,0,0,0,0,0,0,0,0,0,0
5a6f19fc47cdde184841af894dff781e,1.4,0,25,2567,12,1,2132,7,2,0,1,3,1,1,3,59,2,2,1,2,12,78,1,2,1,1,1,2,1,2,2,1,3,1,1,1,0,3,0,0,0,0,0,0,0,0,0,0,0,0,0,0,0,0,0,3,1,0,0,0,0,0,0,0,0,0,0,0,0,0,0,0,0,0,0,0,0,28,0,0,0,0,0,0,0,0,0,0,0,0,0,0,0,0,0,0,0,0,0,0,0,0,0,0,0,0,0,0,0,0,0,0,0,0,0,0,0,0,0,0,0,0,0,0,0,0,0,0,0,0,0,0,0,0,0,0,0,0,0,0,0,0,0,0,0,0,0,0,0,0,0,0,0,0,0,0,0,0,0,0,0,0,0,0,0,0,0,0,0,0,0,0,0,0,0,0,0,0,0,0,0,0,0,0,0,0,0,0,0,0,0,0,0,0,0,0,0,0,0,0,0,0,0,0,0,0,0,0,0,0,0,0,0,0,0,0,0,0,0,0,0,0,0,0,0,0,0,0,0,0,0,0,0,0,0,0,0,0,0,0,0,0,0,0,0,0,0,0,0,0,0,0,0,0,0,0,0,0,0,0,0,0,0,0,0,0,0,0,0,0,0,0,0,0,0,0,0,0,0,0,0,0,0,0,0,0,0,0,0,0
5a7e38f42b76a9dc8046baca19cbda1c,4.8,0,34,239,21,25,8,1,1,1,29,1,0,43,1,13,0,41,1,1,0,0,0,2,0,0,5,0,0,0,26,0,5,0,1,1,4,8,1,0,0,2,3,0,0,0,0,0,0,1,0,0,0,0,0,0,0,0,0,0,0,0,0,0,120,0,1,0,0,1,0,0,0,0,0,0,0,0,0,0,0,0,0,0,0,0,0,0,0,0,0,0,0,0,0,0,0,0,0,0,2,0,0,0,0,3,0,0,0,0,0,0,0,0,0,0,4,1,2,0,0,1,0,0,0,0,0,0,0,0,3,0,0,0,0,0,0,0,0,0,0,0,0,0,0,0,0,0,0,0,0,0,0,0,1,0,0,0,5,3,0,0,0,0,0,0,0,0,0,0,0,0,0,3,0,0,0,0,0,0,0,0,0,0,0,5,3,0,0,0,0,0,0,0,0,0,0,0,0,0,0,0,0,0,0,0,2,0,0,0,0,0,0,0,0,0,0,0,0,0,0,0,0,1,0,0,0,0,0,0,0,0,0,0,0,0,0,0,0,0,0,0,0,0,0,0,0,0,0,0,0,0,0,0,0,0,0,0,0,0,0,0,0,0,0,0,0,0,0,0,0,0,0,0,0,0,0,0,0,0,0,0,0,0,0,0,0,0,0,0
5a8f92a576e66581caf4693545b91a7c,13.0,255,267,2770,537,38,482,79,250,273,632,69,232,38,13,3556,86,117,5,72,334,825,5,114,6,8,66,12,7,520,193,56,105,13,172,417,1,456,38,400,6,46,2,13,16401,0,0,3,451,55,360,1,652,0,0,9,43,15,15,620,13,11,10,10,569,28,67,59,0,3,0,22,3,2,11,3,808,753,1,4,1260,1818,592,115,20,65,1,5,6,2,23,28,125,377,107,17,168,22,2,0,116,204,3,11,28,110,29,209,2,1,39,5,8,8,2,24,2,27,50,0,0,2,16304,0,0,0,0,8,0,1,1,4,63,0,0,0,6,0,401,0,0,6,2,0,11,0,4,8,0,0,0,0,8,0,1,0,28,0,8,11,0,0,0,4,0,0,5,0,0,4,7,16,0,3,65,1,0,4,0,0,2,0,0,0,12,0,0,0,0,0,0,0,0,0,0,0,0,0,0,0,0,0,1,0,4,0,0,0,0,0,0,1,0,0,0,0,0,0,0,0,0,0,4,0,4,2,1,0,0,0,0,4,4,0,0,0,0,0,0,0,0,0,0,0,0,1,0,0,0,0,0,0,0,0,0,0,0,0,0,0,0,1,4,0,0,0,0,0,0,0,0,0,0,0,0,0,0,0,0,0,0,0,0,0,0,0,0,0,0,0
5a5142fdfb4fa573bc50ee5a20553072,3.8,2,24,949,40,530,792,3,44,24,87,2,1,81,0,58,1,70,1,0,2,2,0,9,0,0,188,0,3,0,23,0,82,0,2,1,5,0,0,0,0,2,3,0,0,0,0,0,1,0,0,2,0,0,0,0,0,0,0,0,0,0,0,0,6,0,202,1,0,6,5,0,0,0,1,0,0,0,0,0,0,0,0,0,0,0,0,1,2,0,0,0,0,0,0,0,0,0,0,1,2,16,0,0,1,4,0,0,1,0,0,0,1,0,0,0,3,0,0,0,0,0,0,0,0,0,0,0,0,1,3,0,0,0,0,0,0,0,1,0,0,0,0,0,8,0,0,0,0,0,0,0,0,0,0,0,0,0,2,1,0,0,0,0,0,0,0,0,0,0,0,0,0,3,0,12,0,0,0,0,0,0,0,0,0,21,0,0,0,0,0,0,0,0,0,0,0,0,0,0,0,0,0,0,0,0,2,0,0,0,0,1,1,0,0,0,0,0,0,0,0,0,0,5,0,0,0,0,0,0,0,0,0,0,0,0,0,0,0,0,0,0,0,0,0,0,0,0,0,0,0,0,0,0,0,0,0,0,0,0,0,0,0,0,0,0,0,0,0,0,0,0,0,0,0,0,0,0,0,0,0,0,0,0,0,0,0,0,0,0
5a5567ccd14332843fbec92769be4f33,9.6,3,164,6792,3158,50,4449,106,242,248,479,16,4,42,14,21915,4,4018,6,8,302,523,4,88,8,14,32,12,7,256,9913,9910,9939,9,19874,302,10,354,5,246,1,3305,5,6605,3976,4,3,7,0,37,221,1,418,0,0,2,19,7,7,310,13,2,2,3,564,32,6620,104,60,6,4,4,2,2,13,0,803,650,1,7,1095,1004,373,69,1,59,4,10,10,6,26,40,105,105,105,4,105,5,8,3,3307,3309,2,3,9,9,25,176,5,4,20,15,12,16,0,36297,3300,72617,0,0,0,1,4090,1,0,0,0,0,0,0,0,0,3,0,0,0,0,0,0,0,0,0,0,0,0,0,0,1,0,0,0,0,0,0,0,0,0,0,0,0,0,0,0,0,0,0,0,0,0,1,0,0,0,0,0,0,0,0,0,0,0,0,0,0,0,0,0,0,0,0,0,0,0,0,0,0,0,0,0,0,0,0,0,0,1,0,0,0,0,0,0,0,0,0,0,0,0,0,0,0,0,0,0,0,1,1,6600,0,0,0,0,0,0,0,0,0,0,0,0,0,0,0,0,0,0,0,0,0,0,0,0,0,0,0,0,0,0,0,0,0,0,0,0,0,0,0,0,0,0,0,0,0,0,0,0,0,0,0,0,0,0,0,0,0,0,0,0,0,0,0
5ad9bd113085fb839ac367b9dee6d3af,1.4,0,5,233,1,0,0,0,0,0,0,0,0,0,0,0,0,0,0,0,0,0,0,0,0,0,0,0,0,0,0,0,0,0,0,0,0,2,0,0,0,0,0,0,0,0,0,0,0,0,0,0,0,0,0,0,0,0,0,0,0,0,0,0,1,0,0,0,0,0,0,0,0,0,0,0,0,0,0,0,0,0,0,0,0,0,0,0,0,0,0,0,0,0,0,0,0,0,0,0,0,0,0,0,0,0,0,0,0,0,0,0,0,0,0,0,0,0,0,0,0,0,0,0,0,0,0,0,0,0,0,0,0,0,0,0,0,0,0,0,0,0,0,0,0,0,0,0,0,0,0,0,0,0,0,0,0,0,0,0,0,0,0,0,0,0,0,0,0,0,0,0,0,0,0,0,0,0,0,0,0,0,0,0,0,0,0,0,0,0,0,0,0,0,0,0,0,0,0,0,0,0,0,0,0,0,0,0,0,0,0,0,0,0,0,0,0,0,0,0,0,0,0,0,0,0,0,0,0,0,0,0,0,0,0,0,0,0,0,0,0,0,0,0,0,0,0,0,0,0,0,0,0,0,0,0,0,0,0,0,0,0,0,0,0,0,0,0,0,0,0,0,0,0,0,0,0,0,0,0,0,0,0,0,0,0,0,0,0,0
5b83e75beb38e2253874e788a25b90b5,1.6,0,5,146,1,0,0,0,0,0,0,0,0,0,0,0,0,1,0,0,0,0,0,0,0,0,0,0,0,0,0,0,0,0,0,0,0,2,0,0,0,0,0,0,0,0,0,0,0,0,0,0,0,0,0,0,0,0,0,0,0,0,0,0,1,0,0,0,0,0,0,0,0,0,0,0,0,0,0,0,0,1,0,0,0,0,0,0,0,0,0,0,0,0,0,0,0,0,0,0,0,0,0,0,0,0,0,0,0,0,0,0,0,0,0,0,0,0,0,0,0,1,0,0,0,0,0,0,0,0,0,0,0,0,0,0,0,0,0,0,0,0,0,0,0,0,0,0,0,0,0,0,0,0,0,0,0,0,0,0,0,0,0,0,0,0,0,0,0,0,0,0,0,0,0,0,0,0,0,0,0,0,0,0,0,0,0,0,0,0,0,0,0,0,0,0,0,0,0,0,0,0,0,0,0,0,0,0,0,0,0,0,0,0,0,0,0,0,0,0,0,0,0,0,0,0,0,0,0,0,0,0,0,0,0,0,0,0,0,0,0,0,0,0,0,0,0,0,0,0,0,0,0,0,0,0,0,0,0,0,0,0,0,0,0,0,0,0,0,0,0,0,0,0,0,0,0,0,0,0,0,0,0,0,0,0,0,0,0,0
5b139ca967bd87ff4bd32c66b812442d,11.0,70,156,6200,238,80,4625,86,185,203,669,18,3,69,10,2484,2,25,5,5,236,469,3,85,5,12,23,12,6,370,24,38,34,3,94,505,10,102,5,460,1,9,1,1,9917,2,1,4,2,45,438,1,80,1,1,2,22,11,11,490,14,9,9,26,639,30,9,64,116,12,8,14,4,4,12,2,674,568,1,5,1471,986,602,115,1,54,2,7,7,3,26,24,125,125,105,7,102,4,5,1,22,9,1,3,13,13,31,229,2,2,12,10,13,16,4,4,3,28,2,0,0,5,9774,1,8,0,0,1,0,0,0,0,0,0,0,0,0,0,0,0,0,0,0,0,0,0,0,1,0,0,0,0,0,0,0,0,0,0,0,0,0,0,0,0,0,0,0,0,0,0,0,0,0,0,0,0,0,0,0,0,0,0,0,0,0,0,0,0,0,0,0,0,0,0,0,0,0,0,0,0,0,0,0,0,0,0,0,0,0,0,0,0,0,0,0,0,0,0,0,0,0,0,0,0,0,0,0,0,0,0,0,0,0,0,0,0,0,0,0,0,0,0,0,0,0,0,0,0,0,0,0,0,0,0,0,0,0,0,0,0,0,0,0,0,0,0,0,0,0,0,0,0,0,0,0,0,0,0,0,0,0,0,0,0,0,0,0,0,0,0
5ba98f9971a3dd3ca528f1d39a121566,1.6,0,23,681,16,5,4,2,5,3,8,2,1,3,1,105,1,5,1,3,6,5,1,2,1,1,2,2,0,0,0,1,1,1,1,0,0,5,0,0,0,0,0,0,0,0,0,0,0,0,0,0,0,0,0,3,1,0,0,0,0,0,0,0,1,0,0,0,0,0,0,0,0,0,0,0,0,0,0,0,0,3,0,0,0,0,0,0,0,0,0,0,0,0,0,0,0,0,0,0,0,0,0,0,0,1,1,0,1,0,0,0,0,0,0,0,0,0,0,0,0,0,0,0,0,0,0,0,0,0,0,0,0,0,0,0,0,0,0,0,0,0,0,0,0,0,0,0,0,0,0,0,0,0,0,0,0,0,0,0,0,0,0,0,0,0,0,0,0,0,0,0,0,0,0,0,0,0,0,0,0,0,0,0,0,0,0,0,0,0,0,0,0,0,0,0,0,0,0,0,0,0,0,0,0,0,0,0,0,0,0,0,0,0,0,0,0,0,0,0,0,0,0,0,0,0,0,0,0,0,0,0,0,0,0,0,0,0,0,0,0,0,0,0,0,0,0,0,0,0,0,0,0,0,0,0,0,0,0,0,0,0,0,0,0,0,0,0,0,0,0,0,0,0,0,0,0,0,0,0,0,0,0,0,0,0,0,0,0,0
5baf107bc39d7107076866caae1402b5,1.2,0,17,401,16,1,9,5,0,0,1,4,1,1,3,40,1,3,1,2,8,12,1,2,1,1,2,2,0,0,0,1,1,1,1,1,0,12,0,0,0,0,0,0,0,0,0,0,0,0,0,0,6,0,0,3,1,0,0,0,0,0,0,0,0,0,0,0,0,0,0,0,0,0,0,0,0,11,0,0,0,0,0,0,0,0,0,0,0,0,0,0,0,0,0,0,0,0,0,0,0,0,0,0,0,0,0,0,0,0,0,0,0,0,0,3,0,0,0,0,0,0,4,0,0,0,0,0,0,0,0,0,0,0,0,0,0,0,0,0,0,0,0,0,0,0,0,0,0,0,0,0,0,0,0,0,0,0,0,0,0,0,0,0,0,0,0,0,0,0,0,0,0,0,0,0,0,0,0,0,0,0,0,0,0,0,0,0,0,0,0,0,0,0,0,0,0,0,0,0,0,0,0,0,0,0,0,0,0,0,0,0,0,0,0,0,0,0,0,0,0,0,0,0,0,0,0,0,0,0,0,0,0,0,0,0,0,0,0,0,0,0,0,0,0,0,0,0,0,0,0,0,0,0,0,0,0,0,0,0,0,0,0,0,0,0,0,0,0,0,0,0,0,0,0,0,0,0,0,0,0,0,0,0,0,0,0,0,0,0
5bdd331d0164a8c424aec5feec7509f5,6.2,0,16,234,16,4,6,0,1,0,3,0,0,1,0,49,2,4,1,1,9,8,1,2,1,2,2,2,0,0,1,1,1,1,1,0,0,6,0,0,0,1,0,0,0,0,0,1,0,2,0,0,11,1,1,6,2,0,0,0,0,0,0,0,0,0,0,0,0,0,0,0,0,0,0,0,0,0,0,0,0,0,0,1000,0,0,0,0,0,0,0,0,0,0,0,0,0,0,0,0,1,0,0,4,0,0,0,0,0,0,0,0,0,0,0,0,0,1,0,0,0,0,4,0,0,0,0,0,0,0,0,0,0,0,0,0,0,0,0,0,0,0,0,0,0,0,0,0,0,0,0,0,37,0,0,0,0,0,0,0,0,0,0,0,0,0,0,0,0,0,0,0,0,0,0,0,0,0,0,0,0,0,0,0,0,0,0,0,0,0,0,0,0,0,0,0,0,0,0,0,0,0,0,0,0,0,0,0,0,0,0,0,0,0,0,0,0,0,0,0,0,0,0,0,0,0,0,0,0,0,0,0,0,0,0,0,0,0,0,0,0,0,0,0,0,0,0,0,0,0,0,0,0,0,0,0,0,0,0,0,0,0,0,0,0,0,0,0,0,0,0,0,0,0,0,0,0,0,0,0,0,0,0,0,0,0,0,0,0,0
5c9c6c07420bbfd8a19e6a6f6f359718,4.2,0,37,473,44,5,38,24,294,247,166,1,0,3,3,75,3,9,0,1,12,9,0,9,1,2,2,4,1,8,12,17,4,0,10,6,0,7,1,0,0,5,1,1,0,0,0,1,0,0,4,0,0,0,0,3,4,1,1,11,0,0,0,0,0,5,9,3,0,0,0,0,0,0,0,0,0,0,8,0,1,0,0,0,0,22,0,0,0,0,4,0,0,0,0,2,0,2,0,1,6,1,1,0,5,10,0,0,2,0,2,0,9,8,0,2,0,0,0,0,12,0,0,0,0,0,0,0,0,1,12,5,0,0,1,0,3,6,0,0,0,0,0,0,0,0,0,0,0,0,0,0,0,1,1,0,0,0,0,0,0,0,0,0,0,0,0,0,0,0,0,0,0,0,0,0,0,0,0,0,0,0,0,0,0,0,0,0,0,0,0,0,0,0,0,0,0,0,0,0,0,0,0,0,0,0,1,0,0,0,0,0,0,0,0,0,0,0,0,0,0,0,0,0,0,0,0,0,0,0,0,0,0,0,0,0,0,0,0,4,0,0,0,0,0,0,0,0,0,0,0,0,0,0,0,0,0,0,0,0,0,0,0,0,0,0,0,0,0,0,0,0,0,0,0,0,0,0,0,0,0,0,0,0,0,0,0,0,0,0
5c581998eb56fe08e2569f6ddb554b18,3.6,0,34,866,45,464,710,4,25,24,78,2,1,75,2,47,1,72,1,1,3,3,0,6,0,0,164,0,1,0,23,0,84,0,2,1,5,3,0,0,0,2,3,0,0,0,0,0,1,0,0,2,0,0,0,0,0,0,0,0,0,0,0,0,4,0,175,1,0,4,3,0,0,0,1,0,0,0,0,0,0,0,0,0,0,0,0,1,2,0,0,0,0,0,0,0,0,0,0,1,2,16,0,0,1,4,0,0,1,0,0,0,1,0,0,0,3,0,0,0,0,0,0,0,0,0,0,0,0,1,3,0,0,0,0,0,0,0,1,0,0,0,0,0,8,0,0,0,0,0,0,0,0,0,0,0,0,0,2,1,0,0,0,0,0,0,0,0,0,0,0,0,0,3,0,8,0,0,3,0,0,0,0,0,0,17,0,0,0,0,0,0,0,0,0,0,0,0,0,0,0,0,0,0,0,0,2,0,0,0,0,1,1,0,0,0,0,0,0,0,0,0,0,0,0,0,0,0,0,0,0,0,0,0,0,0,0,0,0,0,0,0,0,0,0,0,0,0,0,0,0,0,0,0,0,0,0,0,0,0,0,0,0,0,0,0,0,0,0,0,0,0,0,0,0,0,0,0,0,0,0,0,0,0,0,0,0,0,0,0
5cc26c4a35b55dedc54e6405e6d3acfc,2.0,0,22,443,12,1,231,3,0,0,2,2,1,1,3,45,1,5,1,3,8,12,1,2,1,1,2,2,0,1,0,1,2,1,1,0,0,9,0,0,0,0,0,0,0,0,0,0,0,0,0,0,0,0,0,3,1,0,0,0,0,0,0,0,0,0,0,0,0,0,0,0,0,0,0,0,0,10,0,0,0,26,0,0,0,0,0,0,0,0,0,0,0,0,0,0,0,0,0,0,0,0,0,0,0,0,0,0,0,0,0,0,0,0,0,0,0,1,0,0,0,0,0,0,0,0,0,0,0,0,0,0,0,0,0,0,0,0,0,0,0,0,0,0,0,0,0,0,0,0,0,0,0,0,0,0,0,0,0,0,0,0,0,0,0,0,0,0,0,0,0,0,0,0,0,0,0,0,0,0,0,0,0,0,0,0,0,0,0,0,0,0,0,0,0,0,0,0,0,0,0,0,0,0,0,0,0,0,0,0,0,0,0,0,0,0,0,0,0,0,0,0,0,0,0,0,0,0,0,0,0,0,0,0,0,0,0,0,0,0,0,0,0,0,0,0,0,0,0,0,0,0,0,0,0,0,0,0,0,0,0,0,0,0,0,0,0,0,0,0,0,0,0,0,0,0,0,0,0,0,0,0,0,0,0,0,0,0,0,0
5cdc56bf6368154ed4b396902598b296,5.2,0,7,129,8,3,5,0,3,0,10,0,0,44,0,40,3,3,1,1,6,5,1,2,1,2,2,2,0,0,0,1,1,1,1,0,0,0,0,0,0,0,0,0,0,0,0,1,0,1,0,0,5,1,1,6,4,0,0,0,0,0,0,0,0,0,0,0,0,0,0,0,0,0,1,0,0,0,0,0,0,0,0,0,0,0,0,0,0,0,0,0,0,0,0,0,0,0,0,0,0,0,1,0,0,0,0,0,1,0,0,0,0,0,0,0,0,0,0,0,0,0,11,0,0,0,0,0,0,0,0,0,0,0,0,0,2,0,0,0,0,0,0,0,0,0,0,0,0,0,0,0,0,0,0,0,0,0,5,12,0,0,0,0,2,2,0,0,0,0,0,2,0,0,0,0,0,0,0,0,0,0,0,0,0,0,0,0,0,0,0,0,0,0,0,0,0,0,0,0,0,0,0,0,0,0,0,0,0,0,0,0,0,0,0,0,0,0,0,0,0,0,0,0,0,0,0,0,0,0,0,0,0,0,0,0,0,0,0,0,0,0,0,0,0,0,0,0,0,0,0,0,0,0,0,0,0,0,0,0,0,0,0,0,0,0,0,0,0,0,0,0,0,0,0,0,0,0,0,0,0,0,0,0,0,0,0,0,0,0
5d032a38e1353624078adef30d37770e,11.2,3,164,1678,4815,13,125,128,199,104,349,20,4,11,20,13434,2,6693,5,11,326,704,4,92,9,9,50,12,3,246,5562,5549,5577,14,11149,299,1,123,6,196,1,1852,5,3694,5721,0,0,7,0,36,170,1,178,0,0,2,28,7,7,300,13,1,1,1,603,37,3727,124,0,2,0,17,2,1,14,2,1089,886,1,8,1091,873,326,62,1,57,5,12,12,8,29,68,105,105,105,5,99,5,12,4,1861,1896,3,3,10,10,24,165,6,5,44,24,12,12,0,20301,1846,40629,0,0,0,0,5610,0,0,0,0,0,0,0,1,0,5,0,0,0,0,0,0,0,0,0,0,0,3,0,0,1,0,0,0,0,0,0,0,0,0,0,2,7,0,0,0,3,0,0,3,0,0,1,0,9,0,4,0,1,0,4,0,0,2,0,0,0,6,0,0,0,0,0,0,0,0,0,0,0,0,0,0,0,0,0,1,0,1,0,0,0,0,0,0,0,0,0,0,0,0,0,0,0,0,0,3,0,1,2,3690,0,0,0,0,3,2,0,0,0,0,0,0,0,0,0,0,0,0,1,0,0,0,0,0,0,0,0,0,0,0,0,0,0,0,0,0,0,0,0,0,0,0,0,0,0,0,0,0,0,0,0,0,0,0,0,0,0,0,0,0,0,0,0
5d42d6a7cec9e41c00a65f31bb945d57,4.8,0,3,25,17,1,3,0,1,0,3,0,0,1,0,34,2,3,1,1,8,7,1,2,1,1,2,2,0,0,0,1,1,1,1,0,0,10,0,0,0,0,0,0,0,0,0,1,0,1,0,0,6,1,0,3,1,0,0,0,0,0,0,0,0,0,0,0,0,0,0,0,0,0,0,0,0,0,0,0,0,6,0,0,0,0,0,0,0,0,0,0,0,0,0,0,0,0,0,0,0,0,0,0,0,1,1,0,2,0,0,0,0,0,0,0,0,0,0,0,0,2,2,0,0,0,0,0,0,0,0,0,0,0,0,0,0,0,0,0,0,0,1,0,0,0,0,0,0,0,0,1,0,0,0,0,0,0,0,0,0,0,0,0,0,0,0,0,0,0,0,0,0,0,0,0,0,0,0,0,0,0,0,0,0,0,0,0,0,0,0,0,0,0,0,0,0,0,0,0,0,0,0,0,0,0,0,0,0,0,0,0,0,0,0,0,0,0,0,5,0,0,0,0,0,0,0,0,0,0,0,0,0,0,0,0,0,0,0,0,0,0,0,0,0,0,0,0,0,0,0,0,0,0,0,0,0,0,0,0,0,0,0,0,0,0,0,0,0,0,0,0,0,0,0,0,0,0,0,0,0,0,0,0,0,0,0,0,0,0
5d436aca311119f7e63c20936ab52975,4.4,0,31,934,46,525,779,3,46,24,87,2,1,81,0,58,1,76,1,0,2,2,0,9,0,0,188,0,3,0,23,0,82,0,2,1,5,0,0,0,0,2,3,0,0,0,0,0,1,0,0,2,0,0,0,0,0,0,0,0,0,0,0,0,3,0,202,1,0,3,2,0,0,0,1,0,0,0,0,0,0,0,0,0,0,0,0,1,2,0,0,0,0,0,0,0,0,0,0,1,2,16,0,0,1,4,0,0,1,0,0,0,1,0,0,0,3,0,0,0,0,0,0,0,0,0,0,0,0,1,3,0,0,0,0,0,0,0,1,0,0,0,0,0,8,0,0,0,0,0,0,0,0,0,0,0,0,0,2,1,0,0,0,0,0,0,0,0,0,0,0,0,0,3,0,6,0,0,2,0,0,0,0,0,0,21,0,0,0,0,0,0,0,0,0,0,0,0,0,0,0,0,0,0,0,0,2,0,0,0,0,1,1,0,0,0,0,0,0,0,0,0,0,0,0,0,0,0,0,0,0,0,0,0,0,0,0,0,0,0,0,0,0,0,0,0,0,0,0,0,0,0,0,0,0,0,0,0,0,0,0,0,0,0,0,0,0,0,0,0,0,0,0,0,0,0,0,0,0,0,0,0,0,0,0,0,0,0,0,0
5d4239bbb273f2f4e5562a0ab4bfa375,1.8,0,19,442,16,3,5,3,2,1,6,1,0,3,0,28,2,5,1,1,6,5,1,2,1,1,2,2,0,0,0,1,3,1,1,0,0,9,0,0,0,0,0,0,1,0,0,0,0,0,0,0,0,0,0,3,1,0,0,0,0,0,0,0,0,0,0,0,0,0,0,0,0,0,0,0,0,0,0,0,1,0,0,0,0,0,0,0,0,0,0,0,0,0,0,0,0,0,0,0,0,0,0,0,0,0,0,0,1,0,0,0,0,0,0,0,0,0,0,0,0,0,0,0,0,0,0,0,0,0,0,0,0,0,0,0,0,0,0,0,0,0,0,0,0,0,0,0,0,0,0,0,0,0,0,0,0,0,0,0,0,0,0,0,0,0,0,0,0,0,0,0,0,0,0,0,0,0,0,0,0,0,0,0,0,0,0,0,0,0,0,0,0,0,0,0,0,0,0,0,0,0,0,0,0,0,0,0,0,0,0,0,0,0,0,0,0,0,0,0,0,0,0,0,0,0,0,0,0,0,0,0,0,0,0,0,0,0,0,0,0,0,0,0,0,0,0,0,0,0,0,0,0,0,0,0,0,0,0,0,0,0,0,0,0,0,0,0,0,0,0,0,0,0,0,0,0,0,0,0,0,0,0,0,0,0,0,0,0,0
5d6506919fb2982e57ae0d440a9aa64f,1.2,0,2,42,3,0,2,2,0,0,0,1,0,0,0,1,0,3,0,0,2,2,0,0,0,0,0,0,0,0,0,0,0,0,0,1,0,1,0,0,0,0,0,0,0,0,0,0,0,0,0,0,0,0,0,0,0,0,0,0,0,0,0,0,0,0,0,0,0,0,0,0,0,0,0,0,0,1,0,0,0,0,0,0,0,0,0,0,0,0,0,0,0,0,0,0,0,0,0,0,0,0,0,0,0,0,0,0,0,0,0,0,0,0,0,0,0,0,0,0,0,0,0,0,0,0,0,0,0,0,0,0,0,0,0,0,0,0,0,0,0,0,0,0,0,0,0,0,0,0,0,0,0,0,0,0,0,0,0,0,0,0,0,0,0,0,0,0,0,0,0,0,0,0,0,0,0,0,0,0,0,0,0,0,0,0,0,0,0,0,0,0,0,0,0,0,0,0,0,0,0,0,0,0,0,0,0,0,0,0,0,0,0,0,0,0,0,0,0,0,0,0,0,0,0,0,0,0,0,0,0,0,0,0,0,0,0,0,0,0,0,0,0,0,0,0,0,0,0,0,0,0,0,0,0,0,0,0,0,0,0,0,0,0,0,0,0,0,0,0,0,0,0,0,0,0,0,0,0,0,0,0,0,0,0,0,0,0,0,0
5da56436a75e3e7fb0f818d7b7904353,5.6,4,36,304,27,368,11,2,35,19,76,1,2,51,4,65,1,3,0,2,23,16,1,7,0,0,0,3,1,1,0,0,3,1,1,2,2,8,0,0,1,0,0,0,0,0,0,1,1,0,0,0,0,0,0,5,3,0,0,0,0,0,0,0,0,2,0,3,0,0,0,0,0,0,1,0,0,0,0,0,0,12,0,0,2,32,0,0,0,0,1,0,0,0,0,2,15,0,0,0,0,0,0,4,3,4,0,0,1,0,0,0,8,8,0,1,0,0,0,0,4,0,0,0,0,0,0,0,0,0,1,0,0,0,0,0,2,0,1,0,0,1,0,0,1,0,1,1,1,0,0,0,31,0,0,0,0,0,13,18,0,0,0,0,0,0,0,0,0,0,0,0,0,0,0,0,76,0,0,0,0,0,0,0,0,344,0,8,0,0,0,0,0,0,0,0,0,0,0,0,1,0,0,0,0,30,0,0,0,0,0,0,0,174,0,0,0,0,0,0,0,0,0,0,0,0,1,0,0,0,0,0,0,0,0,0,0,0,0,0,0,0,0,0,0,0,0,0,0,0,0,0,0,0,0,0,0,0,0,0,0,0,0,0,0,0,0,0,0,0,0,0,0,0,0,0,0,0,0,0,0,0,0,0,0,0,0,0,0,0
5de91a8543d0c395f059c1c0921f839f,1.2,4,12,76,34,9,3,0,0,0,6,1,0,4,0,18,0,6,0,0,4,7,0,0,0,0,0,0,0,0,8,19,3,0,1,0,0,3,0,0,0,0,0,0,0,0,0,0,0,0,0,0,0,0,0,3,12,1,0,0,0,0,0,0,1,0,0,0,0,0,0,0,0,0,0,0,0,0,0,0,0,8,0,1,0,0,0,0,0,0,1,0,0,4,0,0,0,0,0,0,2,0,0,0,0,0,0,0,0,0,0,0,0,0,0,1,0,3,0,0,0,2,0,0,0,0,1,0,0,1,0,0,0,0,0,1,0,0,0,0,0,0,0,0,0,0,0,0,0,0,0,0,1,0,0,0,0,0,0,0,1,21,0,0,0,0,0,0,0,0,0,0,0,0,0,0,0,0,0,0,0,0,0,0,0,0,0,0,0,0,0,0,0,0,0,0,0,0,0,0,1,0,0,0,0,0,0,0,0,0,0,0,0,0,1,0,0,0,0,0,0,0,0,0,0,0,0,0,0,0,0,0,0,0,0,0,0,0,0,0,0,0,0,0,0,0,0,0,0,0,0,0,0,0,0,0,0,0,0,0,0,0,0,0,0,0,0,0,0,0,0,0,0,0,0,0,0,0,0,0,0,0,0,0,0,0,0,0,0,0
5e5aec5b6d67faaf5a48461ee75fdc88,5.4,0,3,24,14,1,3,0,1,0,3,0,0,1,0,34,2,3,1,1,8,7,1,2,1,1,2,2,0,0,0,1,1,1,1,0,0,13,0,0,0,0,0,0,0,0,0,1,0,1,0,0,6,1,1,3,1,0,0,0,0,0,0,0,120,0,0,0,0,0,0,0,0,0,0,0,0,0,0,0,0,6,0,0,0,0,0,0,0,0,0,0,0,0,0,0,0,0,0,0,0,0,0,0,0,1,1,0,4,0,0,0,0,0,0,0,0,0,0,0,0,2,2,0,0,0,0,0,0,0,0,0,0,0,0,0,0,0,0,0,0,0,0,0,0,0,0,0,0,0,0,1,0,0,0,0,0,0,0,0,0,0,0,0,0,0,0,0,0,0,0,0,0,0,0,0,0,0,0,0,0,0,0,0,0,0,0,0,0,0,0,0,0,0,0,0,0,0,0,0,0,0,0,0,0,0,0,0,0,0,0,0,0,0,0,0,0,0,0,5,0,0,0,0,0,0,0,0,0,0,0,0,0,0,0,0,0,0,0,0,0,0,0,0,0,0,0,0,0,0,0,0,0,0,0,0,0,0,0,0,0,0,0,0,0,0,0,0,0,0,0,0,0,0,0,0,0,0,0,0,0,0,0,0,0,0,0,0,0,0
003e845bdcc5367220bf13f7170da16f,5.6,0,10,311706,19,4,13,9,1,1,8,2,1,4,2,96,2,11,1,4,10,11,0,7,2,3,0,0,1,0,7,0,10,0,2,2,0,518,1,0,0,8,4,2,15,0,0,3,0,1,0,1,0,1,1,12,7,0,0,0,0,1,0,0,7,0,0,0,0,0,14,6,13,0,0,0,7,7,0,0,0,0,0,0,0,1,0,1,7,0,0,0,0,14,18,0,0,0,1,0,19,3,1,0,3,3,0,0,1,0,0,0,7,0,0,0,0,0,23,0,0,1,0,0,0,0,0,0,35,0,0,0,0,0,0,0,0,0,0,0,0,0,0,0,0,0,0,0,0,2,0,0,0,0,0,0,0,0,1,1,0,0,0,0,0,0,0,0,0,0,0,0,0,2,0,0,0,0,0,0,0,0,0,0,0,0,3,0,0,0,0,0,0,0,0,0,0,0,0,9,0,0,0,0,0,0,0,1,14,7,0,0,0,0,0,0,0,0,0,1,0,0,0,0,0,0,0,0,0,0,0,0,0,0,0,0,0,0,0,0,0,0,0,0,0,0,0,0,0,0,0,0,0,0,0,0,0,0,0,0,0,0,0,1,7,1,6,0,0,0,0,0,0,0,0,0,0,0,0,0,0,0,0,0,0,0,0,0,0,0
5eb19ecb23e482f6e1e7afd67561194a,1.6,0,19,368,10,3,4,4,5,4,9,1,0,3,0,28,1,4,1,1,6,5,1,2,1,1,2,2,0,0,0,1,1,1,1,0,0,2,0,0,0,0,0,0,0,0,0,0,0,0,0,3212,0,0,0,3,1,0,0,0,0,0,0,0,0,0,0,0,0,0,0,0,0,0,0,0,0,0,0,0,0,0,0,0,0,0,0,0,0,0,0,0,0,0,0,0,0,0,0,0,0,0,0,0,0,0,0,0,0,0,0,0,0,0,0,0,0,0,1799,0,0,0,0,0,0,0,0,0,0,0,0,0,0,0,0,0,0,0,0,0,0,0,0,0,0,0,0,0,0,0,0,0,0,0,0,0,0,0,0,0,0,0,0,0,0,0,0,0,0,0,0,0,0,0,0,0,0,0,0,0,0,0,0,0,0,0,0,0,0,0,0,0,0,0,0,0,0,0,0,0,0,0,0,0,0,0,0,0,0,0,0,0,0,0,0,0,0,0,0,0,0,0,0,0,0,0,0,0,0,0,0,0,0,0,0,0,0,0,0,0,0,0,0,0,0,0,0,0,0,0,0,0,0,0,0,0,0,0,0,0,0,0,0,0,0,0,0,0,0,0,0,0,0,0,0,0,0,0,0,0,0,0,0,0,0,0,0,0,0,0
5f1ef0633c77654bc545bc063e29c764,14.6,4,252,3157,393,34,632,75,356,392,714,67,431,53,9,4305,126,115,5,87,297,523,4,95,5,5,73,13,9,766,94,49,80,25,134,437,1,422,35,416,5,45,2,2,11465,0,0,3,857,54,358,1,642,0,0,8,41,22,22,875,11,17,17,17,1003,31,391,60,0,3,0,19,3,2,9,3,680,564,9,4,1359,1440,605,124,24,69,1,5,6,3,27,15,124,128,108,18,129,22,2,0,82,813,3,8,10,134,29,215,2,1,7,5,8,8,2,23,0,24,37,0,0,2,11394,0,0,0,0,8,1,0,2,4,78,0,0,0,6,0,760,0,0,4,2,0,13,0,4,8,0,0,0,0,7,0,0,0,1,0,5,13,0,0,0,7,2,2,7,0,0,2,6,28,0,3,84,2,0,4,0,0,2,0,0,0,18,0,0,0,0,0,0,0,0,0,0,0,0,0,0,0,0,0,1,0,6,0,0,0,0,0,0,1,0,0,0,0,0,0,0,0,0,0,7,0,6,4,1,0,0,0,0,7,6,0,0,0,0,0,0,0,0,0,0,0,0,1,0,0,0,0,0,0,0,0,0,0,0,0,0,0,0,1,0,0,0,0,0,0,0,0,0,0,0,0,0,0,0,0,0,0,0,0,0,0,0,0,0,0,0,0
5f7d239b044f75d37bbc30ac0eea03aa,2.6,0,21,362,11,5,6,0,0,0,3,1,0,0,1,32,1,9,1,1,3,3,0,1,0,0,1,0,0,0,0,0,3,0,60,0,0,11,0,0,0,0,0,0,61,0,0,0,0,0,0,0,0,0,0,3,2,0,0,0,0,0,0,0,0,0,0,0,0,0,0,0,0,0,0,0,0,0,0,0,0,0,0,0,0,0,0,0,0,0,0,0,0,0,0,0,0,0,0,0,2,0,0,4,0,0,0,0,0,0,0,0,0,0,0,0,0,0,0,0,0,0,0,0,0,0,0,0,0,0,0,0,0,0,0,0,0,0,0,0,0,0,0,0,0,0,0,0,0,0,0,0,31,0,0,0,0,0,0,0,0,0,0,0,2,1,0,0,0,0,0,0,0,0,0,0,0,0,0,0,0,0,0,0,0,0,0,0,0,0,0,0,0,0,0,0,0,0,0,0,0,0,0,0,0,0,0,0,0,0,0,1,0,0,0,0,0,0,0,0,0,0,0,0,0,0,0,0,0,0,0,0,0,0,0,0,0,0,0,0,0,0,0,0,0,0,0,0,0,0,0,0,0,0,0,0,0,0,0,0,0,0,0,0,0,0,0,1,0,0,0,0,0,0,0,0,0,0,0,0,0,0,0,0,0,0,0,0,0,0
5f72d918819508c129deba8832847b60,1.6,2,7,2639,12,7,2293,4,22,67,21,2,1,3,1,33,2,2,1,1,8,5,1,2,1,1,1,2,1,2,2,1,1,1,1,0,0,0,0,0,0,0,0,0,0,0,0,0,0,0,0,0,0,0,0,3,1,0,0,0,0,0,0,0,0,0,0,0,0,0,0,0,0,0,0,0,0,0,0,0,0,0,0,0,0,0,0,0,0,0,0,0,0,0,0,0,0,0,0,0,0,0,0,0,0,0,0,0,0,0,0,0,0,0,0,0,0,0,0,0,0,0,0,0,0,0,0,0,0,0,0,0,0,0,0,0,0,0,0,0,0,0,0,0,0,0,0,0,0,0,0,0,0,0,0,0,0,0,0,0,0,0,0,0,0,0,0,0,0,0,0,0,0,0,0,0,0,0,0,0,0,0,0,0,0,0,0,0,0,0,0,0,0,0,0,0,0,0,0,0,0,0,0,0,0,0,0,0,0,0,0,0,0,0,0,0,0,0,0,0,0,0,0,0,0,0,0,0,0,0,0,0,0,0,0,0,0,0,0,0,0,0,0,0,0,0,0,0,0,0,0,0,0,0,0,0,0,0,0,0,0,0,0,0,0,0,0,0,0,0,0,0,0,0,0,0,0,0,0,0,0,0,0,0,0,0,0,0,0,0
5f908f24484dd89e3a5446e049e9bf2b,2.6,14,84,437,278,30,109,332,1835,5506,1299,52,0,7,8,1151,83,121,0,2,267,174,2,14,1,5,11,18,1,43,65,146,269,25,105,12,3,61,2,3,0,74,0,0,0,21,0,2,5,5,15,0,0,0,0,6,32,0,0,0,0,0,0,0,1,114,26,18,6,0,0,0,0,0,1,0,18,15,16,0,2,1060,30,0,0,3,0,1,1,0,113,59,38,50,19,6,117,338,0,2,83,436,0,29,78,91,2,8,3,0,0,0,15,16,4,0,1,4,0,0,112,1,0,0,0,0,0,0,0,2,27,28,4,1,2,38,12,169,5,14,14,1,1,1,1,0,0,0,0,0,0,0,0,0,0,0,0,0,0,0,0,0,0,0,0,0,0,0,0,0,0,0,0,0,0,0,0,0,0,0,0,0,0,0,0,0,0,0,0,0,0,0,0,0,0,0,0,0,0,0,0,0,0,0,0,0,0,0,0,0,0,0,0,0,0,0,0,0,0,0,0,0,0,0,0,0,0,0,0,0,0,0,0,0,0,0,0,0,0,0,0,0,0,0,0,0,0,0,0,0,0,0,0,0,0,0,0,0,0,0,0,0,0,0,0,0,0,0,0,0,0,0,0,0,0,0,0,0,0,0,0,0,0,0,0,0,0,0,0,0
5f914271988d66ecde99269f73271d6e,1.2,0,17,401,16,1,9,5,0,0,1,4,1,1,3,40,1,3,1,2,8,12,1,2,1,1,2,2,0,0,0,1,1,1,1,1,0,12,0,0,0,0,0,0,0,0,0,0,0,0,0,0,6,0,0,3,1,0,0,0,0,0,0,0,0,0,0,0,0,0,0,0,0,0,0,0,0,11,0,0,0,0,0,0,0,0,0,0,0,0,0,0,0,0,0,0,0,0,0,0,0,0,0,0,0,0,0,0,0,0,0,0,0,0,0,3,0,0,0,0,0,0,4,0,0,0,0,0,0,0,0,0,0,0,0,0,0,0,0,0,0,0,0,0,0,0,0,0,0,0,0,0,0,0,0,0,0,0,0,0,0,0,0,0,0,0,0,0,0,0,0,0,0,0,0,0,0,0,0,0,0,0,0,0,0,0,0,0,0,0,0,0,0,0,0,0,0,0,0,0,0,0,0,0,0,0,0,0,0,0,0,0,0,0,0,0,0,0,0,0,0,0,0,0,0,0,0,0,0,0,0,0,0,0,0,0,0,0,0,0,0,0,0,0,0,0,0,0,0,0,0,0,0,0,0,0,0,0,0,0,0,0,0,0,0,0,0,0,0,0,0,0,0,0,0,0,0,0,0,0,0,0,0,0,0,0,0,0,0,0
5fb1f3c44e6314a5c19b8f7511368474,1.4,0,0,0,1,0,1,0,0,0,0,0,1,0,0,0,0,0,0,0,0,0,0,0,0,0,0,0,0,0,0,1,0,0,0,0,1,0,0,0,0,0,0,0,0,0,0,0,0,0,0,0,0,0,0,1,0,1,1,11,0,0,0,0,0,0,0,0,0,0,0,0,0,0,0,0,0,0,0,0,0,0,0,0,0,0,0,0,0,0,0,0,0,0,0,0,0,0,0,0,0,0,0,0,0,0,0,0,0,0,0,0,0,0,0,0,0,0,0,0,0,1,0,0,0,0,0,0,0,0,0,0,0,0,0,0,0,0,0,0,0,0,0,0,0,0,0,0,0,0,0,0,0,0,0,0,0,0,0,0,0,0,0,0,0,0,0,0,0,0,0,0,0,0,0,0,0,0,0,0,0,0,0,0,0,0,0,0,0,0,0,0,0,0,0,0,0,0,0,0,0,0,0,0,0,0,0,0,0,0,0,0,0,0,0,0,0,0,0,0,0,0,0,0,0,0,0,0,0,0,0,0,0,0,0,0,0,0,0,0,0,0,0,0,0,0,0,0,0,0,0,0,0,0,0,0,0,0,0,0,0,0,0,0,0,0,0,0,0,0,0,0,0,0,0,0,0,0,0,0,0,0,0,0,0,0,0,0,0,0
5fdbebabdcd31ee7e0922d99a8643109,2.0,0,21,492,11,5,4,2,5,3,8,3,1,3,1,29,1,4,1,2,6,5,1,2,1,1,2,2,0,0,0,1,1,1,1,0,0,11,0,0,0,0,0,0,0,0,0,0,0,0,0,0,6,0,0,3,1,0,0,0,0,0,0,0,0,0,0,0,0,0,0,0,0,0,0,0,0,0,0,0,0,0,0,0,0,0,0,0,0,0,0,0,0,0,0,0,0,0,0,0,0,0,0,0,0,0,0,0,0,0,0,0,0,0,0,0,0,0,0,0,0,0,4,0,0,0,0,0,0,0,0,0,0,0,0,0,0,0,0,0,0,0,0,0,0,0,0,0,0,0,0,0,0,0,0,0,0,0,0,0,0,0,0,0,0,0,0,0,0,0,0,0,0,0,0,0,0,0,0,0,0,0,0,0,0,0,0,0,0,0,0,0,0,0,0,0,0,0,0,0,0,0,0,0,0,0,0,0,0,0,0,0,0,0,0,0,0,0,0,0,0,0,0,0,0,0,0,0,0,0,0,0,0,0,0,0,0,0,0,0,0,0,0,0,0,0,0,0,0,0,0,0,0,0,0,0,0,0,0,0,0,0,0,0,0,0,0,0,0,0,0,0,0,0,0,0,0,0,0,0,0,0,0,0,0,0,0,0,0,0
0c90fc1819fb426416c08f9a2c5e4e7f,6.4,7,196,1034,346,9,153,214,436,340,313,25,0,7,24,1234,22,37,0,9,207,497,0,69,9,10,8,19,6,25,42,89,34,0,18,94,0,15,5,38,0,17,0,2,1,0,0,9,0,12,38,0,0,0,0,8,42,1,1,11,0,0,0,0,736,62,9,139,0,0,0,12,0,0,24,0,967,681,8,10,1312,253,561,109,4,80,8,20,20,8,47,90,141,141,105,11,20,4,21,5,56,1,1,8,34,43,0,8,10,8,57,44,39,48,8,8,4,8,4,2,13,6,0,0,0,0,0,0,0,1,12,5,0,0,1,0,3,6,0,0,0,0,0,0,0,0,0,0,0,0,0,0,0,1,1,0,0,0,0,0,0,0,0,0,0,0,0,0,0,0,0,0,0,0,0,0,0,0,0,0,0,0,0,0,0,0,0,0,0,0,0,0,0,0,0,0,0,0,0,0,0,0,0,0,0,0,1,0,0,0,0,0,0,0,0,0,0,0,0,0,0,0,0,0,0,0,1,0,0,0,0,0,0,0,0,0,0,0,0,4,0,0,0,0,0,0,0,0,0,0,0,0,0,0,0,0,0,0,0,0,0,0,0,0,0,0,0,0,0,0,0,0,0,0,0,0,0,0,0,0,0,0,0,0,0,0,0,0,0,0
0df18ca8725161784a6287495e40e034,5.8,262,304,2149,498,81,361,869,1501,2871,1259,34,19,156,33,3884,32,85,0,10,299,1227,1,101,10,1370,24,29,9,77,368,224,397,35,490,147,2,14,17,50,2,53,29,5,38,42,0,9,4,1378,27,3,0,0,0,0,52,0,0,0,0,1,0,1,2738,214,92,300,6,4,0,33,0,0,28,0,1673,1149,8,240,937,3173,3296,2331,5,128,9,22,22,10,184,95,169,424,115,14,105,126,19,7,123,266,3,26,75,83,0,10,9,19,53,40,57,72,12,5,53,101,7,0,135,10,23,0,0,2,0,0,6,3,7,9,3,0,0,3,8,12,4,0,0,1,0,0,0,0,0,5,0,0,0,0,54,1,0,1,1,0,10,23,0,0,0,21,2,2,1,0,0,1,1,0,0,29,0,0,0,4,0,0,2,0,0,0,66,21,0,13,0,0,0,0,0,0,0,0,0,0,0,0,0,0,0,3,0,0,0,0,0,0,0,0,0,0,0,0,0,0,0,0,0,0,21,0,0,0,0,0,0,0,0,35,28,0,2,0,0,0,0,0,0,0,0,0,0,0,0,0,0,1,0,0,0,0,0,1,0,0,0,0,0,0,0,0,0,0,0,0,0,0,0,0,0,0,0,0,0,0,0,0,0,0,0,0,0,0,0,0,0,0
0df28769db118e5bdee7b9a7922f59a8,5.2,107,177,2462,163,83,67,442,1395,2787,1157,6,16,146,9,1363,32,74,0,1,100,714,1,26,1,10,12,5,1,55,287,80,340,32,463,30,6,8,10,17,2,38,27,3,32,39,0,1,6,14,13,2,0,0,0,2,23,0,0,0,0,1,0,1,2124,163,73,652,6,0,0,18,0,0,2,0,762,490,8,8,1061,7057,2987,2353,5,27,0,1,1,9,153,9,54,160,54,7,112,125,0,2,49,256,3,22,37,45,0,2,0,10,1,0,11,8,0,0,33,81,2,0,135,0,23,0,0,2,0,0,6,6,6,9,3,0,0,3,8,12,6,0,0,1,0,0,0,0,0,5,0,0,0,0,107,0,0,1,1,0,9,23,0,0,0,3,2,2,2,0,0,1,0,0,0,27,0,0,0,4,0,0,2,0,0,0,9,21,0,13,0,0,0,0,0,0,0,0,0,0,0,0,0,0,0,0,0,0,0,0,0,0,0,0,0,0,0,0,0,0,0,0,0,0,3,2,0,0,0,0,0,0,0,3,3,0,2,0,0,0,0,0,0,0,0,0,0,0,0,0,0,1,0,0,0,0,0,0,0,0,0,0,0,0,0,0,0,0,0,0,0,0,0,0,0,0,0,0,0,0,0,0,0,0,0,0,0,0,0,0,0,0
0dfafea7561b778955306a35e521ad64,6.6,273,198,2584,239,80,77,471,1392,2802,1155,10,19,152,13,4314,32,81,0,2,130,776,1,43,2,2699,18,8,2,71,321,136,367,34,487,57,4,9,12,18,2,41,28,5,37,41,0,2,5,2704,15,3,0,0,0,3,28,0,0,0,0,1,0,1,4125,175,92,105,6,2,0,21,0,0,5,0,985,651,8,11,1049,2343,3294,2543,6,62,1,3,3,7,161,21,65,336,56,9,118,123,2,1,70,266,3,23,49,57,0,3,1,11,7,5,17,16,2,1,49,93,3,0,135,2,18,0,0,2,0,0,6,6,7,9,3,0,0,3,8,12,5,0,0,1,0,0,0,0,0,5,0,0,0,0,107,1,0,1,1,0,7,17,0,0,0,15,2,2,1,0,0,1,1,0,0,28,0,0,0,4,0,0,2,0,0,0,45,21,0,13,0,0,0,0,0,0,0,0,0,0,0,0,0,0,0,3,0,0,0,0,0,0,0,0,0,0,0,0,0,0,0,0,0,0,15,0,0,0,0,0,0,0,0,25,17,0,2,0,0,0,0,0,0,0,0,0,0,0,0,0,0,1,0,0,0,0,0,1,0,0,0,0,0,0,0,0,0,0,0,0,0,0,0,0,0,0,0,0,0,0,0,0,0,0,0,0,0,0,0,0,0,0
0dfbcc3ffe7ad1f7f9c723dc5691e873,5.8,186,175,2500,235,80,67,465,1385,2790,1153,6,19,152,9,3351,34,58,0,1,106,735,1,28,1,1868,17,5,1,59,328,122,375,37,476,30,4,8,13,17,2,38,29,6,40,44,0,1,5,1872,13,4,0,0,0,2,22,0,0,0,0,1,0,1,3716,169,93,89,6,2,0,18,0,0,2,0,818,526,8,9,1048,1980,1950,2233,3,61,0,1,1,10,158,9,55,240,55,7,98,125,0,1,59,276,3,24,40,48,0,2,0,10,1,0,11,8,0,0,38,93,2,0,135,0,23,0,0,2,0,0,6,6,7,9,3,0,0,3,8,12,5,0,0,1,0,0,0,0,0,5,0,0,0,0,107,2,0,1,1,0,10,23,0,0,0,17,2,2,1,0,0,1,1,0,0,29,0,0,0,4,0,0,2,0,0,0,50,21,0,13,0,0,0,0,0,0,0,0,0,0,0,0,0,0,0,3,0,0,0,0,0,0,0,0,0,0,0,0,0,0,0,0,0,0,17,0,0,0,0,0,0,0,0,28,20,0,2,0,0,0,0,0,0,0,0,0,0,0,0,0,0,1,0,0,0,0,0,1,0,0,0,0,0,0,0,0,0,0,0,0,0,0,0,0,0,0,0,0,0,0,0,0,0,0,0,0,0,0,0,0,0,0
0e0c78f17f772a6d56bf394b98be02ad,5.8,270,175,2451,175,80,68,444,1385,2790,1152,6,19,152,9,3095,32,59,0,1,98,708,1,34,1,1648,18,5,1,67,315,118,361,33,484,37,4,8,12,17,2,38,28,5,37,40,0,1,5,1652,13,3,0,0,0,2,24,0,0,0,0,1,0,1,4048,165,92,90,6,2,0,18,0,0,2,0,775,502,8,8,1084,1921,3093,2386,5,61,0,1,1,5,154,9,55,324,55,7,108,125,0,1,59,266,3,22,44,52,0,2,0,10,1,0,11,8,0,0,48,91,2,0,135,0,23,0,0,2,0,0,6,6,7,9,3,0,0,3,8,12,5,0,0,1,0,0,0,0,0,5,0,0,0,0,107,1,0,1,1,0,10,23,0,0,0,20,2,2,1,0,0,1,1,0,0,28,0,0,0,4,0,0,2,0,0,0,59,21,0,13,0,0,0,0,0,0,0,0,0,0,0,0,0,0,0,3,0,0,0,0,0,0,0,0,0,0,0,0,0,0,0,0,0,0,20,0,0,0,0,0,0,0,0,33,23,0,2,0,0,0,0,0,0,0,0,0,0,0,0,0,0,1,0,0,0,0,0,1,0,0,0,0,0,0,0,0,0,0,0,0,0,0,0,0,0,0,0,0,0,0,0,0,0,0,0,0,0,0,0,0,0,0
0e1a94a0c020b5299339c97b4b7f84df,6.4,216,782,2987,245,65,69,453,1398,2804,1150,6,19,143,9,3393,32,75,0,1,98,708,1,27,1,1972,17,4,1,59,278,118,351,35,675,30,4,4,9,17,2,38,24,5,33,42,0,1,5,1976,13,3,0,0,0,2,24,0,0,0,0,1,0,1,3714,166,93,116,6,0,0,18,0,0,2,0,775,502,8,8,1085,2086,2340,2242,5,59,0,1,1,5,155,9,55,270,55,7,118,125,0,1,59,269,3,22,38,46,0,2,0,10,1,0,11,8,0,0,38,91,2,0,135,0,18,0,0,3,1,0,6,6,7,9,3,0,0,3,8,12,5,0,0,1,0,0,0,0,0,5,0,0,0,0,107,1,0,1,1,0,7,17,0,0,0,17,2,2,1,0,0,1,1,0,0,24,0,0,0,4,0,0,2,0,0,0,50,21,0,13,0,0,0,0,0,0,0,0,0,0,0,0,0,0,0,3,0,0,0,0,0,0,0,0,0,0,0,0,0,0,0,0,0,0,17,0,0,0,0,0,0,0,0,29,20,0,2,0,0,0,0,0,0,0,0,0,0,0,0,0,0,1,0,0,0,0,0,1,0,0,0,0,0,0,0,0,0,0,0,0,0,0,0,0,0,0,0,0,0,0,0,0,0,0,0,0,0,0,0,0,0,0
0e1ad436fad8d9e578e507e1b3cccaa2,4.6,134,2241,5163,188,65,66,307,1021,2477,794,6,19,141,9,2145,27,77,0,1,62,170,1,30,1,1090,17,5,1,56,272,90,302,27,664,27,4,4,9,5,2,30,24,5,33,32,0,1,5,1094,5,3,0,0,0,5,18,0,0,0,0,1,0,0,1822,81,88,85,6,0,0,5,0,0,2,0,518,333,8,2,386,965,1091,830,10,55,0,0,0,5,65,2,5,138,7,5,59,123,0,1,43,220,2,12,27,41,0,2,0,6,0,0,11,8,0,0,22,89,0,0,135,0,23,0,0,2,0,0,6,6,6,3,1,0,0,1,8,12,5,0,0,1,0,0,0,0,0,5,0,0,0,0,107,1,0,1,1,0,8,16,0,0,0,3,2,2,0,0,0,1,1,0,0,24,0,0,0,0,0,0,0,0,0,0,3,21,0,13,0,0,0,0,0,0,0,0,0,0,0,0,0,0,0,3,0,0,0,0,0,698,0,0,0,0,0,0,0,0,0,0,0,0,3,0,0,0,0,0,0,0,0,3,0,0,2,0,0,0,0,0,0,0,0,0,0,0,0,0,0,0,0,0,0,0,0,1,0,0,0,0,0,0,0,0,0,0,0,0,0,0,0,0,0,0,0,0,0,0,0,0,0,0,0,0,0,0,0,0,0,0
0e1e5588001503e49e752cf29351da81,4.8,128,174,2500,211,79,66,293,1008,2463,795,6,19,149,9,2115,23,61,0,1,56,153,1,27,1,1103,17,5,1,54,306,90,304,26,477,27,4,8,11,5,2,30,28,5,37,30,0,1,5,1107,5,3,0,0,0,5,18,0,0,0,0,1,0,0,1673,78,88,77,6,2,0,5,0,0,2,0,444,282,8,2,289,959,1124,973,2,53,0,0,0,3,61,0,5,132,7,5,33,125,0,1,43,215,2,12,27,37,0,2,0,6,0,0,11,8,0,0,22,89,0,0,135,0,23,0,0,3,1,0,6,6,6,3,1,0,0,1,8,12,5,0,0,1,0,0,0,0,0,5,0,0,0,0,107,1,0,1,1,0,8,16,0,0,0,3,2,2,0,0,0,1,1,0,0,28,0,0,0,0,0,0,0,0,0,0,0,21,0,13,0,0,0,0,0,0,0,0,0,0,0,0,0,0,0,3,0,0,0,0,0,0,0,0,0,0,0,0,0,0,0,0,0,0,3,2,0,0,0,0,0,0,0,3,0,0,2,0,0,0,0,0,0,0,0,0,0,0,0,0,0,0,0,0,0,0,0,1,0,0,0,0,0,0,0,0,0,0,0,0,0,0,0,0,0,0,0,0,0,0,0,0,0,0,0,0,0,0,0,0,0,0
0e1f024a93d1fc7a6266a81bb74439ac,4.8,134,1972,4136,187,64,70,506,1132,2590,890,6,19,116,9,2920,33,95,0,1,78,266,1,33,1,1516,18,4,1,65,277,102,397,47,687,36,4,4,10,5,2,38,24,5,33,54,0,1,5,1520,5,3,0,0,0,5,15,0,0,0,0,1,0,1,1926,98,88,84,6,0,0,5,0,0,2,0,794,506,8,2,404,900,1058,1078,0,53,0,0,0,4,86,3,10,143,10,7,33,135,0,1,57,294,2,20,43,51,0,2,0,10,1,0,11,8,0,0,48,91,2,0,135,0,23,0,0,2,0,0,6,6,6,6,3,0,0,3,8,12,5,0,0,1,0,0,0,0,0,5,0,0,0,0,107,1,0,1,1,0,5,10,0,0,0,3,2,2,0,0,0,1,1,0,0,24,0,0,0,0,0,0,0,0,0,0,3,21,0,13,0,0,0,0,0,0,0,0,0,0,0,0,0,0,0,3,0,0,0,0,0,0,0,0,0,0,0,0,0,0,0,0,0,0,3,0,0,0,0,0,0,0,0,3,0,0,2,0,0,0,0,0,0,0,0,0,0,0,0,0,0,1,0,0,0,0,0,1,0,0,0,0,0,0,0,0,0,0,0,0,0,0,0,0,0,0,0,0,0,0,0,0,0,0,0,0,0,0,0,0,0,0
0e2f65afb8ff722557e3f97e61844465,4.8,128,173,2488,163,79,68,486,1212,2669,983,6,19,137,9,2892,33,58,0,1,72,250,1,27,1,1539,17,5,1,57,309,104,390,45,496,29,4,8,11,5,2,38,28,5,37,52,0,1,5,1543,5,3,0,0,0,4,18,0,0,0,0,1,0,1,1953,98,87,81,6,4,0,5,0,0,2,0,742,471,8,2,347,1027,1002,991,0,53,0,0,0,4,85,1,10,137,10,7,23,127,0,1,57,288,2,20,37,45,0,2,0,10,1,0,11,8,0,0,38,91,2,0,135,0,23,0,0,2,0,0,6,6,6,7,3,0,0,3,8,12,5,0,0,1,0,0,0,0,0,5,0,0,0,0,107,1,0,1,1,0,8,16,0,0,0,3,2,2,0,0,0,1,1,0,0,28,0,0,0,0,0,0,0,0,0,0,3,21,0,13,0,0,0,0,0,0,0,0,0,0,0,0,0,0,0,3,0,0,0,0,0,0,0,0,0,0,0,0,0,0,0,0,0,0,3,0,0,0,0,0,0,0,0,3,0,0,2,0,0,0,0,0,0,0,0,0,0,0,0,0,0,1,0,0,0,0,0,1,0,0,0,0,0,0,0,0,0,0,0,0,0,0,0,0,0,0,0,0,0,0,0,0,0,0,0,0,0,0,0,0,0,0
0e3d26fccbc78d146ee253bfd30204e3,4.8,116,778,2964,195,65,69,432,1320,2765,1080,6,19,129,9,2906,33,101,0,1,93,669,1,34,1,1516,18,4,1,73,284,120,350,33,673,36,4,4,10,5,2,38,24,5,33,40,0,1,5,1520,5,3,0,0,0,4,20,0,0,0,0,1,0,1,2238,158,88,85,6,0,0,5,0,0,2,0,783,504,8,2,463,1820,947,1121,11,53,0,0,0,4,146,8,10,125,10,7,49,129,0,1,77,282,3,20,43,51,0,3,0,10,1,0,11,8,0,0,48,91,2,0,135,0,23,0,0,2,0,0,6,6,6,9,3,0,0,3,8,12,5,0,0,1,0,0,0,0,0,5,0,0,0,0,107,1,0,1,1,0,8,16,0,0,0,3,2,2,0,0,0,1,1,0,0,24,0,0,0,0,0,0,0,0,0,0,3,21,0,13,0,0,0,0,0,0,0,0,0,0,0,0,0,0,0,9,0,0,0,0,0,0,0,0,0,0,0,0,0,0,0,0,0,0,3,0,0,0,0,0,0,0,0,3,0,0,2,0,0,0,0,0,0,0,0,0,0,0,0,0,0,1,0,0,0,0,0,1,0,0,0,0,0,0,0,0,0,0,0,0,0,0,0,0,0,0,0,0,0,0,0,0,0,0,0,0,0,0,0,0,0,0
0e3eba99b19c23dd75f1186ba16f97e3,4.8,146,172,2472,219,79,68,408,1007,2463,795,6,19,149,9,2193,27,64,0,1,61,241,1,26,1,1001,17,4,1,55,274,96,339,37,486,27,4,8,9,5,2,34,24,5,33,42,0,1,5,1005,5,3,0,0,0,5,12,0,0,0,0,1,0,1,1988,88,88,79,6,2,0,5,0,0,2,0,633,398,8,2,308,947,1295,821,10,53,0,0,0,4,75,1,5,150,7,6,49,131,0,1,50,253,2,14,31,40,0,2,0,6,1,0,11,8,0,0,22,90,1,0,135,0,23,0,0,2,0,0,6,6,6,6,2,0,0,1,8,12,5,0,0,1,0,0,0,0,0,5,0,0,0,0,107,1,0,1,1,0,8,16,0,0,0,3,2,2,0,0,0,1,1,0,0,24,0,0,0,0,0,0,0,0,0,0,3,21,0,13,0,0,0,0,0,0,0,0,0,0,0,0,0,0,0,3,0,0,0,0,0,0,0,0,0,0,0,0,0,0,0,0,0,0,3,0,0,0,0,0,0,0,0,3,0,0,2,0,0,0,0,0,0,0,0,0,0,0,0,0,0,0,0,0,0,0,0,1,0,0,0,0,0,0,0,0,0,0,0,0,0,0,0,0,0,0,0,0,0,0,0,0,0,0,0,0,0,0,0,0,0,0
0bf68aef9e2f09ea44192b0cda455a25,4.8,152,171,2482,183,79,68,468,1303,2751,1073,6,19,137,9,3194,33,66,0,1,90,670,1,26,1,1817,17,4,1,57,312,112,371,33,487,29,4,8,11,8,2,38,28,5,37,40,0,1,5,1821,8,3,0,0,0,5,22,0,0,0,0,1,0,1,2148,171,87,84,6,4,0,5,0,0,2,0,775,498,8,2,434,1659,1369,1214,0,59,0,0,0,4,161,8,10,161,10,7,23,129,0,1,57,282,2,20,37,45,0,2,0,10,1,0,11,8,0,0,38,91,2,0,135,0,23,0,0,2,0,0,6,6,6,9,3,0,0,3,8,12,5,0,0,1,0,0,0,0,0,5,0,0,0,0,107,1,0,1,1,0,8,16,0,0,0,3,2,2,0,0,0,1,1,0,0,28,0,0,0,0,0,0,0,0,0,0,3,21,0,13,0,0,0,0,0,0,0,0,0,0,0,0,0,0,0,3,0,0,0,0,0,0,0,0,0,0,0,0,0,0,0,0,0,0,3,0,0,0,0,0,0,0,0,3,0,0,2,0,0,0,0,0,0,0,0,0,0,0,0,0,0,1,0,0,0,0,0,1,0,0,0,0,0,0,0,0,0,0,0,0,0,0,0,0,0,0,0,0,0,0,0,0,0,0,0,0,0,0,0,0,0,0
0bf90f37966247190339c3b3ed128ce7,5.8,164,183,2523,215,74,69,507,1351,2798,1115,6,19,144,9,3435,33,65,0,1,96,670,1,28,1,1966,17,4,1,57,286,116,387,43,506,30,4,8,9,10,2,38,25,5,34,50,0,1,5,1970,7,3,0,0,0,5,24,0,0,0,0,1,0,1,2827,168,93,103,6,0,0,18,0,0,2,0,784,502,8,2,650,1693,1706,1439,0,54,0,0,0,4,158,8,12,175,12,7,33,131,0,2,57,294,2,20,37,45,0,2,0,10,1,0,11,8,0,0,38,91,2,0,135,0,23,0,0,2,0,0,6,6,7,9,3,0,0,3,8,12,5,0,0,1,0,0,0,0,0,5,0,0,0,0,107,1,0,1,1,0,10,23,0,0,0,9,2,2,1,0,0,1,1,0,0,25,0,0,0,4,0,0,2,0,0,0,22,21,0,13,0,0,0,0,0,0,0,0,0,0,0,0,0,0,0,3,0,0,0,0,0,0,0,0,0,0,0,0,0,0,0,0,0,0,9,2,0,0,0,0,0,0,0,15,8,0,2,0,0,0,0,0,0,0,0,0,0,0,0,0,0,1,0,0,0,0,0,1,0,0,0,0,0,0,0,0,0,0,0,0,0,0,0,0,0,0,0,0,0,0,0,0,0,0,0,0,0,0,0,0,0,0
0bf5643c0ece4da44007fce948ab86d9,5.8,212,180,2540,178,80,67,446,1390,2790,1166,6,19,152,10,3099,32,89,0,1,98,707,1,29,1,1673,17,5,1,59,312,118,354,33,487,30,4,8,11,17,2,38,28,5,37,40,0,1,5,1677,13,3,0,0,0,2,25,0,0,0,0,1,0,1,3873,165,92,89,6,4,0,18,0,0,2,0,769,499,8,10,991,2004,2278,2282,3,59,0,1,1,10,154,9,56,267,56,8,118,123,0,1,59,266,3,22,38,46,0,2,0,10,1,0,11,8,0,0,38,91,2,0,135,0,23,0,0,2,0,0,6,6,7,9,3,0,0,3,8,12,5,0,0,1,0,0,0,0,0,5,0,0,0,0,107,1,0,1,1,0,10,23,0,0,0,20,2,2,1,0,0,1,1,0,0,28,0,0,0,4,0,0,2,0,0,0,60,21,0,13,0,0,0,0,0,0,0,0,0,0,0,0,0,0,0,3,0,0,0,0,0,0,0,0,0,0,0,0,0,0,0,0,0,0,20,0,0,0,0,0,0,0,0,34,24,0,2,0,0,0,0,0,0,0,0,0,0,0,0,0,0,1,0,0,0,0,0,1,0,0,0,0,0,0,0,0,0,0,0,0,0,0,0,0,0,0,0,0,0,0,0,0,0,0,0,0,0,0,0,0,0,0
0bfae6a0b7a4bbce18b3ade9e447e7e6,7.2,238,2388,5608,290,76,88,492,1417,2830,1174,14,19,146,16,3547,32,92,0,3,156,813,1,51,3,1822,18,10,3,73,302,154,364,34,687,77,5,6,10,19,2,44,25,5,34,41,0,3,5,1828,17,3,0,0,0,4,32,0,0,0,0,1,0,1,3280,181,93,144,6,0,0,24,0,0,8,0,1063,713,8,12,883,2165,2577,2081,5,66,2,5,5,8,164,31,76,311,58,10,118,123,4,2,81,264,4,24,54,62,0,4,2,12,15,10,23,24,4,2,50,95,4,0,135,4,23,0,0,3,1,0,6,6,7,9,3,0,0,3,8,12,5,0,0,1,0,0,0,0,0,5,0,0,0,0,107,1,0,1,1,0,10,23,0,0,0,16,2,2,2,0,0,1,1,0,0,25,0,0,0,4,0,0,2,0,0,0,44,21,0,13,0,0,0,0,0,0,0,0,0,0,0,0,0,0,0,3,0,0,0,0,0,0,0,0,0,0,0,0,0,0,0,0,0,0,16,0,0,0,0,0,0,0,0,25,16,0,2,0,0,0,0,0,0,0,0,0,0,0,0,0,0,1,0,0,0,0,0,1,0,0,0,0,0,0,0,0,0,0,0,0,0,0,0,0,0,0,0,0,0,0,0,0,0,0,0,0,0,0,0,0,0,0
0bfea354d8cecac7f3da643dbdde6430,6.6,214,228,2749,289,82,91,550,1358,2834,1133,14,19,154,15,4622,45,80,0,3,157,785,1,48,3,2787,17,10,3,63,325,152,396,39,497,72,4,10,11,13,2,44,28,5,37,46,0,3,5,2793,27,3,0,0,0,5,38,0,0,0,0,1,0,1,3389,185,93,112,6,2,0,24,0,0,8,0,1094,725,8,4,855,1557,2293,2225,2,59,2,4,4,7,170,30,28,239,10,9,33,125,5,1,79,291,2,22,47,59,0,4,2,12,13,10,23,24,4,2,40,95,4,2,136,2,23,0,0,2,0,0,6,6,7,9,3,0,0,3,8,12,5,0,0,1,0,0,0,0,0,5,0,0,0,0,107,1,0,1,1,0,10,23,0,0,0,9,2,2,1,0,0,1,1,0,0,28,0,0,0,4,0,0,2,0,0,0,22,21,0,13,0,0,0,0,0,0,0,0,0,0,0,0,0,0,0,3,0,0,0,0,0,0,0,0,0,0,0,0,0,0,0,0,0,0,9,2,0,0,0,0,0,0,0,14,8,0,2,0,0,0,0,0,0,0,0,0,0,0,0,0,0,1,0,0,0,0,0,1,0,0,0,0,0,0,0,0,0,0,0,0,0,0,0,0,0,0,0,0,0,0,0,0,0,0,0,0,0,0,0,0,0,0
0c0b48b0285153ad7b7a755472732d10,5.8,246,178,2511,183,79,68,450,1387,2792,1153,6,20,151,9,3215,32,71,0,1,98,708,1,28,1,1784,17,4,1,59,313,118,357,32,499,30,4,8,11,17,2,38,28,5,37,39,0,1,5,1788,13,3,0,0,0,2,24,0,0,0,0,1,0,1,3878,166,96,92,6,0,0,18,0,0,2,0,775,502,8,8,1015,1889,2772,2227,4,63,0,1,1,5,155,9,56,301,56,7,108,125,0,1,59,269,3,22,38,46,0,2,0,10,1,0,11,8,0,0,38,91,2,0,135,0,18,0,0,2,0,0,6,6,7,9,3,0,0,3,8,12,5,0,0,1,0,0,0,0,0,5,0,0,0,0,107,1,0,1,1,0,7,17,0,0,0,17,2,2,1,0,0,1,1,0,0,28,0,0,0,4,0,0,2,0,0,0,52,21,0,13,0,0,0,0,0,0,0,0,0,0,0,0,0,0,0,3,0,0,0,0,0,0,0,0,0,0,0,0,0,0,0,0,0,0,17,0,0,0,0,0,0,0,0,30,22,0,2,0,0,0,0,0,0,0,0,0,0,0,0,0,0,1,0,0,0,0,0,1,0,0,0,0,0,0,0,0,0,0,0,0,0,0,0,0,0,0,0,0,0,0,0,0,0,0,0,0,0,0,0,0,0,0
0c0dc1a150524671d4e8f6efb8ac7620,6.6,209,192,1929,290,82,92,520,1485,2847,1231,12,19,154,15,3213,33,71,0,3,178,859,1,46,3,1392,17,10,3,65,334,158,373,33,491,70,4,8,12,19,2,44,28,6,38,42,0,3,5,1398,17,4,0,0,0,4,30,0,0,0,0,1,0,1,3347,186,92,117,14,0,0,24,0,0,10,0,1199,791,8,10,935,1746,2396,2189,5,65,2,5,5,8,169,31,73,279,55,8,112,123,4,1,81,267,4,26,52,63,0,4,2,14,15,10,23,24,4,2,42,142,4,0,135,4,23,0,0,2,0,0,4,6,10,9,3,0,0,3,8,12,5,0,0,1,0,0,0,0,0,5,0,0,0,0,107,2,0,1,1,0,10,23,0,0,0,18,2,2,1,0,0,1,1,0,0,28,0,0,0,4,0,0,2,0,0,0,52,21,0,13,0,0,0,0,0,0,0,0,0,0,0,0,0,0,0,3,0,0,0,0,0,0,0,0,0,0,0,0,0,0,0,0,0,0,18,0,0,0,0,0,0,0,0,27,20,0,2,0,0,0,0,0,0,0,0,0,0,0,0,0,0,1,0,0,0,0,0,1,0,0,0,0,0,0,0,0,0,0,0,0,0,0,0,0,0,0,0,0,0,0,0,0,0,0,0,0,0,0,0,0,0,0
0c1baed763810014d0b2b8ddc029709f,6.4,272,156,1775,192,73,68,446,1404,2804,1171,6,19,131,10,3045,32,113,0,1,98,708,1,28,1,1636,17,4,1,59,286,118,349,36,685,30,4,4,9,17,2,38,25,5,34,43,0,1,5,1640,13,3,0,0,0,2,24,0,0,0,0,1,0,1,3735,163,93,158,6,0,0,18,0,0,2,0,777,504,8,10,882,2822,3064,2184,4,60,0,1,1,10,152,9,56,327,56,8,108,125,0,2,59,264,3,22,38,46,0,2,0,10,1,0,11,8,0,0,38,91,2,0,135,0,18,0,0,3,1,0,6,6,7,9,3,0,0,3,8,12,5,0,0,1,0,0,0,0,0,5,0,0,0,0,107,1,0,1,1,0,7,17,0,0,0,18,2,2,1,0,0,1,1,0,0,25,0,0,0,4,0,0,2,0,0,0,51,21,0,13,0,0,0,0,0,0,0,0,0,0,0,0,0,0,0,3,0,0,0,0,0,0,0,0,0,0,0,0,0,0,0,0,0,0,18,0,0,0,0,0,0,0,0,28,19,0,2,0,0,0,0,0,0,0,0,0,0,0,0,0,0,1,0,0,0,0,0,1,0,0,0,0,0,0,0,0,0,0,0,0,0,0,0,0,0,0,0,0,0,0,0,0,0,0,0,0,0,0,0,0,0,0
0c2c95a79a8e47d3a4e35538e2bc7786,3.6,94,132,1637,131,50,51,29,650,465,519,2,16,66,8,403,2,45,0,1,49,24,1,12,1,12,2,4,1,0,232,40,120,1,225,9,5,6,7,10,0,1,25,4,28,1,0,1,4,16,7,3,0,0,0,4,13,0,0,0,0,1,0,0,2184,25,68,40,8,0,0,18,0,0,4,0,6,0,8,2,2,323,3034,2851,0,21,0,0,0,0,20,0,5,98,8,4,17,2,0,2,1,28,2,8,8,13,0,0,0,0,0,0,10,8,0,0,5,79,0,0,135,0,15,0,0,2,0,0,4,6,9,0,0,0,0,0,8,12,4,0,0,1,0,0,0,0,0,5,0,0,0,0,107,2,0,0,0,0,7,19,0,0,0,4,2,2,1,0,0,0,0,0,0,24,0,0,0,4,0,0,2,0,0,0,12,2,0,13,0,0,0,0,0,0,0,0,0,0,0,0,0,0,0,0,0,0,0,0,0,0,0,0,0,0,0,0,0,0,0,0,0,0,4,0,0,0,0,0,0,0,0,4,4,0,2,0,0,0,0,0,0,0,0,0,0,0,0,0,0,0,0,0,0,0,0,0,0,0,0,0,0,0,0,0,0,0,0,0,0,0,0,0,0,0,0,0,0,0,0,0,0,0,0,0,0,0,0,0,0,0
0c2d528dd35c164b97f5de6368309227,6.6,225,805,3077,245,66,77,472,1357,2813,1109,10,20,144,12,4511,32,87,0,2,130,733,1,37,2,2951,17,7,2,61,286,134,350,34,689,50,4,5,9,11,2,41,24,5,33,41,0,2,5,2956,9,3,0,0,0,3,27,0,0,0,0,1,0,1,3871,167,96,105,6,0,0,21,0,0,5,0,960,629,8,4,1075,1763,2557,2499,1,58,1,2,2,11,153,20,20,243,11,8,43,123,2,1,68,262,2,21,42,50,0,4,1,11,7,5,17,16,2,1,39,93,3,0,135,2,18,0,0,2,0,0,6,6,7,9,3,0,0,3,8,12,5,0,0,1,0,0,0,0,0,5,0,0,0,0,107,1,0,1,1,0,7,17,0,0,0,13,2,2,1,0,0,1,1,0,0,24,0,0,0,4,0,0,2,0,0,0,36,21,0,13,0,0,0,0,0,0,0,0,0,0,0,0,0,0,0,3,0,0,0,0,0,0,0,0,0,0,0,0,0,0,0,0,0,0,13,0,0,0,0,0,0,0,0,21,14,0,2,0,0,0,0,0,0,0,0,0,0,0,0,0,0,1,0,0,0,0,0,1,0,0,0,0,0,0,0,0,0,0,0,0,0,0,0,0,0,0,0,0,0,0,0,0,0,0,0,0,0,0,0,0,0,0
0c2f55f605ed47eaa391de4a9fdbe828,5.8,252,182,2548,215,80,68,446,1389,2790,1166,6,19,152,9,3282,32,55,0,1,98,708,1,30,1,1858,17,4,1,59,313,118,353,32,486,30,4,8,11,17,2,38,28,5,37,39,0,1,5,1862,13,3,0,0,0,2,24,0,0,0,0,1,0,1,4010,165,93,89,6,2,0,18,0,0,2,0,769,499,8,8,1191,1903,2810,2513,5,59,0,1,1,5,154,9,55,306,55,7,118,123,0,1,59,266,3,22,38,46,0,2,0,10,1,0,11,8,0,0,38,91,2,0,135,0,23,0,0,2,0,0,6,6,7,9,3,0,0,3,8,12,5,0,0,1,0,0,0,0,0,5,0,0,0,0,107,1,0,1,1,0,10,23,0,0,0,19,2,2,1,0,0,1,1,0,0,28,0,0,0,4,0,0,2,0,0,0,57,21,0,13,0,0,0,0,0,0,0,0,0,0,0,0,0,0,0,3,0,0,0,0,0,0,0,0,0,0,0,0,0,0,0,0,0,0,19,2,0,0,0,0,0,0,0,30,23,0,2,0,0,0,0,0,0,0,0,0,0,0,0,0,0,1,0,0,0,0,0,1,0,0,0,0,0,0,0,0,0,0,0,0,0,0,0,0,0,0,0,0,0,0,0,0,0,0,0,0,0,0,0,0,0,0
0c3e9d28aef7130dd49214f0b0dc2421,5.8,228,173,2445,173,79,67,493,1385,2790,1151,6,19,151,9,3510,32,80,0,1,98,709,1,28,1,2044,17,5,1,59,312,118,385,40,491,30,4,8,11,17,2,38,28,5,37,47,0,1,5,2048,13,3,0,0,0,2,24,0,0,0,0,1,0,1,3634,173,92,89,6,2,0,18,0,0,2,0,783,507,8,8,898,1853,2603,2205,5,59,0,1,1,5,162,9,55,282,55,7,108,127,0,1,59,290,3,22,38,46,0,2,0,10,1,0,11,8,0,0,38,91,2,0,135,0,23,0,0,2,0,0,6,6,7,9,3,0,0,3,8,12,5,0,0,1,0,0,0,0,0,5,0,0,0,0,107,1,0,1,1,0,7,17,0,0,0,15,2,2,1,0,0,1,1,0,0,28,0,0,0,4,0,0,2,0,0,0,43,21,0,13,0,0,0,0,0,0,0,0,0,0,0,0,0,0,0,3,0,0,0,0,0,0,0,0,0,0,0,0,0,0,0,0,0,0,15,0,0,0,0,0,0,0,0,25,17,0,2,0,0,0,0,0,0,0,0,0,0,0,0,0,0,1,0,0,0,0,0,1,0,0,0,0,0,0,0,0,0,0,0,0,0,0,0,0,0,0,0,0,0,0,0,0,0,0,0,0,0,0,0,0,0,0
0c04cf2c5b1c27afa4e7d920ea5865c4,5.8,184,131217,1472,157,69,54,497,1389,2796,1149,5,17,142,7,2605,32,68,0,1,95,702,1,26,1,1209,17,5,1,53,274,108,378,41,444,30,2,5,10,16,2,38,23,5,32,48,0,0,4,1213,13,3,0,0,0,0,19,2,2,73,0,1,0,1,2351,171,91,658,6,0,0,18,0,0,2,0,770,493,8,2,682,6821,2237,1745,0,53,0,1,1,4,159,8,55,240,55,5,40,127,0,2,47,284,2,16,36,44,0,2,0,10,1,0,9,8,0,0,38,91,2,0,135,0,23,0,0,2,0,0,6,3,7,9,3,0,0,3,8,12,4,0,0,1,0,0,0,0,0,5,0,0,0,0,54,1,0,1,1,0,10,23,0,0,0,44,2,2,1,0,0,1,1,0,0,23,0,0,0,4,0,0,2,0,0,0,97,21,0,13,0,0,0,0,0,0,0,0,0,0,0,0,0,0,0,0,0,0,0,0,0,0,0,0,0,0,0,0,0,0,0,0,0,0,44,0,0,0,0,0,0,0,0,55,13,0,2,0,0,0,0,0,0,0,0,0,0,0,0,0,0,1,0,0,0,0,0,1,0,0,0,0,0,0,0,0,0,0,0,0,0,0,0,0,0,0,0,0,0,0,0,0,0,0,0,0,0,0,0,0,0,0
0c4b921f5d3cf7880d9c6e69e69ed4c1,6.4,212,171,2435,167,79,66,474,1389,2790,1161,6,19,151,9,2741,32,62,0,1,98,686,1,30,1,1308,17,5,1,57,315,124,376,40,482,30,4,8,11,16,2,38,28,5,37,47,0,1,5,1312,13,3,0,0,0,2,21,0,0,0,0,1,0,1,3027,170,92,332,6,4,0,18,0,0,2,0,765,498,8,2,730,4026,2098,1840,4,53,0,1,1,9,156,8,55,266,55,7,33,131,0,1,57,280,3,20,37,45,0,2,0,10,1,0,11,8,0,0,38,91,2,0,135,0,23,0,0,4,2,0,6,6,7,9,3,0,0,3,8,12,5,0,0,1,0,0,0,0,0,5,0,0,0,0,107,1,0,1,1,0,7,17,0,0,0,16,2,2,1,0,0,1,1,0,0,28,0,0,0,4,0,0,2,0,0,0,46,21,0,13,0,0,0,0,0,0,0,0,0,0,0,0,0,0,0,3,0,0,0,0,0,0,0,0,0,0,0,0,0,0,0,0,0,0,16,0,0,0,0,0,0,0,0,25,18,0,2,0,0,0,0,0,0,0,0,0,0,0,0,0,0,1,0,0,0,0,0,1,0,0,0,0,0,0,0,0,0,0,0,0,0,0,0,0,0,0,0,0,0,0,0,0,0,0,0,0,0,0,0,0,0,0
0c5cc507c574988d1aa9bfd268bf9605,6.6,277,199,2592,218,81,80,470,1398,2803,1172,10,19,153,12,3298,32,65,0,2,130,782,1,35,2,1699,17,8,2,63,328,136,360,32,479,50,4,9,12,18,2,41,29,5,38,39,0,2,5,1704,15,3,0,0,0,3,26,0,0,0,0,1,0,1,3641,175,92,103,6,4,0,21,0,0,5,0,985,650,8,9,1141,1948,3062,2262,3,62,1,3,3,7,161,25,64,339,55,8,108,123,5,1,70,266,3,23,43,51,0,3,1,11,10,11,17,16,2,1,39,93,3,0,135,2,23,0,0,2,0,0,6,6,7,9,3,0,0,3,8,12,5,0,0,1,0,0,0,0,0,5,0,0,0,0,107,1,0,1,1,0,10,23,0,0,0,17,2,2,1,0,0,1,1,0,0,29,0,0,0,4,0,0,2,0,0,0,50,21,0,13,0,0,0,0,0,0,0,0,0,0,0,0,0,0,0,3,0,0,0,0,0,0,0,0,0,0,0,0,0,0,0,0,0,0,17,0,0,0,0,0,0,0,0,27,20,0,2,0,0,0,0,0,0,0,0,0,0,0,0,0,0,1,0,0,0,0,0,1,0,0,0,0,0,0,0,0,0,0,0,0,0,0,0,0,0,0,0,0,0,0,0,0,0,0,0,0,0,0,0,0,0,0
0c5dc68877fa5f907cd42b689f7d68da,5.8,270,178,2490,168,80,68,478,1386,2791,1154,6,19,152,9,3174,32,75,0,1,98,723,1,28,1,1720,17,4,1,59,278,118,351,34,486,30,4,8,9,17,2,38,24,5,33,43,0,1,5,1724,13,3,0,0,0,2,25,0,0,0,0,1,0,1,3808,167,93,91,6,2,0,18,0,0,2,0,859,554,8,8,792,2006,3059,2268,2,59,0,1,1,5,156,9,55,324,55,7,108,123,0,1,59,269,3,22,38,46,0,2,0,12,1,0,11,8,0,0,38,91,2,0,135,0,23,0,0,2,0,0,6,6,7,9,3,0,0,3,8,12,5,0,0,1,0,0,0,0,0,5,0,0,0,0,107,1,0,1,1,0,10,23,0,0,0,17,2,2,1,0,0,1,1,0,0,24,0,0,0,4,0,0,2,0,0,0,51,21,0,13,0,0,0,0,0,0,0,0,0,0,0,0,0,0,0,3,0,0,0,0,0,0,0,0,0,0,0,0,0,0,0,0,0,0,17,0,0,0,0,0,0,0,0,29,21,0,2,0,0,0,0,0,0,0,0,0,0,0,0,0,0,1,0,0,0,0,0,1,0,0,0,0,0,0,0,0,0,0,0,0,0,0,0,0,0,0,0,0,0,0,0,0,0,0,0,0,0,0,0,0,0,0
0c7b0c6215b0cc14379fc336a0ef7854,5.8,198,179,2506,160,80,67,448,1385,2790,1153,6,19,164,9,3208,32,63,0,1,98,708,1,27,1,1777,17,5,1,59,312,118,356,35,486,30,4,8,11,17,2,38,28,5,37,42,0,1,5,1781,13,3,0,0,0,2,24,0,0,0,0,1,0,1,3929,165,92,89,6,4,0,18,0,0,2,0,775,502,8,8,941,1972,2140,2321,3,59,0,1,1,5,154,9,55,252,55,7,108,125,0,1,59,266,3,22,38,46,0,2,0,10,1,0,11,8,0,0,38,91,2,0,135,0,23,0,0,2,0,0,6,6,7,9,3,0,0,3,8,12,5,0,0,1,0,0,0,0,0,5,0,0,0,0,107,1,0,1,1,0,10,23,0,0,0,19,2,2,1,0,0,1,1,0,0,28,0,0,0,4,0,0,2,0,0,0,59,21,0,13,0,0,0,0,0,0,0,0,0,0,0,0,0,0,0,3,0,0,0,0,0,0,0,0,0,0,0,0,0,0,0,0,0,0,19,0,0,0,0,0,0,0,0,32,25,0,2,0,0,0,0,0,0,0,0,0,0,0,0,0,0,1,0,0,0,0,0,1,0,0,0,0,0,0,0,0,0,0,0,0,0,0,0,0,0,0,0,0,0,0,0,0,0,0,0,0,0,0,0,0,0,0
0c7d13affdcc448a593b75d8a6a75861,5.4,115,131243,1010,177,32,42,445,1309,2757,1039,4,12,62,6,3157,32,101,0,1,93,665,1,31,1,1857,14,5,1,61,276,74,334,32,558,29,2,3,10,10,2,34,25,4,33,39,0,0,2,1861,7,3,0,0,0,0,19,0,0,0,0,1,0,1,2527,154,76,518,6,0,0,18,0,0,2,0,754,481,8,2,665,5938,1767,1393,4,21,0,0,0,4,144,8,10,126,10,5,44,125,0,1,43,254,2,16,40,48,0,2,0,10,1,0,9,8,0,0,42,41,2,0,135,0,15,0,0,4,2,0,6,3,7,9,3,0,0,3,8,12,2,0,0,1,0,0,0,0,0,5,0,0,0,0,54,1,0,1,1,0,8,19,0,0,0,12,2,2,1,0,0,1,1,0,0,25,0,0,0,4,0,0,2,0,0,0,32,2,0,13,0,0,0,0,0,0,0,0,0,0,0,0,0,0,0,0,0,0,0,0,0,0,0,0,0,0,0,0,0,0,0,0,0,0,12,0,0,0,0,0,0,0,0,18,12,0,2,0,0,0,0,0,0,0,0,0,0,0,0,0,0,1,0,0,0,0,0,0,0,0,0,0,0,0,0,0,0,0,0,0,0,0,0,0,0,0,0,0,0,0,0,0,0,0,0,0,0,0,0,0,0,0
0c9bc5cea4192b2d27219faff238c3b6,6.6,141,202,2589,217,81,78,498,1397,2808,1160,10,19,153,12,3343,32,60,0,2,139,1199,1,42,2,1730,18,7,2,69,321,134,369,36,489,57,4,9,12,17,2,41,28,5,37,43,0,2,5,1735,15,3,0,0,0,2,27,0,0,0,0,1,0,1,2777,240,92,104,6,2,0,21,0,0,5,0,1019,672,8,3,750,1560,1288,1856,0,56,1,3,3,6,223,22,64,203,55,8,43,129,2,1,68,264,3,21,48,56,0,3,1,11,9,5,17,16,2,1,49,93,3,0,135,2,23,0,0,2,0,0,6,6,7,9,3,0,0,3,8,12,5,0,0,1,0,0,0,0,0,5,0,0,0,0,107,1,0,1,1,0,10,23,0,0,0,11,2,2,1,0,0,1,1,0,0,28,0,0,0,4,0,0,2,0,0,0,30,21,0,13,0,0,0,0,0,0,0,0,0,0,0,0,0,0,0,3,0,0,0,0,0,0,0,0,0,0,0,0,0,0,0,0,0,0,11,0,0,0,0,0,0,0,0,18,12,0,2,0,0,0,0,0,0,0,0,0,0,0,0,0,0,1,0,0,0,0,0,1,0,0,0,0,0,0,0,0,0,0,0,0,0,0,0,0,0,0,0,0,0,0,0,0,0,0,0,0,0,0,0,0,0,0
0c9e981346720ac9ee9441b05dd802e3,5.8,294,173,2445,172,79,67,426,1387,2790,1153,6,19,151,9,3398,32,70,0,1,98,689,1,26,1,2031,17,5,1,59,313,120,341,31,482,30,4,8,11,17,2,38,28,5,37,38,0,1,5,2035,13,3,0,0,0,2,25,0,0,0,0,1,0,1,3469,161,92,491,6,2,0,18,0,0,2,0,737,482,8,8,807,6023,3381,2316,1,59,0,1,1,5,150,9,55,348,55,7,98,125,0,1,59,255,4,22,38,46,0,2,0,10,1,0,11,8,0,0,38,91,2,0,135,0,18,0,0,2,0,0,6,6,7,9,3,0,0,3,8,12,5,0,0,1,0,0,0,0,0,5,0,0,0,0,107,1,0,1,1,0,7,17,0,0,0,15,2,2,1,0,0,1,1,0,0,28,0,0,0,4,0,0,2,0,0,0,44,21,0,13,0,0,0,0,0,0,0,0,0,0,0,0,0,0,0,3,0,0,0,0,0,0,0,0,0,0,0,0,0,0,0,0,0,0,15,0,0,0,0,0,0,0,0,26,18,0,2,0,0,0,0,0,0,0,0,0,0,0,0,0,0,1,0,0,0,0,0,1,0,0,0,0,0,0,0,0,0,0,0,0,0,0,0,0,0,0,0,0,0,0,0,0,0,0,0,0,0,0,0,0,0,0
0c9ed9d217450e333a13a6ff61c33c98,5.6,183,188,2531,218,79,76,471,1315,2764,1085,10,19,125,12,4564,32,64,0,2,124,742,1,41,2,3041,18,8,2,69,329,130,370,36,483,56,4,9,13,6,2,41,29,5,38,43,0,2,5,3046,7,3,0,0,0,2,26,0,0,0,0,1,0,1,2853,168,87,99,6,4,0,8,0,0,5,0,979,641,8,3,692,1600,2164,2230,0,56,1,2,2,6,154,20,19,200,10,8,33,127,2,1,68,264,3,21,48,56,0,4,1,11,9,5,17,16,2,1,49,93,3,0,135,2,18,0,0,2,0,0,6,6,6,9,3,0,0,3,8,12,5,0,0,1,0,0,0,0,0,5,0,0,0,0,107,1,0,1,1,0,5,10,0,0,0,3,2,2,0,0,0,1,1,0,0,29,0,0,0,0,0,0,0,0,0,0,3,21,0,13,0,0,0,0,0,0,0,0,0,0,0,0,0,0,0,3,0,0,0,0,0,0,0,0,0,0,0,0,0,0,0,0,0,0,3,0,0,0,0,0,0,0,0,3,0,0,2,0,0,0,0,0,0,0,0,0,0,0,0,0,0,1,0,0,0,0,0,1,0,0,0,0,0,0,0,0,0,0,0,0,0,0,0,0,0,0,0,0,0,0,0,0,0,0,0,0,0,0,0,0,0,0
0c12e77d53eb935aac3419ef4d418955,7.0,189,197,2561,217,81,81,505,1349,2821,1123,10,19,153,12,4813,45,73,0,2,140,1162,1,48,2,3118,18,7,2,69,321,134,369,34,481,59,4,9,12,12,2,41,28,5,37,41,0,2,5,3123,25,3,0,0,0,5,36,0,0,0,0,1,0,1,3511,236,92,126,6,8,0,21,0,0,5,0,1000,659,8,3,1049,1806,2022,2391,4,56,1,2,2,6,224,22,19,206,10,8,33,125,3,1,68,267,2,21,48,60,0,4,1,11,9,5,17,16,2,1,49,93,3,2,136,0,23,0,0,3,1,0,6,6,7,9,3,0,0,3,8,12,5,0,0,1,0,0,0,0,0,5,0,0,0,0,107,1,0,1,1,0,10,23,0,0,0,9,2,2,1,0,0,1,1,0,0,28,0,0,0,4,0,0,2,0,0,0,22,21,0,13,0,0,0,0,0,0,0,0,0,0,0,0,0,0,0,3,0,0,0,0,0,0,0,0,0,0,0,0,0,0,0,0,0,0,9,0,0,0,0,0,0,0,0,14,8,0,2,0,0,0,0,0,0,0,0,0,0,0,0,0,0,1,0,0,0,0,0,1,0,0,0,0,0,0,0,0,0,0,0,0,0,0,0,0,0,0,0,0,0,0,0,0,0,0,0,0,0,0,0,0,0,0
0c17f53391428090eafecb6d9a898a5c,5.2,158,156,1693,183,37,56,482,1316,2762,1047,5,12,64,8,3808,36,90,0,2,97,681,1,27,1,2390,13,4,1,53,273,76,356,40,566,22,4,4,9,10,2,34,25,4,33,47,0,1,3,2394,7,3,0,0,0,2,23,0,0,0,0,1,0,1,3202,161,76,527,6,0,0,18,0,0,2,0,921,591,8,2,830,5877,2198,1703,0,35,0,0,0,4,151,8,12,169,12,7,47,131,0,1,43,269,2,22,39,47,0,2,0,16,1,0,11,8,0,0,32,41,2,0,135,0,15,0,0,2,0,0,6,6,7,9,3,0,0,3,8,12,3,0,0,1,0,0,0,0,0,5,0,0,0,0,107,1,0,1,1,0,8,19,0,0,0,12,2,2,1,0,0,1,1,0,0,25,0,0,0,4,0,0,2,0,0,0,32,2,0,13,0,0,0,0,0,0,0,0,0,0,0,0,0,0,0,0,1,0,0,0,0,0,0,0,0,0,0,0,0,0,0,0,0,0,12,0,0,0,0,0,0,0,0,18,12,0,2,0,0,0,0,0,0,0,0,0,0,0,0,0,0,1,0,0,0,0,0,0,0,0,0,0,0,0,0,0,0,0,0,0,0,0,0,0,0,0,0,0,0,0,0,0,0,0,0,0,0,0,0,0,0,0
0c46bfca7041a2a14e258a8d316def54,5.8,176,173,2451,160,79,67,474,1384,2792,1148,6,20,151,9,3580,32,66,0,1,101,705,1,28,1,2148,17,4,1,57,321,116,374,33,491,30,4,8,12,16,2,38,29,5,38,40,0,1,5,2152,13,3,0,0,0,2,26,0,0,0,0,1,0,1,3504,170,95,91,6,4,0,18,0,0,2,0,771,497,8,2,913,1519,1862,2065,0,55,0,1,1,4,160,8,56,231,56,7,33,125,0,1,57,282,2,20,37,45,0,2,0,10,1,0,11,8,0,0,38,91,2,0,135,0,23,0,0,2,0,0,6,6,7,9,3,0,0,3,8,12,5,0,0,1,0,0,0,0,0,5,0,0,0,0,107,1,0,1,1,0,7,17,0,0,0,13,2,2,1,0,0,1,1,0,0,29,0,0,0,4,0,0,2,0,0,0,36,21,0,13,0,0,0,0,0,0,0,0,0,0,0,0,0,0,0,3,0,0,0,0,0,0,0,0,0,0,0,0,0,0,0,0,0,0,13,0,0,0,0,0,0,0,0,21,14,0,2,0,0,0,0,0,0,0,0,0,0,0,0,0,0,1,0,0,0,0,0,1,0,0,0,0,0,0,0,0,0,0,0,0,0,0,0,0,0,0,0,0,0,0,0,0,0,0,0,0,0,0,0,0,0,0
0c62cf4a0f5a4495347c7389ea2451f8,6.0,264,156,2508,220,80,96,445,1389,2790,1166,6,19,152,9,3364,32,63,0,1,98,690,1,28,1,1969,17,4,1,59,278,118,346,35,474,30,4,12,9,17,2,38,24,5,33,42,0,1,5,1973,13,3,0,0,0,2,24,0,0,0,0,1,0,1,3748,164,93,89,6,0,0,18,0,0,2,0,740,483,8,8,988,1870,3005,2368,1,59,0,1,1,5,154,9,55,318,55,7,118,127,0,1,59,264,3,22,38,46,0,2,0,10,1,0,11,8,0,0,38,91,2,0,135,2,23,0,0,2,0,0,6,6,7,9,3,0,0,3,8,12,5,0,0,1,0,0,0,0,0,5,0,0,0,0,107,1,0,1,1,0,10,23,0,0,0,17,2,2,1,0,0,1,1,0,0,24,0,0,0,4,0,0,2,0,0,0,52,21,0,13,0,0,0,0,0,0,0,0,0,0,0,0,0,0,0,3,0,0,0,0,0,0,0,0,0,0,0,0,0,0,0,0,0,0,17,2,0,0,0,0,0,0,0,29,22,0,2,0,0,0,0,0,0,0,0,0,0,0,0,0,0,1,0,0,0,0,0,1,0,0,0,0,0,0,0,0,0,0,0,0,0,0,0,0,0,0,0,0,0,0,0,0,0,0,0,0,0,0,0,0,0,0
0c79e2f23b0bbd2131c4348d452d87c1,6.2,256,178,1634,371,76,80,514,1419,2837,1200,13,19,151,13,3333,41,74,0,3,161,906,1,52,3,1395,24,11,3,75,339,152,388,36,485,79,2,7,17,45,2,44,29,5,38,43,0,2,4,1401,37,3,0,0,0,4,37,0,0,0,0,1,0,1,3634,188,92,127,6,2,0,24,0,0,9,0,1262,843,8,12,1051,1831,3118,2486,19,113,2,6,6,9,176,33,133,388,115,8,110,127,5,1,81,275,3,20,53,61,0,4,2,12,13,10,21,24,4,2,50,95,4,2,136,2,18,0,0,2,0,0,6,3,7,9,3,0,0,3,8,12,4,0,0,1,0,0,0,0,0,5,0,0,0,0,54,1,0,1,1,0,7,17,0,0,0,20,2,2,1,0,0,1,1,0,0,29,0,0,0,4,0,0,2,0,0,0,59,21,0,13,0,0,0,0,0,0,0,0,0,0,0,0,0,0,0,3,0,0,0,0,0,0,0,0,0,0,0,0,0,0,0,0,0,0,20,0,0,0,0,0,0,0,0,31,23,0,2,0,0,0,0,0,0,0,0,0,0,0,0,0,0,1,0,0,0,0,0,1,0,0,0,0,0,0,0,0,0,0,0,0,0,0,0,0,0,0,0,0,0,0,0,0,0,0,0,0,0,0,0,0,0,0
0c86d117a816b8f153c39010f38fccf5,5.2,107,816,3711,183,76,68,492,1403,2791,1159,6,16,155,9,1448,32,102,0,1,100,715,1,35,1,10,13,4,1,63,289,80,378,39,663,37,5,4,11,17,2,38,27,3,32,46,0,1,6,14,13,2,0,0,0,2,24,0,0,0,0,1,0,1,1873,171,74,454,6,0,0,18,0,0,2,0,772,497,8,8,846,5164,2514,2033,3,27,0,1,1,5,162,9,54,160,54,7,112,127,0,2,49,280,3,22,43,51,0,2,0,10,1,0,11,8,0,0,43,81,2,0,135,0,23,0,0,2,0,0,6,6,6,9,3,0,0,3,8,12,6,0,0,1,0,0,0,0,0,5,0,0,0,0,107,0,0,1,1,0,9,23,0,0,0,3,2,2,1,0,0,0,0,0,0,27,0,0,0,4,0,0,2,0,0,0,9,21,0,13,0,0,0,0,0,0,0,0,0,0,0,0,0,0,0,0,0,0,0,0,0,0,0,0,0,0,0,0,0,0,0,0,0,0,3,2,0,0,0,0,0,0,0,3,3,0,2,0,0,0,0,0,0,0,0,0,0,0,0,0,0,1,0,0,0,0,0,0,0,0,0,0,0,0,0,0,0,0,0,0,0,0,0,0,0,0,0,0,0,0,0,0,0,0,0,0,0,0,0,0,0,0
3abfc9971b0244bd8b3fd71bae538450,1.6,3,13,37,16,2,6,10,1,1,4,1,1,2,3,55,4,3,0,0,7,12,0,1,0,0,0,0,1,0,5,0,4,0,0,2,2,0,1,0,0,2,2,1,3,0,0,1,0,1,0,1,0,0,0,3,3,0,0,0,0,0,0,0,0,1,0,0,0,0,0,0,0,0,0,0,14,14,0,0,1,93,0,0,0,1,0,0,0,0,1,0,1,14,14,0,14,0,0,0,11,3,0,0,2,4,1,0,1,0,0,0,6,0,0,0,0,0,0,0,0,0,0,1,0,0,0,0,29,0,1,0,0,0,0,0,0,0,0,0,0,0,0,0,0,0,0,0,0,2,0,0,1,0,0,0,0,0,1,1,0,0,0,0,0,0,0,0,0,0,0,0,0,1,0,0,0,0,0,0,0,0,0,0,0,0,3,0,0,0,0,0,0,0,0,0,0,0,0,0,0,0,0,0,0,0,0,1,0,0,0,0,0,0,0,0,0,0,0,0,0,0,0,0,0,0,0,0,0,0,0,0,0,0,0,0,0,0,0,0,0,0,0,0,0,0,0,0,0,0,0,1,0,0,0,0,0,0,0,0,0,0,0,0,0,0,0,0,0,0,0,0,0,0,0,0,0,0,0,0,0,0,0,0,0,0,0,0,0,0
0c335e9b4869e073867eb0df91842f7f,6.4,252,170,2453,163,80,67,442,1391,2790,1166,6,19,164,9,3207,32,69,0,1,98,727,1,34,1,1751,18,4,1,67,323,118,359,31,473,37,4,8,13,17,2,38,29,5,38,38,0,1,5,1755,13,3,0,0,0,2,22,0,0,0,0,1,0,1,3791,164,92,118,6,10,0,18,0,0,2,0,819,527,8,8,961,2908,2827,2201,6,59,0,1,1,5,153,9,55,306,55,7,98,125,0,1,59,264,3,22,44,52,0,3,0,10,1,0,11,8,0,0,48,91,2,0,135,0,23,0,0,3,1,0,6,6,7,9,3,0,0,3,8,12,5,0,0,1,0,0,0,0,0,5,0,0,0,0,107,1,0,1,1,0,10,23,0,0,0,17,2,2,1,0,0,1,1,0,0,29,0,0,0,4,0,0,2,0,0,0,52,21,0,13,0,0,0,0,0,0,0,0,0,0,0,0,0,0,0,3,0,0,0,0,0,0,0,0,0,0,0,0,0,0,0,0,0,0,17,0,0,0,0,0,0,0,0,28,22,0,2,0,0,0,0,0,0,0,0,0,0,0,0,0,0,1,0,0,0,0,0,1,0,0,0,0,0,0,0,0,0,0,0,0,0,0,0,0,0,0,0,0,0,0,0,0,0,0,0,0,0,0,0,0,0,0
0c380bc570863d81d58c359b62f42965,5.8,222,171,2458,169,80,68,526,1386,2790,1154,6,19,164,9,3714,34,63,0,1,123,1145,1,28,1,2174,17,4,1,59,320,122,394,39,481,30,4,8,12,17,2,38,29,5,38,46,0,1,5,2178,13,3,0,0,0,2,22,0,0,0,0,1,0,1,3576,240,92,90,6,2,0,18,0,0,2,0,809,529,8,8,951,2017,2434,2269,3,59,0,1,1,5,229,11,55,276,55,7,98,127,0,1,59,296,3,24,40,48,0,2,0,10,1,0,11,8,0,0,38,91,2,0,135,0,23,0,0,2,0,0,6,6,7,9,3,0,0,3,8,12,5,0,0,1,0,0,0,0,0,5,0,0,0,0,107,1,0,1,1,0,10,23,0,0,0,15,2,2,1,0,0,1,1,0,0,29,0,0,0,4,0,0,2,0,0,0,44,21,0,13,0,0,0,0,0,0,0,0,0,0,0,0,0,0,0,3,0,0,0,0,0,0,0,0,0,0,0,0,0,0,0,0,0,0,15,0,0,0,0,0,0,0,0,24,18,0,2,0,0,0,0,0,0,0,0,0,0,0,0,0,0,1,0,0,0,0,0,1,0,0,0,0,0,0,0,0,0,0,0,0,0,0,0,0,0,0,0,0,0,0,0,0,0,0,0,0,0,0,0,0,0,0
0c539aad5a42ef48afcce8b6e024d7de,5.8,271,2408,6256,265,66,77,464,1407,2809,1167,8,19,144,11,3243,32,71,0,2,129,1504,1,32,2,1696,17,5,1,63,278,118,349,35,675,31,4,5,9,17,2,38,24,5,33,42,0,2,5,1700,13,3,0,0,0,2,24,0,0,0,0,1,0,1,3865,171,93,103,6,0,0,18,0,0,5,0,965,631,8,9,879,1794,2846,2200,1,61,1,3,3,7,158,21,55,324,55,8,98,125,2,1,61,266,3,23,40,48,0,3,1,11,7,5,11,8,0,0,38,91,2,0,135,0,23,0,0,2,0,0,6,6,7,9,3,0,0,3,8,12,5,0,0,1,0,0,0,0,0,5,0,0,0,0,107,1,0,1,1,0,10,23,0,0,0,47,2,2,1,0,0,1,1,0,0,24,0,0,0,4,0,0,2,0,0,0,111,21,0,13,0,0,0,0,0,0,0,0,0,0,0,0,0,0,0,3,0,0,0,0,0,0,0,0,0,0,0,0,0,746,0,0,0,0,47,0,0,0,0,0,0,0,0,60,21,0,2,0,0,0,0,0,0,0,0,0,0,0,0,0,0,1,0,0,0,0,0,1,0,0,0,0,0,0,0,0,0,0,0,0,0,0,0,0,0,0,0,0,0,0,0,0,0,0,0,0,0,0,0,0,0,0
0c74975c21c11612c9082849a1fe58db,5.8,296,181,2530,220,80,69,446,1383,2789,1151,6,19,152,10,3193,32,66,0,1,101,710,1,29,1,1756,17,5,1,59,279,118,348,35,486,30,4,8,9,17,2,38,24,5,33,42,0,1,5,1760,13,3,0,0,0,2,25,0,0,0,0,1,0,1,4176,166,93,89,6,2,0,18,0,0,2,0,774,503,8,10,1124,1932,3504,2560,5,59,0,1,1,5,156,9,56,351,56,8,108,121,0,1,59,266,3,22,38,46,0,2,0,10,1,0,11,8,0,0,38,91,2,0,135,0,23,0,0,2,0,0,6,6,7,9,3,0,0,3,8,12,5,0,0,1,0,0,0,0,0,5,0,0,0,0,107,1,0,1,1,0,10,23,0,0,0,22,2,2,1,0,0,1,1,0,0,24,0,0,0,4,0,0,2,0,0,0,68,21,0,13,0,0,0,0,0,0,0,0,0,0,0,0,0,0,0,3,0,0,0,0,0,0,0,0,0,0,0,0,0,0,0,0,0,0,22,0,0,0,0,0,0,0,0,39,28,0,2,0,0,0,0,0,0,0,0,0,0,0,0,0,0,1,0,0,0,0,0,1,0,0,0,0,0,0,0,0,0,0,0,0,0,0,0,0,0,0,0,0,0,0,0,0,0,0,0,0,0,0,0,0,0,0
0c6001553309f308bb7619184f4e0011,5.8,244,2348,5419,190,74,74,451,1399,2804,1160,8,19,144,13,3338,32,98,0,2,126,771,1,29,2,1800,17,5,1,63,286,118,349,33,682,31,4,5,9,17,2,38,25,5,34,40,0,2,5,1803,13,3,0,0,0,2,26,0,0,0,0,1,0,1,4101,170,93,99,6,0,0,18,0,0,2,0,989,645,8,12,870,1924,2625,2403,5,61,1,2,2,7,158,13,61,304,61,8,128,125,0,2,59,266,3,22,39,47,0,2,1,11,1,0,11,8,0,0,38,91,2,0,135,0,23,0,0,2,0,0,6,6,7,9,3,0,0,3,8,12,5,0,0,1,0,0,0,0,0,5,0,0,0,0,107,1,0,1,1,0,10,23,0,0,0,19,2,2,1,0,0,1,1,0,0,25,0,0,0,4,0,0,2,0,0,0,58,21,0,13,0,0,0,0,0,0,0,0,0,0,0,0,0,0,0,3,0,0,0,0,0,0,0,0,0,0,0,0,0,0,0,0,0,0,19,0,0,0,0,0,0,0,0,32,24,0,2,0,0,0,0,0,0,0,0,0,0,0,0,0,0,1,0,0,0,0,0,1,0,0,0,0,0,0,0,0,0,0,0,0,0,0,0,0,0,0,0,0,0,0,0,0,0,0,0,0,0,0,0,0,0,0
0c780850242562b48b8310fb3e11d3a1,5.8,194,2377,5464,192,66,68,447,1403,2804,1165,6,19,144,10,3078,32,111,0,1,100,1448,1,27,1,1668,17,4,1,59,279,120,347,34,674,30,4,4,9,17,2,38,24,5,33,41,0,1,5,1672,13,3,0,0,0,2,25,0,0,0,0,1,0,1,3726,165,93,459,6,0,0,18,0,0,2,0,782,508,8,10,1056,5900,2025,2174,1,59,0,1,1,9,154,9,56,249,56,8,118,125,0,1,59,266,3,22,38,46,0,2,0,10,1,0,11,8,0,0,38,91,2,0,135,0,23,0,0,2,0,0,6,6,7,9,3,0,0,3,8,12,5,0,0,1,0,0,0,0,0,5,0,0,0,0,107,1,0,1,1,0,10,23,0,0,0,17,2,2,1,0,0,1,1,0,0,24,0,0,0,4,0,0,2,0,0,0,51,21,0,13,0,0,0,0,0,0,0,0,0,0,0,0,0,0,0,3,0,0,0,0,0,0,0,0,0,0,0,0,0,0,0,0,0,0,17,0,0,0,0,0,0,0,0,30,21,0,2,0,0,0,0,0,0,0,0,0,0,0,0,0,0,1,0,0,0,0,0,1,0,0,0,0,0,0,0,0,0,0,0,0,0,0,0,0,0,0,0,0,0,0,0,0,0,0,0,0,0,0,0,0,0,0
0ca5d516debe845c5c6ec4b1ef5d3f6a,5.8,236,174,2450,168,80,68,458,1385,2790,1150,6,19,164,9,3157,32,59,0,1,107,1121,1,34,1,1711,18,4,1,65,314,116,355,31,482,37,4,8,12,16,2,38,28,5,37,38,0,1,5,1715,13,3,0,0,0,2,24,0,0,0,0,1,0,1,3723,229,92,90,6,2,0,18,0,0,2,0,783,509,8,2,938,1569,2742,2297,0,53,0,1,1,4,218,10,55,290,55,7,33,123,0,1,57,261,3,20,43,51,0,3,0,10,1,0,11,8,0,0,48,91,2,0,135,0,23,0,0,2,0,0,6,6,7,9,3,0,0,3,8,12,5,0,0,1,0,0,0,0,0,5,0,0,0,0,107,1,0,1,1,0,10,23,0,0,0,17,2,2,1,0,0,1,1,0,0,28,0,0,0,4,0,0,2,0,0,0,49,21,0,13,0,0,0,0,0,0,0,0,0,0,0,0,0,0,0,3,0,0,0,0,0,0,0,0,0,0,0,0,0,0,0,0,0,0,17,0,0,0,0,0,0,0,0,26,19,0,2,0,0,0,0,0,0,0,0,0,0,0,0,0,0,1,0,0,0,0,0,1,0,0,0,0,0,0,0,0,0,0,0,0,0,0,0,0,0,0,0,0,0,0,0,0,0,0,0,0,0,0,0,0,0,0
0cb8572e659431366a12f1ba215bcf10,4.8,152,2242,5192,196,65,67,557,1320,2766,1081,6,19,129,9,3443,32,84,0,1,92,688,1,28,1,1976,17,4,1,57,276,110,408,46,687,29,4,4,9,5,2,38,24,5,33,55,0,1,5,1980,5,3,0,0,0,2,20,0,0,0,0,1,0,1,2130,175,88,78,6,0,0,5,0,0,2,0,886,566,8,2,592,1252,1430,1378,0,53,0,0,0,4,159,8,10,161,10,7,43,135,0,1,57,312,2,20,37,45,0,2,0,12,1,0,11,8,0,0,38,91,2,0,135,0,23,0,0,2,0,0,6,6,6,9,3,0,0,3,8,12,5,0,0,1,0,0,0,0,0,5,0,0,0,0,107,1,0,1,1,0,8,16,0,0,0,3,2,2,0,0,0,1,1,0,0,24,0,0,0,0,0,0,0,0,0,0,3,21,0,13,0,0,0,0,0,0,0,0,0,0,0,0,0,0,0,3,0,0,0,0,0,698,0,0,0,0,0,0,0,0,0,0,0,0,3,0,0,0,0,0,0,0,0,3,0,0,2,0,0,0,0,0,0,0,0,0,0,0,0,0,0,1,0,0,0,0,0,1,0,0,0,0,0,0,0,0,0,0,0,0,0,0,0,0,0,0,0,0,0,0,0,0,0,0,0,0,0,0,0,0,0,0
0cba889d3f6dce7d225ec6c0f7da2d03,4.8,158,2357,4659,198,72,70,494,1319,2765,1084,6,19,116,9,3368,33,96,0,1,90,671,1,27,1,1969,17,4,1,57,285,112,385,46,695,29,4,4,9,5,2,38,25,5,34,53,0,1,5,1973,5,3,0,0,0,4,22,0,0,0,0,1,0,1,2228,166,88,84,6,0,0,5,0,0,2,0,790,507,8,2,499,1457,1603,1323,0,54,0,0,0,4,156,8,13,170,13,7,43,133,0,2,57,288,2,20,37,45,0,2,0,10,1,0,11,8,0,0,38,91,2,0,135,0,23,0,0,2,0,0,6,6,6,9,3,0,0,3,8,12,5,0,0,1,0,0,0,0,0,5,0,0,0,0,107,1,0,1,1,0,5,10,0,0,0,3,2,2,0,0,0,1,1,0,0,25,0,0,0,0,0,0,0,0,0,0,3,21,0,13,0,0,0,0,0,0,0,0,0,0,0,0,0,0,0,3,0,0,0,0,0,0,0,0,0,0,0,0,0,0,0,0,0,0,3,0,0,0,0,0,0,0,0,3,0,0,2,0,0,0,0,0,0,0,0,0,0,0,0,0,0,1,0,0,0,0,0,1,0,0,0,0,0,0,0,0,0,0,0,0,0,0,0,0,0,0,0,0,0,0,0,0,0,0,0,0,0,0,0,0,0,0
0cbb39cc0081e1cf08cb9930d69e88f1,10.2,5296,530,4198,741,1015,184,1371,3049,4140,3390,26,33,1130,120,11135,202,303,0,5,335,2528,2,200,3,3248,134,14,22,170,467,190,899,151,982,85,28,154,95,128,4,94,43,39,183,141,18,5,8,3271,51,16,0,0,0,12,284,0,0,0,0,4,2,3,76395,425,143,876,6,2,0,46,2,2,25,0,7965,5273,27,184,35012,182998,89562,74735,287,419,1,4,4,415,424,145,162,5453,139,16,20282,633,2,7,100,566,10,70,138,214,0,8,4,25,108,5,37,26,8,14,97,440,6,0,282,2,53,0,0,92,90,12,8,13,34,22,4,0,3,21,34,60,8,0,0,3,0,0,8,0,0,25,0,0,0,0,107,22,0,1,1,357,25,34,0,0,0,312,8,8,14,1,1,10,73,23,1,32,6,3,2,12,2,381,2,1,0,0,1202,46,12,68,1,1,1,1,1,1,0,0,0,2,9,0,0,0,0,9,1,0,1,6,0,0,0,0,0,0,0,0,0,0,0,0,0,0,312,0,3,0,0,0,0,0,0,628,576,0,2,0,0,0,0,0,0,0,0,0,0,0,0,0,0,13,0,0,0,0,0,3,0,0,0,0,0,0,8,0,0,0,0,0,2,0,0,0,0,0,0,0,0,0,0,0,0,0,0,0,0,0,0,0,0,0
0cbc2324f1a1732096468477d272dc80,5.6,184,115,688,259,81,79,554,1466,2823,1214,7,19,153,12,1921,33,85,0,2,147,811,1,41,2,147,17,7,2,63,327,140,410,41,698,41,4,3,12,17,2,41,28,6,38,50,0,2,5,151,13,4,0,0,0,2,22,0,0,0,0,0,0,1,2951,188,92,125,14,0,0,19,0,0,6,0,1113,725,8,9,823,1876,1862,1735,5,62,1,3,3,7,171,21,64,246,55,7,102,133,2,1,68,300,4,25,47,56,0,3,1,13,9,5,17,16,2,1,41,140,2,0,135,0,23,0,0,2,0,0,6,6,8,9,3,0,0,3,8,12,5,0,0,0,0,0,0,0,0,5,0,0,0,0,107,2,0,1,1,0,10,23,0,0,0,25,2,2,1,0,0,1,1,0,0,28,0,0,0,4,0,0,2,0,0,0,76,21,0,13,0,0,0,0,0,0,0,0,0,0,0,0,0,0,0,3,0,0,0,0,0,0,0,0,0,0,0,0,0,0,0,0,0,0,25,0,0,0,0,0,0,0,0,36,30,0,2,0,0,0,0,0,0,0,0,0,0,0,0,0,0,1,0,0,0,0,0,1,0,0,0,0,0,0,0,0,0,0,0,0,0,0,0,0,0,0,0,0,0,0,0,0,0,0,0,0,0,0,0,0,0,0
0cbda2f0aa84037a9e4fb115a47c6e1e,4.4,98,144,1720,195,117,71,428,1299,2749,1104,6,14,154,8,1278,33,146,0,1,70,344,1,30,1,11,13,4,1,57,348,88,344,33,651,30,5,4,12,5,2,38,33,4,39,40,0,1,6,15,5,3,0,0,0,4,14,0,0,0,0,1,0,1,1517,124,73,61,6,5,0,5,1,1,2,0,710,456,8,2,460,1284,463,73,0,16,0,0,0,4,114,1,10,107,10,7,29,125,0,1,57,256,3,20,37,44,0,2,0,10,1,0,11,8,0,0,33,64,2,0,135,0,23,0,0,2,0,0,6,6,7,9,3,0,0,3,10,12,6,0,0,1,0,0,0,0,0,5,0,0,0,0,107,0,0,1,1,0,5,10,0,0,0,2,2,2,1,0,0,1,1,16,0,33,0,1,0,1,1,14,0,0,0,0,3,21,0,55,1,1,1,1,1,1,0,0,0,0,0,0,0,0,0,3,0,0,0,0,0,0,0,0,0,0,0,0,0,0,0,0,0,0,2,0,0,0,0,0,0,0,0,2,0,0,2,0,0,0,0,0,0,0,0,0,0,0,0,0,0,1,0,0,0,0,0,0,0,0,0,0,0,0,0,0,0,0,0,0,0,0,0,0,0,0,0,0,0,0,0,0,0,0,0,0,0,0,0,0,0,0
0cbf8cbf17466b3b610f9ce494f7c8bf,4.8,116,169,2420,161,79,68,421,1153,2606,923,6,19,149,9,2718,33,63,0,1,69,247,1,33,1,1446,18,4,1,59,311,102,365,38,488,34,4,8,12,5,2,38,28,5,37,43,0,1,5,1450,5,3,0,0,0,4,18,0,0,0,0,1,0,1,1885,90,87,397,6,8,0,5,0,0,2,0,689,437,8,2,532,4097,812,1035,0,53,0,0,0,4,78,1,10,125,10,7,33,129,0,1,47,254,2,20,43,51,0,2,0,8,1,0,11,8,0,0,32,91,2,0,135,0,23,0,0,2,0,0,6,6,6,7,3,0,0,3,8,12,5,0,0,1,0,0,0,0,0,5,0,0,0,0,107,1,0,1,1,0,8,16,0,0,0,3,2,2,0,0,0,1,1,0,0,28,0,0,0,0,0,0,0,0,0,0,3,21,0,13,0,0,0,0,0,0,0,0,0,0,0,0,0,0,0,0,0,0,0,0,0,0,0,0,0,0,0,0,0,0,0,0,0,0,3,0,0,0,0,0,0,0,0,3,0,0,2,0,0,0,0,0,0,0,0,0,0,0,0,0,0,0,0,0,0,0,0,1,0,0,0,0,0,0,0,0,0,0,0,0,0,0,0,0,0,0,0,0,0,0,0,0,0,0,0,0,0,0,0,0,0,0
0cced3c0bbbe5ff5fb338b0308575973,6.4,97,184,2504,164,135,71,439,1402,2800,1213,6,17,190,9,2953,32,77,0,1,96,708,1,32,1,1591,12,5,1,53,355,80,354,35,513,30,5,8,11,16,2,38,35,4,41,42,0,1,6,1595,13,3,0,0,0,2,26,0,0,0,0,1,0,1,2917,163,81,1142,6,2,1,32,2,2,2,0,757,484,8,2,892,11788,1758,682,0,22,0,1,1,4,153,8,63,159,63,7,57,125,0,2,47,252,2,20,35,43,0,2,0,10,1,0,11,8,0,0,32,63,2,0,135,0,23,0,0,2,0,0,6,6,9,9,3,0,0,3,11,12,6,0,0,1,0,0,0,0,0,5,0,0,0,0,107,0,0,1,1,0,12,23,0,0,0,8,2,2,2,0,0,1,0,16,0,35,0,2,0,6,2,18,2,0,0,0,23,21,0,55,1,1,1,1,1,1,1,1,1,0,0,0,0,0,0,0,0,0,0,0,0,0,0,0,0,0,0,0,0,0,0,0,0,0,8,2,0,0,0,0,0,0,0,8,7,0,2,0,0,0,0,0,0,0,0,0,0,0,0,0,0,1,0,0,0,0,0,0,0,0,0,0,0,0,0,0,0,0,0,0,0,0,0,0,0,0,0,0,0,0,0,0,0,0,0,0,0,0,0,0,0,0
0cd1b4e8663a4b582a6b99be8da81366,6.0,162,131254,1621,226,70,73,499,1356,2805,1124,10,17,143,13,3488,32,71,0,3,156,794,1,43,3,1850,17,10,3,65,284,132,354,35,440,49,2,7,10,10,2,41,23,5,32,42,0,2,4,1855,7,3,0,0,0,0,21,2,2,73,0,1,0,1,1957,174,91,98,6,0,0,19,0,0,8,0,1179,781,8,4,641,1499,1928,1580,0,59,2,4,4,12,154,32,19,180,10,7,40,125,4,2,68,270,3,18,43,51,0,4,2,12,13,10,21,24,2,1,39,93,2,0,135,0,23,0,0,2,0,0,6,3,7,9,3,0,0,3,8,12,4,0,0,1,0,0,0,0,0,5,0,0,0,0,54,1,0,1,1,0,10,23,0,0,0,7,2,2,1,0,0,1,1,0,0,23,0,0,0,4,0,0,2,0,0,0,12,21,0,13,0,0,0,0,0,0,0,0,0,0,0,0,0,0,0,3,0,0,0,0,0,0,0,0,0,0,0,0,0,0,0,0,0,0,7,0,0,0,0,0,0,0,0,11,4,0,2,0,0,0,0,0,0,0,0,0,0,0,0,0,0,1,0,0,0,0,0,1,0,0,0,0,0,0,0,0,0,0,0,0,0,0,0,0,0,0,0,0,0,0,0,0,0,0,0,0,0,0,0,0,0,0
0cdbe0b491568404a637b33bde882e1d,4.2,134,776,2933,175,65,65,127,1020,2477,794,6,19,141,9,4262,21,70,0,1,53,24,1,18,1,3684,9,4,1,38,258,86,199,10,644,16,4,4,8,5,2,25,24,5,33,9,0,1,5,3688,5,3,0,0,0,4,12,0,0,0,0,1,0,0,2810,50,88,58,0,0,0,5,0,0,2,0,0,0,8,2,0,526,690,2154,0,53,0,0,0,2,43,0,3,136,6,5,13,113,0,1,25,141,2,10,19,29,0,1,0,0,0,0,11,8,0,0,10,89,0,0,135,0,23,0,0,2,0,0,6,6,6,3,1,0,0,0,8,12,5,0,0,1,0,0,0,0,0,5,0,0,0,0,107,1,0,1,1,0,8,16,0,0,0,3,2,2,0,0,0,0,1,0,0,24,0,0,0,0,0,0,0,0,0,0,3,21,0,13,0,0,0,0,0,0,0,0,0,0,0,0,0,0,0,0,0,0,0,0,0,0,0,0,0,0,0,0,0,0,0,0,0,0,3,0,0,0,0,0,0,0,0,3,0,0,2,0,0,0,0,0,0,0,0,0,0,0,0,0,0,0,0,0,0,0,0,1,0,0,0,0,0,0,0,0,0,0,0,0,0,0,0,0,0,0,0,0,0,0,0,0,0,0,0,0,0,0,0,0,0,0
0cdc7465dc79dc53df3b6c5b766156a3,5.8,248,2364,4710,185,73,68,448,1396,2803,1156,6,19,131,10,3341,32,97,0,1,98,707,1,28,1,1924,17,4,1,59,287,118,349,34,683,30,4,4,9,17,2,38,25,5,34,41,0,1,5,1928,13,3,0,0,0,2,25,0,0,0,0,1,0,1,3922,165,93,89,6,0,0,18,0,0,2,0,769,499,8,10,984,1850,2735,2264,2,60,0,1,1,5,154,9,58,305,58,8,118,121,0,2,59,266,3,22,38,46,0,2,0,10,1,0,11,8,0,0,38,91,2,0,135,0,18,0,0,2,0,0,6,6,7,9,3,0,0,3,8,12,5,0,0,1,0,0,0,0,0,5,0,0,0,0,107,1,0,1,1,0,7,17,0,0,0,42,2,2,1,0,0,1,1,0,0,25,0,0,0,4,0,0,2,0,0,0,102,21,0,13,0,0,0,0,0,0,0,0,0,0,0,0,0,0,0,3,0,0,0,0,0,0,0,0,0,0,0,0,0,0,0,0,0,0,42,0,0,0,0,0,0,0,0,57,22,0,2,0,0,0,0,0,0,0,0,0,0,0,0,0,0,1,0,0,0,0,0,1,0,0,0,0,0,0,0,0,0,0,0,0,0,0,0,0,0,0,0,0,0,0,0,0,0,0,0,0,0,0,0,0,0,0
0cdeb3d1629967a4bba89c23b8a2f636,6.6,228,223,2683,318,82,87,507,1399,2816,1162,14,19,166,16,4254,32,103,0,3,156,802,1,44,3,2547,17,10,3,63,326,154,374,37,492,70,4,10,11,18,2,44,28,5,37,44,0,3,5,2553,17,3,0,0,0,4,30,0,0,0,0,1,0,1,3358,184,92,503,6,2,0,24,0,0,8,0,1069,715,8,6,1091,5709,2598,2391,2,61,2,5,5,7,167,30,74,299,56,10,53,127,4,1,79,271,3,22,47,55,0,4,2,12,13,10,23,24,4,2,40,95,4,0,135,4,23,0,0,2,0,0,6,6,7,9,3,0,0,3,8,12,5,0,0,1,0,0,0,0,0,5,0,0,0,0,107,1,0,1,1,0,10,23,0,0,0,14,2,2,1,0,0,1,1,0,0,28,0,0,0,4,0,0,2,0,0,0,38,21,0,13,0,0,0,0,0,0,0,0,0,0,0,0,0,0,0,3,0,0,0,0,0,0,0,0,0,0,0,0,0,0,0,0,0,0,14,0,0,0,0,0,0,0,0,22,14,0,2,0,0,0,0,0,0,0,0,0,0,0,0,0,0,1,0,0,0,0,0,1,0,0,0,0,0,0,0,0,0,0,0,0,0,0,0,0,0,0,0,0,0,0,0,0,0,0,0,0,0,0,0,0,0,0
0ce35bce03410b7bf12cac88c87598b2,6.2,257,164,1619,228,75,67,499,1413,2801,1197,9,19,150,11,3554,32,95,0,2,134,870,1,41,2,1838,24,8,2,73,323,134,370,33,490,57,2,6,16,43,2,41,28,5,37,42,0,1,4,1843,19,3,0,0,0,0,28,0,0,0,0,1,0,1,3600,175,93,117,6,1,0,21,0,0,6,0,1223,807,8,13,1019,2024,3037,2353,5,111,1,4,4,8,164,23,125,382,116,8,115,125,2,1,70,266,3,19,48,56,0,3,1,13,7,5,15,16,2,1,49,93,3,0,135,2,18,0,0,2,0,0,6,3,7,9,3,0,0,3,8,12,4,0,0,1,0,0,0,0,0,5,0,0,0,0,54,1,0,1,1,0,7,17,0,0,0,20,2,2,1,0,0,1,1,0,0,28,0,0,0,4,0,0,2,0,0,0,60,21,0,13,0,0,0,0,0,0,0,0,0,0,0,0,0,0,0,3,0,0,0,0,0,0,0,0,0,0,0,0,0,0,0,0,0,0,20,1,0,0,0,0,0,0,0,35,24,0,2,0,0,0,0,0,0,0,0,0,0,0,0,0,0,1,0,0,0,0,0,1,0,0,0,0,0,0,0,0,0,0,0,0,0,0,0,0,0,0,0,0,0,0,0,0,0,0,0,0,0,0,0,0,0,0
0cee02ed81d48afd811745ea9e4cd6db,5.8,176,179,2524,170,80,68,487,1341,2784,1119,6,19,164,9,2946,33,72,0,1,78,272,1,35,1,1506,18,5,1,65,311,112,390,41,492,37,4,8,12,10,2,38,28,5,37,48,0,1,5,1510,7,3,0,0,0,5,23,0,0,0,0,1,0,1,2202,99,92,87,6,2,0,18,0,0,2,0,798,503,8,2,495,904,1659,1324,0,53,0,0,0,4,87,1,10,185,10,7,33,129,0,1,57,285,2,20,43,51,0,2,0,10,1,0,11,8,0,0,48,91,2,0,135,0,23,0,0,2,0,0,6,6,7,9,3,0,0,3,8,12,5,0,0,1,0,0,0,0,0,5,0,0,0,0,107,1,0,1,1,0,10,23,0,0,0,7,2,2,1,0,0,1,1,0,0,28,0,0,0,4,0,0,2,0,0,0,15,21,0,13,0,0,0,0,0,0,0,0,0,0,0,0,0,0,0,3,0,0,0,0,0,0,0,0,0,0,0,0,0,0,0,0,0,0,7,0,0,0,0,0,0,0,0,11,6,0,2,0,0,0,0,0,0,0,0,0,0,0,0,0,0,1,0,0,0,0,0,1,0,0,0,0,0,0,0,0,0,0,0,0,0,0,0,0,0,0,0,0,0,0,0,0,0,0,0,0,0,0,0,0,0,0
0cf767464daa71fec2b65c079b814ae8,4.2,104,166,2387,168,79,65,240,1006,2464,784,6,19,149,9,1600,23,67,0,1,53,138,1,30,1,669,18,4,1,62,316,90,287,23,461,34,4,8,13,5,2,30,29,5,38,26,0,1,5,673,5,3,0,0,0,4,11,0,0,0,0,1,0,0,1488,71,87,77,6,8,0,5,0,0,2,0,306,193,8,2,252,890,601,410,0,55,0,0,0,3,57,0,5,108,7,5,23,121,0,1,43,195,2,12,33,43,0,2,0,2,0,0,11,8,0,0,32,89,0,0,135,0,23,0,0,2,0,0,6,6,6,3,1,0,0,1,8,12,5,0,0,1,0,0,0,0,0,5,0,0,0,0,107,1,0,1,1,0,8,16,0,0,0,3,2,2,0,0,0,1,1,0,0,29,0,0,0,0,0,0,0,0,0,0,3,21,0,13,0,0,0,0,0,0,0,0,0,0,0,0,0,0,0,3,0,0,0,0,0,0,0,0,0,0,0,0,0,0,0,0,0,0,3,0,0,0,0,0,0,0,0,3,0,0,2,0,0,0,0,0,0,0,0,0,0,0,0,0,0,0,0,0,0,0,0,1,0,0,0,0,0,0,0,0,0,0,0,0,0,0,0,0,0,0,0,0,0,0,0,0,0,0,0,0,0,0,0,0,0,0
0cfbe6b04158733ebcfa5a579132b654,5.8,185,146,1725,161,80,73,499,1419,2813,1170,4,19,152,9,3851,34,61,0,1,129,1100,1,31,1,2353,18,4,1,65,321,120,387,37,490,37,4,6,13,10,2,38,28,6,38,44,0,1,5,2357,7,4,0,0,0,4,26,0,0,0,0,1,0,1,2716,234,92,92,14,0,0,18,0,0,4,0,807,520,8,2,686,1425,2149,1826,0,55,0,0,0,4,225,10,10,194,10,6,37,129,0,1,57,280,2,22,47,56,0,2,0,10,1,0,11,8,0,0,50,138,2,0,135,0,23,0,0,2,0,0,4,6,8,9,3,0,0,3,8,12,5,0,0,1,0,0,0,0,0,5,0,0,0,0,107,2,0,1,1,0,10,23,0,0,0,7,2,2,1,0,0,1,1,0,0,28,0,0,0,4,0,0,2,0,0,0,12,21,0,13,0,0,0,0,0,0,0,0,0,0,0,0,0,0,0,3,0,0,0,0,0,0,0,0,0,0,0,0,0,0,0,0,0,0,7,0,0,0,0,0,0,0,0,11,4,0,2,0,0,0,0,0,0,0,0,0,0,0,0,0,0,1,0,0,0,0,0,1,0,0,0,0,0,0,0,0,0,0,0,0,0,0,0,0,0,0,0,0,0,0,0,0,0,0,0,0,0,0,0,0,0,0
0d0dec462b4031e1e6de459511b35d32,7.0,165,199,2588,222,80,77,526,1392,2803,1153,10,19,140,12,3806,32,60,0,2,133,1185,1,43,2,2180,18,7,2,67,320,134,386,36,489,57,4,9,12,17,2,41,28,5,37,43,0,2,5,2185,15,3,0,0,0,2,30,0,0,0,0,1,0,1,3017,244,92,100,6,4,0,21,0,0,5,0,940,622,8,5,891,1496,1653,1982,0,58,1,3,3,5,229,20,64,227,55,8,33,127,2,1,68,282,2,21,48,56,0,9,1,11,9,5,17,16,2,1,49,93,3,0,135,2,18,0,0,2,0,0,6,6,7,9,3,0,0,3,8,12,5,0,0,1,0,0,2,0,0,5,0,0,0,0,107,1,0,1,1,0,7,17,0,0,0,11,2,2,1,0,0,1,1,0,0,28,0,0,0,4,0,0,2,0,0,0,29,21,0,13,0,0,0,0,0,0,0,0,0,0,0,0,0,0,0,3,0,0,0,0,0,0,0,0,0,0,0,0,0,0,0,0,0,0,11,0,0,0,0,0,0,0,0,18,11,0,2,0,0,0,0,0,0,0,0,0,0,0,0,0,0,1,0,0,0,0,0,1,0,0,0,0,0,0,0,0,0,0,0,0,0,0,0,0,0,0,0,0,0,0,0,0,0,0,0,0,0,0,0,0,0,0
0d0fc4c0582cbed33fb7673cfa2dc0c5,7.0,212,2265,4685,316,76,92,564,1416,2854,1175,14,19,146,15,3156,41,113,0,3,151,819,1,48,3,1312,17,10,3,63,302,154,379,38,691,72,4,6,12,20,2,44,25,5,34,45,0,3,5,1318,33,3,0,0,0,5,37,0,0,0,0,1,0,1,3128,184,93,109,6,0,0,24,0,0,8,0,1045,699,8,46,907,2249,2248,1790,4,69,2,5,5,7,169,29,77,286,59,9,108,127,5,2,81,281,4,24,48,56,0,15,2,12,13,10,23,24,4,2,40,95,4,2,136,2,23,0,0,2,0,0,6,6,7,9,3,0,0,3,8,12,5,0,0,1,0,0,2,0,0,5,0,0,0,0,107,1,0,1,1,0,10,23,0,0,0,17,2,2,1,0,0,1,1,0,0,25,0,0,0,4,0,0,2,0,0,0,51,21,0,13,0,0,0,0,0,0,0,0,0,0,0,0,0,0,0,3,0,0,0,0,0,0,0,0,0,0,0,0,0,0,0,0,0,0,17,0,0,0,0,0,0,0,0,26,21,0,2,0,0,0,0,0,0,0,0,0,0,0,0,0,0,1,0,0,0,0,0,1,0,0,0,0,0,0,0,0,0,0,0,0,0,0,0,0,0,0,0,0,0,0,0,0,0,0,0,0,0,0,0,0,0,0
0d2efb930d985601eaddd5fbcb785fa4,5.4,100,156,1784,210,127,69,449,1402,2796,1210,6,14,190,10,1415,32,171,0,1,99,723,1,37,1,13,14,4,1,61,351,86,357,34,652,38,5,4,13,16,2,38,33,4,39,41,0,1,6,17,13,3,0,0,0,2,25,0,0,0,0,1,0,1,2107,163,78,944,6,5,0,31,1,1,2,0,818,520,8,5,902,9729,1023,530,0,22,0,1,1,4,151,8,58,157,58,8,63,129,0,1,47,254,2,20,43,50,0,7,0,10,1,0,11,8,0,0,43,64,2,0,135,0,23,0,0,2,0,0,6,6,10,9,3,0,0,3,12,12,6,0,0,1,0,0,0,0,0,5,0,0,0,0,107,0,0,1,1,0,12,23,0,0,0,8,2,2,3,0,0,1,1,25,0,33,0,2,0,9,1,24,2,0,0,0,21,21,0,55,1,1,1,2,2,2,0,0,0,0,0,0,0,0,0,0,0,0,0,0,0,0,0,0,0,0,0,0,0,0,0,0,0,0,8,0,0,0,0,0,0,0,0,8,7,0,2,0,0,0,0,0,0,0,0,0,0,0,0,0,0,1,0,0,0,0,0,0,0,0,0,0,0,0,0,0,0,0,0,0,0,0,0,0,0,0,0,0,0,0,0,0,0,0,0,0,0,0,0,0,0,0
0d3b387cd5726c4ba37999dbc4a0d25f,5.8,226,184,2584,181,80,67,481,1341,2784,1118,6,19,164,10,4028,32,89,0,1,98,667,1,34,1,2601,18,4,1,65,314,116,382,42,496,37,4,8,12,10,2,38,28,5,37,49,0,1,5,2605,7,3,0,0,0,2,23,0,0,0,0,1,0,1,2914,163,93,89,6,2,0,18,0,0,2,0,772,496,8,5,782,1533,2248,1911,0,54,0,0,0,4,149,8,11,236,11,8,43,127,0,1,57,276,2,20,43,51,0,6,0,10,1,0,11,8,0,0,48,91,2,0,135,0,23,0,0,2,0,0,6,6,7,9,3,0,0,3,8,12,5,0,0,1,0,0,0,0,0,5,0,0,0,0,107,1,0,1,1,0,10,23,0,0,0,9,2,2,1,0,0,1,1,0,0,28,0,0,0,4,0,0,2,0,0,0,19,21,0,13,0,0,0,0,0,0,0,0,0,0,0,0,0,0,0,3,0,0,0,0,0,0,0,0,0,0,0,0,0,0,0,0,0,0,9,2,0,0,0,0,0,0,0,13,7,0,2,0,0,0,0,0,0,0,0,0,0,0,0,0,0,1,0,0,0,0,0,1,0,0,0,0,0,0,0,0,0,0,0,0,0,0,0,0,0,0,0,0,0,0,0,0,0,0,0,0,0,0,0,0,0,0
0d3c00ea7cda2292845e6d515d193674,4.6,116,2332,5318,179,73,66,321,1019,2477,791,6,19,141,9,2388,23,71,0,1,56,153,1,32,1,1340,18,4,1,62,282,90,317,30,676,34,4,4,10,5,2,30,25,5,34,35,0,1,5,1344,5,3,0,0,0,5,18,0,0,0,0,1,0,0,1869,83,88,76,6,0,0,5,0,0,2,0,450,286,8,2,415,1195,900,687,0,54,0,0,0,7,67,0,7,122,9,5,33,124,0,2,43,224,2,12,33,43,0,2,0,6,0,0,11,8,0,0,32,89,0,0,135,0,23,0,0,2,0,0,6,6,6,3,1,0,0,1,8,12,5,0,0,1,0,0,0,0,0,5,0,0,0,0,107,1,0,1,1,0,8,16,0,0,0,3,2,2,0,0,0,1,1,0,0,25,0,0,0,0,0,0,0,0,0,0,3,21,0,13,0,0,0,0,0,0,0,0,0,0,0,0,0,0,0,3,0,0,0,0,0,0,0,0,0,0,0,0,0,0,0,0,0,0,3,0,0,0,0,0,0,0,0,3,0,0,2,0,0,0,0,0,0,0,0,0,0,0,0,0,0,0,0,0,0,0,0,1,0,0,0,0,0,0,0,0,0,0,0,0,0,0,0,0,0,0,0,0,0,0,0,0,0,0,0,0,0,0,0,0,0,0
0d6b9e533b2a6966afd9e1a84b3bfed9,4.8,140,2542,5704,197,73,70,420,1100,2555,877,6,19,141,9,2648,32,92,0,1,68,243,1,34,1,1382,18,4,1,63,286,101,358,36,684,34,4,4,10,5,2,38,25,5,34,41,0,1,5,1386,5,3,0,0,0,4,12,0,0,0,0,1,0,1,1858,90,88,81,6,0,0,5,0,0,2,0,683,432,8,2,430,835,1212,918,0,54,0,0,0,4,77,1,8,147,10,6,33,129,0,2,57,267,2,15,41,49,0,2,0,8,1,0,11,8,0,0,32,91,2,0,135,0,23,0,0,2,0,0,6,6,6,6,3,0,0,1,8,12,5,0,0,1,0,0,0,0,0,5,0,0,0,0,107,1,0,1,1,0,8,16,0,0,0,3,2,2,0,0,0,1,1,0,0,25,0,0,0,0,0,0,0,0,0,0,3,21,0,13,0,0,0,0,0,0,0,0,0,0,0,0,0,0,0,3,0,0,0,0,0,0,0,0,0,0,0,0,0,0,0,0,0,0,3,0,0,0,0,0,0,0,0,3,0,0,2,0,0,0,0,0,0,0,0,0,0,0,0,0,0,0,0,0,0,0,0,1,0,0,0,0,0,0,0,0,0,0,0,0,0,0,0,0,0,0,0,0,0,0,0,0,0,0,0,0,0,0,0,0,0,0
0d8f9c6b740e2fbae644d841074d8570,5.8,174,177,2497,176,80,72,508,1185,2596,970,6,19,152,9,2023,37,70,0,1,87,305,1,35,1,549,17,4,1,59,276,108,387,43,494,30,4,8,9,17,2,38,24,5,33,50,0,1,5,553,13,3,0,0,0,4,25,0,0,0,0,1,0,1,2304,105,93,86,6,2,0,18,0,0,2,0,781,501,8,8,466,1136,1539,1280,5,59,0,1,1,5,95,4,55,228,55,7,88,129,0,1,59,296,3,22,38,50,0,2,0,10,1,0,11,8,0,0,38,91,2,0,135,0,23,0,0,2,0,0,6,6,7,6,3,0,0,3,8,12,5,0,0,1,0,0,0,0,0,5,0,0,0,0,107,1,0,1,1,0,10,23,0,0,0,17,2,2,1,0,0,1,1,0,0,24,0,0,0,4,0,0,2,0,0,0,50,21,0,13,0,0,0,0,0,0,0,0,0,0,0,0,0,0,0,3,0,0,0,0,0,0,0,0,0,0,0,0,0,0,0,0,0,0,17,0,0,0,0,0,0,0,0,26,20,0,2,0,0,0,0,0,0,0,0,0,0,0,0,0,0,1,0,0,0,0,0,1,0,0,0,0,0,0,0,0,0,0,0,0,0,0,0,0,0,0,0,0,0,0,0,0,0,0,0,0,0,0,0,0,0,0
0d9d8ee1585a76603bd6bd1e3c7d0ea4,2.8,85,168515,963,174,31,38,126,976,2437,717,4,12,47,6,1356,20,91,0,1,48,21,1,18,1,883,5,4,1,38,258,52,182,10,530,8,2,3,8,5,2,21,25,4,33,9,0,1,2,887,5,3,0,0,0,2,7,0,0,0,0,1,0,0,854,46,71,30,0,0,0,5,0,0,2,0,0,0,8,2,0,294,507,342,0,21,0,0,0,2,38,0,3,89,6,3,24,113,0,1,21,141,2,6,16,26,0,1,0,0,0,0,9,8,0,0,4,39,0,0,135,0,15,0,0,2,0,0,6,3,6,3,1,0,0,0,8,12,2,0,0,1,0,0,0,0,0,5,0,0,0,0,54,1,0,1,1,0,6,12,0,0,0,4,2,2,0,0,0,0,1,0,0,25,0,0,0,0,0,0,0,0,0,0,6,2,0,13,0,0,0,0,0,0,0,0,0,0,0,0,0,0,0,0,0,0,0,0,0,0,0,0,0,0,0,0,0,0,0,0,0,0,4,0,0,0,0,0,0,0,0,4,0,0,2,0,0,0,0,0,0,0,0,0,0,0,0,0,0,0,0,0,0,0,0,0,0,0,0,0,0,0,0,0,0,0,0,0,0,0,0,0,0,0,0,0,0,0,0,0,0,0,0,0,0,0,0,0,0,0
0d9e54d0610727d1befd1a9cb9cdd128,4.6,164,169,2451,228,79,65,335,1009,2463,795,6,19,137,9,2302,23,71,0,1,53,152,1,32,1,1243,18,4,1,62,308,90,331,31,482,34,4,8,12,5,2,30,28,5,37,36,0,1,5,1247,5,3,0,0,0,4,12,0,0,0,0,1,0,0,1835,84,87,79,6,4,0,5,0,0,2,0,437,277,8,2,350,824,1352,902,0,53,0,0,0,3,67,0,5,168,7,5,23,123,0,1,43,230,2,12,33,43,0,2,0,6,0,0,11,8,0,0,32,89,0,0,135,0,23,0,0,2,0,0,6,6,6,3,1,0,0,1,8,12,5,0,0,1,0,0,0,0,0,5,0,0,0,0,107,1,0,1,1,0,8,16,0,0,0,3,2,2,0,0,0,1,1,0,0,28,0,0,0,0,0,0,0,0,0,0,3,21,0,13,0,0,0,0,0,0,0,0,0,0,0,0,0,0,0,3,0,0,0,0,0,0,0,0,0,0,0,0,0,0,0,0,0,0,3,0,0,0,0,0,0,0,0,3,0,0,2,0,0,0,0,0,0,0,0,0,0,0,0,0,0,0,0,0,0,0,0,1,0,0,0,0,0,0,0,0,0,0,0,0,0,0,0,0,0,0,0,0,0,0,0,0,0,0,0,0,0,0,0,0,0,0
0d17bae9294e8f5d1882a4f584bdb983,5.8,212,175,2500,177,79,68,512,1336,2784,1104,6,19,139,9,3940,32,66,0,1,107,1090,1,34,1,2485,18,4,1,65,313,116,388,39,493,37,4,8,12,10,2,38,28,5,37,46,0,1,5,2489,7,3,0,0,0,2,23,0,0,0,0,1,0,1,2734,231,92,89,6,4,0,18,0,0,2,0,813,527,8,2,704,1603,2253,1889,0,53,0,0,0,4,218,10,10,221,10,7,43,131,0,1,57,285,2,20,43,51,0,2,0,10,1,0,11,8,0,0,48,91,2,0,135,0,18,0,0,2,0,0,6,6,7,9,3,0,0,3,8,12,5,0,0,1,0,0,0,0,0,5,0,0,0,0,107,1,0,1,1,0,7,17,0,0,0,7,2,2,1,0,0,0,1,0,0,28,0,0,0,4,0,0,2,0,0,0,12,21,0,13,0,0,0,0,0,0,0,0,0,0,0,0,0,0,0,3,0,0,0,0,0,0,0,0,0,0,0,0,0,0,0,0,0,0,7,0,0,0,0,0,0,0,0,11,4,0,2,0,0,0,0,0,0,0,0,0,0,0,0,0,0,1,0,0,0,0,0,1,0,0,0,0,0,0,0,0,0,0,0,0,0,0,0,0,0,0,0,0,0,0,0,0,0,0,0,0,0,0,0,0,0,0
0d34f3e380fc9bc1c11ab6411ae09934,3.6,97,131,1650,147,58,49,28,652,462,528,2,15,53,7,363,2,29,0,1,47,23,1,13,1,12,2,4,1,0,231,40,112,1,231,9,5,6,9,10,0,1,24,2,25,1,0,1,4,16,7,1,0,0,0,2,8,0,0,0,0,1,0,0,1930,25,65,43,8,0,0,18,0,0,4,0,6,0,8,2,1,473,2185,2662,0,21,0,0,0,0,16,0,5,101,8,5,13,2,0,2,1,28,2,8,8,12,0,0,0,0,0,0,10,8,0,0,5,76,0,0,135,0,10,0,0,2,0,0,6,6,8,0,0,0,0,0,8,12,4,0,0,1,0,0,0,0,0,5,0,0,0,0,107,0,0,0,0,0,4,13,0,0,0,4,2,2,1,0,0,0,0,0,0,23,0,0,0,4,0,0,2,0,0,0,12,2,0,13,0,0,0,0,0,0,0,0,0,0,0,0,0,0,0,0,0,0,0,0,0,0,0,0,0,0,0,0,0,0,0,0,0,0,4,0,0,0,0,0,0,0,0,4,4,0,2,0,0,0,0,0,0,0,0,0,0,0,0,0,0,0,0,0,0,0,0,0,0,0,0,0,0,0,0,0,0,0,0,0,0,0,0,0,0,0,0,0,0,0,0,0,0,0,0,0,0,0,0,0,0,0
0d38b91440065c2ce859700cefbb9b41,5.8,200,160,1745,184,74,73,449,1402,2803,1169,8,19,144,11,3335,32,76,0,2,126,748,1,34,2,1808,18,5,1,69,289,116,355,35,684,38,4,5,10,19,2,38,25,5,34,42,0,2,5,1811,16,3,0,0,0,2,24,0,0,0,0,1,0,1,3397,175,93,99,6,0,0,18,0,0,2,0,941,613,8,3,897,1842,2200,2089,10,62,1,2,2,7,163,14,59,258,59,7,58,125,0,2,57,262,2,20,44,52,0,2,1,11,1,0,11,8,0,0,48,91,2,0,135,0,23,0,0,2,0,0,6,6,7,9,3,0,0,3,8,12,5,0,0,1,0,0,0,0,0,5,0,0,0,0,107,1,0,1,1,0,10,23,0,0,0,17,2,2,1,0,0,1,1,0,0,25,0,0,0,4,0,0,2,0,0,0,49,21,0,13,0,0,0,0,0,0,0,0,0,0,0,0,0,0,0,3,0,0,0,0,0,0,0,0,0,0,0,0,0,0,0,0,0,0,17,0,0,0,0,0,0,0,0,27,19,0,2,0,0,0,0,0,0,0,0,0,0,0,0,0,0,1,0,0,0,0,0,1,0,0,0,0,0,0,0,0,0,0,0,0,0,0,0,0,0,0,0,0,0,0,0,0,0,0,0,0,0,0,0,0,0,0
0d42d52737b1d0b1c9f649df4f5d9e9d,3.4,106,131246,132526,156,68,51,261,1009,2469,781,5,17,139,7,1319,22,71,0,1,52,134,1,28,1,467,18,5,1,58,272,84,281,21,423,34,2,5,11,5,2,30,23,5,32,24,0,0,4,471,5,3,0,0,0,0,7,2,2,81,0,1,0,0,662,72,86,58,6,0,0,5,0,0,2,0,298,188,8,2,193,579,946,363,0,53,0,0,0,3,55,0,5,112,7,3,20,115,0,2,33,197,2,8,32,42,0,2,0,2,0,0,9,8,0,0,32,89,0,0,135,0,23,0,0,2,0,0,6,3,6,3,1,0,0,1,8,12,4,0,0,1,0,0,0,0,0,5,0,0,0,0,54,1,0,1,1,0,8,16,0,0,0,3,2,2,0,0,0,1,1,0,0,23,0,0,0,0,0,0,0,0,0,0,3,21,0,13,0,0,0,0,0,0,0,0,0,0,0,0,0,0,0,0,0,0,0,0,0,0,0,0,0,0,0,0,0,1,0,0,0,0,3,0,0,0,0,0,0,0,0,3,0,0,2,0,0,0,0,0,0,0,0,0,0,0,0,0,0,0,0,0,0,0,0,1,0,0,0,0,0,0,0,0,0,0,0,0,0,0,0,0,0,0,0,0,0,0,0,0,0,0,0,0,0,0,0,0,0,0
0d187b01e0fda2e2b35bbb8f5e1840b2,3.6,97,132,1651,116,59,51,28,648,462,535,2,15,66,7,386,3,32,0,1,48,24,1,13,1,12,2,4,1,0,231,40,112,1,231,9,5,6,9,10,0,1,24,2,25,1,0,1,4,16,7,1,0,0,0,4,12,0,0,0,0,1,0,0,1884,25,65,43,8,0,0,18,0,0,4,0,6,0,8,2,0,485,2363,2333,0,21,0,0,0,0,20,0,9,105,12,5,13,2,0,2,1,28,2,8,8,11,0,0,0,0,0,0,10,8,0,0,5,76,0,0,135,0,15,0,0,2,0,0,6,6,7,0,0,0,0,0,8,12,4,0,0,1,0,0,0,0,0,5,0,0,0,0,107,0,0,0,0,0,7,19,0,0,0,4,2,2,1,0,0,0,0,0,0,23,0,0,0,4,0,0,2,0,0,0,12,2,0,13,0,0,0,0,0,0,0,0,0,0,0,0,0,0,0,0,0,0,0,0,0,0,0,0,0,0,0,0,0,0,0,0,0,0,4,0,0,0,0,0,0,0,0,4,4,0,2,0,0,0,0,0,0,0,0,0,0,0,0,0,0,0,0,0,0,0,0,0,0,0,0,0,0,0,0,0,0,0,0,0,0,0,0,0,0,0,0,0,0,0,0,0,0,0,0,0,0,0,0,0,0,0
0d006431f207c9242aab605da99e6210,5.0,98,832,3791,238,75,78,504,1327,2761,1078,10,14,116,12,1535,32,81,0,2,126,747,1,43,2,9,13,8,2,65,294,94,373,40,638,56,5,5,11,6,2,41,27,3,32,47,0,2,6,14,7,2,0,0,0,2,26,0,0,0,0,1,0,1,1614,173,67,315,6,0,0,8,0,0,5,0,965,630,8,3,824,3310,2045,1983,0,24,1,2,2,6,160,20,18,114,9,8,47,125,1,2,58,272,2,21,47,55,0,3,1,11,9,6,17,16,2,1,44,83,3,0,135,2,18,0,0,2,0,0,6,6,5,9,3,0,0,3,8,12,6,0,0,1,0,0,0,0,0,5,0,0,0,0,107,0,0,1,1,0,4,10,0,0,0,1,2,2,0,0,0,1,0,0,0,27,0,0,0,0,0,0,0,0,0,0,3,21,0,13,0,0,0,0,0,0,0,0,0,0,0,0,0,0,0,0,0,0,0,0,0,0,0,0,0,0,0,0,0,0,0,0,0,0,1,2,0,0,0,0,0,0,0,1,0,0,2,0,0,0,0,0,0,0,0,0,0,0,0,0,0,1,0,0,0,0,0,0,0,0,0,0,0,0,0,0,0,0,0,0,0,0,0,0,0,0,0,0,0,0,0,0,0,0,0,0,0,0,0,0,0,0
0d50541eac7633ee1e4e12b3ee709de8,6.0,220,159,2547,229,80,96,468,1382,2789,1147,6,19,152,10,3801,32,81,0,1,107,1124,1,36,1,2361,18,5,1,65,281,118,352,33,472,37,4,12,10,16,2,38,24,5,33,40,0,1,5,2365,13,3,0,0,0,2,27,0,0,0,0,1,0,1,3734,231,93,89,6,0,0,18,0,0,2,0,815,531,8,4,851,1834,2638,2399,11,53,0,1,1,4,220,10,56,275,56,8,58,127,0,1,57,264,2,20,43,51,0,2,0,10,1,0,11,8,0,0,48,91,2,0,135,2,23,0,0,2,0,0,6,6,7,9,3,0,0,3,8,12,5,0,0,1,0,0,0,0,0,5,0,0,0,0,107,1,0,1,1,0,10,23,0,0,0,13,2,2,1,0,0,1,1,0,0,24,0,0,0,4,0,0,2,0,0,0,36,21,0,13,0,0,0,0,0,0,0,0,0,0,0,0,0,0,0,3,0,0,0,0,0,0,0,0,0,0,0,0,0,0,0,0,0,0,13,2,0,0,0,0,0,0,0,22,14,0,2,0,0,0,0,0,0,0,0,0,0,0,0,0,0,1,0,0,0,0,0,1,0,0,0,0,0,0,0,0,0,0,0,0,0,0,0,0,0,0,0,0,0,0,0,0,0,0,0,0,0,0,0,0,0,0
0d78340d086b878d5c02d493b05c3b8c,6.2,259,2260,4608,254,87,87,493,1559,2989,1285,9,28,131,13,4062,42,123,0,2,161,1105,1,39,2,1970,19,4,1,69,299,118,391,34,814,39,9,5,11,16,4,40,25,6,38,41,0,2,6,1975,13,4,0,0,0,2,39,0,0,0,0,1,0,1,2994,180,106,205,6,0,0,18,0,0,5,0,1541,1076,8,7,764,2420,6981,1238,19,82,1,3,3,7,162,28,68,324,65,8,113,129,2,4,61,265,2,35,55,63,0,3,1,11,9,5,11,8,0,0,50,94,5,0,135,0,23,0,0,2,0,0,6,7,7,9,3,0,0,9,8,12,6,0,0,1,0,0,8,0,0,5,0,0,0,0,107,3,0,1,1,0,7,17,0,0,0,13,2,2,1,0,0,1,1,0,0,25,0,0,0,4,0,0,2,0,0,0,33,21,0,13,0,0,0,0,0,0,0,0,0,0,0,0,0,0,0,3,0,0,0,0,0,690,0,0,0,0,0,0,0,0,0,0,0,0,13,0,3,0,0,0,0,0,0,20,13,0,2,0,0,0,0,0,0,0,0,0,0,0,0,0,0,1,0,0,0,0,0,1,0,0,0,0,0,0,0,0,0,0,0,0,0,0,0,0,0,0,0,0,0,0,0,0,0,0,0,0,0,0,0,0,0,0
0d91296f11bf57278f786bb0d4c60143,6.2,237,198,2631,284,80,79,465,1313,2764,1087,10,19,150,12,4264,33,70,0,2,125,737,1,36,2,2736,17,7,2,61,319,130,358,33,489,49,4,9,11,6,2,41,28,5,37,40,0,2,5,2741,7,3,0,0,0,4,26,0,0,0,0,1,0,1,2778,167,88,98,6,2,0,8,0,0,5,0,981,643,8,3,741,1779,2598,1884,2,56,1,2,2,6,155,20,19,254,10,8,33,129,2,1,68,264,2,21,42,50,0,3,1,11,7,5,17,16,2,1,39,93,3,0,135,2,23,0,0,3,1,0,6,6,6,9,3,0,0,3,8,12,5,0,0,1,0,0,0,0,0,5,0,0,0,0,107,1,0,1,1,0,8,16,0,0,0,3,2,2,0,0,0,1,1,0,0,28,0,0,0,0,0,0,0,0,0,0,3,21,0,13,0,0,0,0,0,0,0,0,0,0,0,0,0,0,0,3,0,0,0,0,0,0,0,0,0,0,0,0,0,0,0,0,0,0,3,2,0,0,0,0,0,0,0,3,0,0,2,0,0,0,0,0,0,0,0,0,0,0,0,0,0,1,0,0,0,0,0,1,0,0,0,0,0,0,0,0,0,0,0,0,0,0,0,0,0,0,0,0,0,0,0,0,0,0,0,0,0,0,0,0,0,0
0d669404abb42155c5656853409f9fd5,5.8,188,181,2530,174,80,68,456,1390,2790,1166,6,19,152,10,1990,32,84,0,1,98,711,1,35,1,523,18,4,1,67,281,118,363,39,490,37,4,8,10,17,2,38,24,5,33,46,0,1,5,527,13,3,0,0,0,2,21,0,0,0,0,1,0,1,2796,166,93,90,6,2,0,18,0,0,2,0,795,516,8,10,737,1689,1670,1566,5,59,0,1,1,5,152,9,56,243,56,8,108,129,0,1,59,269,3,22,44,52,0,2,0,10,1,0,11,8,0,0,48,91,2,0,135,0,23,0,0,2,0,0,6,6,7,9,3,0,0,3,8,12,5,0,0,1,0,0,0,0,0,5,0,0,0,0,107,1,0,1,1,0,10,23,0,0,0,21,2,2,1,0,0,1,1,0,0,24,0,0,0,4,0,0,2,0,0,0,64,21,0,13,0,0,0,0,0,0,0,0,0,0,0,0,0,0,0,3,0,0,0,0,0,0,0,0,0,0,0,0,0,0,0,0,0,0,21,0,0,0,0,0,0,0,0,33,26,0,2,0,0,0,0,0,0,0,0,0,0,0,0,0,0,1,0,0,0,0,0,1,0,0,0,0,0,0,0,0,0,0,0,0,0,0,0,0,0,0,0,0,0,0,0,0,0,0,0,0,0,0,0,0,0,0
0d905500b51b5db856ad4cd03443ca92,6.6,177,178,1834,250,75,77,471,1415,2817,1174,10,19,157,12,3664,32,90,0,2,130,778,1,41,2,2073,18,8,2,69,297,134,360,34,685,57,4,5,10,17,2,41,25,5,34,41,0,2,5,2078,15,3,0,0,0,2,25,0,0,0,0,1,0,1,3177,173,93,103,6,0,0,21,0,0,5,0,985,645,8,3,877,1514,1888,1976,0,57,1,3,3,6,157,20,66,241,57,8,43,127,2,2,68,264,2,21,48,56,0,3,1,11,9,5,17,16,2,1,49,93,3,0,135,2,23,0,0,2,0,0,6,6,7,9,3,0,0,3,8,12,5,0,0,1,0,0,0,0,0,5,0,0,0,0,107,1,0,1,1,0,10,23,0,0,0,13,2,2,1,0,0,1,1,0,0,25,0,0,0,4,0,0,2,0,0,0,37,21,0,13,0,0,0,0,0,0,0,0,0,0,0,0,0,0,0,3,0,0,0,0,0,0,0,0,0,0,0,0,0,0,0,0,0,0,13,0,0,0,0,0,0,0,0,21,15,0,2,0,0,0,0,0,0,0,0,0,0,0,0,0,0,1,0,0,0,0,0,1,0,0,0,0,0,0,0,0,0,0,0,0,0,0,0,0,0,0,0,0,0,0,0,0,0,0,0,0,0,0,0,0,0,0
0d7106304ff600671ad8b9334ba8bb50,6.4,209,146,1726,169,80,72,447,1419,2815,1170,4,20,152,9,3582,38,66,0,1,120,679,1,36,1,2113,18,4,1,65,322,120,370,34,500,37,4,6,13,10,2,38,28,6,38,41,0,1,5,2117,7,4,0,0,0,4,23,0,0,0,0,1,0,1,3047,162,95,95,14,0,0,18,0,0,4,0,773,493,8,2,690,1672,2202,1841,2,55,0,0,0,4,154,8,11,219,11,6,37,127,0,1,57,265,2,22,47,60,0,2,0,10,1,0,11,8,0,0,50,138,2,0,135,0,23,0,0,3,1,0,4,6,8,9,3,0,0,3,8,12,5,0,0,1,0,0,0,0,0,5,0,0,0,0,107,2,0,1,1,0,10,23,0,0,0,11,2,2,1,0,0,1,1,0,0,28,0,0,0,4,0,0,2,0,0,0,29,21,0,13,0,0,0,0,0,0,0,0,0,0,0,0,0,0,0,3,0,0,0,0,0,0,0,0,0,0,0,0,0,0,0,0,0,0,11,0,0,0,0,0,0,0,0,18,11,0,2,0,0,0,0,0,0,0,0,0,0,0,0,0,0,1,0,0,0,0,0,1,0,0,0,0,0,0,0,0,0,0,0,0,0,0,0,0,0,0,0,0,0,0,0,0,0,0,0,0,0,0,0,0,0,0
0d41347408e945891e7403bb8fa883aa,5.8,318,796,3051,238,78,78,564,1435,2951,1162,7,23,116,12,5573,56,113,0,1,111,912,1,28,1,3419,18,4,1,57,300,106,443,46,747,30,9,4,11,5,4,40,24,7,38,55,0,1,6,3424,5,4,0,0,0,2,41,0,0,0,0,1,0,1,3464,152,100,301,6,0,0,5,0,0,2,0,1793,1277,8,8,293,4268,5507,2068,46,85,0,0,0,9,137,12,39,357,29,8,145,135,0,4,49,296,2,49,60,68,0,3,0,10,1,0,11,8,0,0,40,95,5,0,135,0,18,0,0,3,1,0,8,7,6,9,3,0,0,15,8,12,6,0,0,1,0,0,4,0,0,5,0,0,0,0,107,4,0,1,1,0,5,10,0,0,0,5,2,2,0,0,0,1,1,0,0,24,0,0,0,0,0,0,0,0,0,0,3,21,0,13,0,0,0,0,0,0,0,0,0,0,0,0,0,0,0,0,0,0,0,0,0,0,0,0,0,0,0,0,0,0,0,0,0,0,5,0,3,0,0,0,0,0,0,5,0,0,2,0,0,0,0,0,0,0,0,0,0,0,0,0,0,1,0,0,0,0,0,1,0,0,0,0,0,0,1,0,0,0,0,0,0,0,0,0,0,0,0,0,0,0,0,0,0,0,0,0,0,0,0,0,0,0
0d3220572417d61d1fef9df67bc39b1d,5.8,163,179,2501,192,80,67,460,1389,2787,1160,6,19,152,9,1699,32,90,0,1,97,709,1,36,1,202,18,4,1,63,350,110,385,37,494,37,4,8,13,17,2,38,33,5,40,44,0,1,5,205,13,3,0,0,0,2,20,0,0,0,0,0,0,1,2871,167,92,263,6,2,0,18,0,0,1,0,767,494,8,8,750,3099,1651,1598,5,59,0,1,1,5,154,9,55,217,55,7,102,127,0,1,49,265,3,22,44,52,0,2,0,10,1,0,11,8,0,0,48,91,2,0,135,0,23,0,0,2,0,0,6,6,7,9,3,0,0,3,8,12,5,0,0,0,0,0,0,0,0,5,0,0,0,0,107,1,0,1,1,0,10,23,0,0,0,25,2,2,1,0,0,1,1,0,0,33,0,0,0,4,0,0,2,0,0,0,80,21,0,13,0,0,0,0,0,0,0,0,0,0,0,0,0,0,0,0,0,0,0,0,0,0,0,0,0,0,0,0,0,0,0,0,0,0,25,0,0,0,0,0,0,0,0,43,34,0,2,0,0,0,0,0,0,0,0,0,0,0,0,0,0,1,0,0,0,0,0,1,0,0,0,0,0,0,0,0,0,0,0,0,0,0,0,0,0,0,0,0,0,0,0,0,0,0,0,0,0,0,0,0,0,0
0da9a797c442cb14e05d120249b2de7f,3.6,97,132,1649,141,59,49,28,652,462,530,2,15,54,7,357,2,33,0,1,44,20,1,12,1,12,2,4,1,0,231,40,112,1,231,9,5,6,9,10,0,1,24,2,25,1,0,1,4,16,7,1,0,0,0,2,8,0,0,0,0,1,0,0,1966,25,65,43,8,0,0,18,0,0,4,0,6,0,8,2,4,473,3040,2532,0,21,0,0,0,0,16,0,18,114,21,5,13,2,0,2,1,28,2,8,8,11,0,0,0,0,0,0,10,8,0,0,5,76,0,0,135,0,15,0,0,2,0,0,6,6,7,0,0,0,0,0,8,12,4,0,0,1,0,0,0,0,0,5,0,0,0,0,107,0,0,0,0,0,7,19,0,0,0,4,2,2,1,0,0,0,0,0,0,23,0,0,0,4,0,0,2,0,0,0,12,2,0,13,0,0,0,0,0,0,0,0,0,0,0,0,0,0,0,0,0,0,0,0,0,0,0,0,0,0,0,0,0,0,0,0,0,0,4,0,0,0,0,0,0,0,0,4,4,0,2,0,0,0,0,0,0,0,0,0,0,0,0,0,0,0,0,0,0,0,0,0,0,0,0,0,0,0,0,0,0,0,0,0,0,0,0,0,0,0,0,0,0,0,0,0,0,0,0,0,0,0,0,0,0,0
0dac33f381e77dfcdf8886b71033a05c,6.2,318,191,2575,207,81,81,612,1409,2940,1152,7,20,139,12,4494,61,115,0,1,127,1270,1,33,1,2110,19,4,1,69,348,118,481,43,510,37,8,8,14,10,4,40,29,6,41,56,0,1,5,2115,7,4,0,0,0,4,58,0,0,0,0,1,0,1,2867,191,96,124,6,2,0,18,0,0,2,0,1979,1401,8,10,349,2668,5479,1989,55,79,0,0,0,5,180,6,42,360,31,8,121,141,0,3,59,328,2,56,70,78,0,5,0,10,1,0,11,8,0,0,50,97,5,0,135,0,23,0,0,2,0,0,8,7,7,9,3,0,0,16,8,12,5,0,0,1,0,0,4,0,0,5,0,0,0,0,107,2,0,1,1,0,7,17,0,0,0,5,2,2,1,0,0,1,1,0,0,29,0,0,0,4,0,0,2,0,0,0,3,21,0,13,0,0,0,0,0,0,0,0,0,0,0,0,0,0,0,3,0,0,0,0,0,0,0,0,0,0,0,0,0,0,0,0,0,0,5,0,3,0,0,0,0,0,0,5,1,0,2,0,0,0,0,0,0,0,0,0,0,0,0,0,0,1,0,0,0,0,0,1,0,0,0,0,0,0,0,0,0,0,0,0,0,0,0,0,0,0,0,0,0,0,0,0,0,0,0,0,0,0,0,0,0,0
0db84b1e187f90b12b5b047adbbe7175,6.6,189,202,2604,269,81,79,489,1346,2797,1113,10,19,153,12,3739,33,56,0,2,134,1137,1,39,2,2179,18,8,2,67,320,134,362,33,486,57,4,9,12,11,2,41,28,5,37,40,0,2,5,2184,9,3,0,0,0,4,30,0,0,0,0,1,0,1,2780,229,92,110,6,4,0,21,0,0,5,0,912,600,8,3,633,1593,1870,1717,0,56,1,2,2,5,219,20,19,206,10,8,33,125,2,1,68,261,2,21,48,56,0,3,1,11,7,5,17,16,2,1,49,93,3,0,135,2,23,0,0,2,0,0,6,6,7,9,3,0,0,3,8,12,5,0,0,1,0,0,0,0,0,5,0,0,0,0,107,1,0,1,1,0,10,23,0,0,0,9,2,2,1,0,0,1,1,0,0,28,0,0,0,4,0,0,2,0,0,0,19,21,0,13,0,0,0,0,0,0,0,0,0,0,0,0,0,0,0,3,0,0,0,0,0,0,0,0,0,0,0,0,0,0,0,0,0,0,9,0,0,0,0,0,0,0,0,14,7,0,2,0,0,0,0,0,0,0,0,0,0,0,0,0,0,1,0,0,0,0,0,1,0,0,0,0,0,0,0,0,0,0,0,0,0,0,0,0,0,0,0,0,0,0,0,0,0,0,0,0,0,0,0,0,0,0
0dcb1a72c4fd4991d905253952c76222,6.4,242,180,2509,226,80,67,461,1336,2784,1105,6,19,164,9,3674,32,64,0,1,98,649,1,32,1,2264,18,5,1,65,314,118,367,33,487,37,4,8,12,10,2,38,28,5,37,40,0,1,5,2268,7,3,0,0,0,2,24,0,0,0,0,1,0,1,3308,160,93,345,6,0,0,18,0,0,2,0,740,479,8,3,787,4264,2623,2214,2,55,0,0,0,9,149,8,10,251,10,7,43,129,0,1,57,271,3,20,43,51,0,2,0,10,1,0,11,8,0,0,48,91,2,0,135,0,23,0,0,3,1,0,6,6,7,9,3,0,0,3,8,12,5,0,0,1,0,0,0,0,0,5,0,0,0,0,107,1,0,1,1,0,10,23,0,0,0,13,2,2,1,0,0,1,1,0,0,28,0,0,0,4,0,0,2,0,0,0,37,21,0,13,0,0,0,0,0,0,0,0,0,0,0,0,0,0,0,3,0,0,0,0,0,0,0,0,0,0,0,0,0,0,0,0,0,0,13,0,0,0,0,0,0,0,0,21,15,0,2,0,0,0,0,0,0,0,0,0,0,0,0,0,0,1,0,0,0,0,0,1,0,0,0,0,0,0,0,0,0,0,0,0,0,0,0,0,0,0,0,0,0,0,0,0,0,0,0,0,0,0,0,0,0,0
0dcd82b1cc5172990c8c4221e7d7f758,5.8,206,192,2562,196,80,76,460,1390,2790,1163,8,19,152,11,3537,32,79,0,2,124,753,1,36,2,1994,18,4,1,69,313,116,363,35,489,38,4,9,12,16,2,38,28,5,37,42,0,2,5,1998,13,3,0,0,0,2,24,0,0,0,0,1,0,1,3348,170,93,103,6,0,0,18,0,0,5,0,964,627,8,3,769,2551,2208,2033,0,55,1,3,3,10,157,20,55,260,55,8,33,127,2,1,58,264,2,21,45,53,0,3,1,11,7,5,11,8,0,0,48,91,2,0,135,0,23,0,0,2,0,0,6,6,7,9,3,0,0,3,8,12,5,0,0,1,0,0,0,0,0,5,0,0,0,0,107,1,0,1,1,0,10,23,0,0,0,13,2,2,1,0,0,1,1,0,0,28,0,0,0,4,0,0,2,0,0,0,36,21,0,13,0,0,0,0,0,0,0,0,0,0,0,0,0,0,0,3,0,0,0,0,0,0,0,0,0,0,0,0,0,0,0,0,0,0,13,0,0,0,0,0,0,0,0,22,14,0,2,0,0,0,0,0,0,0,0,0,0,0,0,0,0,1,0,0,0,0,0,1,0,0,0,0,0,0,0,0,0,0,0,0,0,0,0,0,0,0,0,0,0,0,0,0,0,0,0,0,0,0,0,0,0,0
0dd17e08206374349a9cf453d5ccdc5e,3.6,94,132,1637,109,50,51,29,650,465,519,2,16,66,8,392,2,19,0,1,46,21,1,12,1,12,2,4,1,0,232,40,120,1,225,9,5,6,7,10,0,1,25,4,28,1,0,1,4,16,7,3,0,0,0,5,12,0,0,0,0,1,0,0,1796,25,68,40,8,0,0,18,0,0,4,0,6,0,8,2,0,323,1922,2026,0,21,0,0,0,0,20,0,5,98,8,4,17,2,0,2,1,28,2,8,8,13,0,0,0,0,0,0,10,8,0,0,5,79,0,0,135,0,15,0,0,2,0,0,4,6,9,0,0,0,0,0,8,12,4,0,0,1,0,0,0,0,0,5,0,0,0,0,107,2,0,0,0,0,7,19,0,0,0,4,2,2,1,0,0,0,0,0,0,24,0,0,0,4,0,0,2,0,0,0,12,2,0,13,0,0,0,0,0,0,0,0,0,0,0,0,0,0,0,0,0,0,0,0,0,0,0,0,0,0,0,0,0,0,0,0,0,0,4,0,0,0,0,0,0,0,0,4,4,0,2,0,0,0,0,0,0,0,0,0,0,0,0,0,0,0,0,0,0,0,0,0,0,0,0,0,0,0,0,0,0,0,0,0,0,0,0,0,0,0,0,0,0,0,0,0,0,0,0,0,0,0,0,0,0,0
0dd95a6574f77163f713f8f0ea30732f,5.8,270,179,2507,171,80,67,495,1390,2790,1166,6,19,164,9,3621,32,66,0,1,98,709,1,27,1,2149,17,4,1,59,312,118,385,37,488,30,4,8,11,17,2,38,28,5,37,44,0,1,5,2153,13,3,0,0,0,2,25,0,0,0,0,1,0,1,3596,174,92,89,6,4,0,18,0,0,2,0,783,507,8,8,834,2086,2975,2253,5,59,0,1,1,5,163,9,55,324,55,7,98,127,0,1,59,293,3,22,38,46,0,2,0,10,1,0,11,8,0,0,38,91,2,0,135,0,23,0,0,2,0,0,6,6,7,9,3,0,0,3,8,12,5,0,0,1,0,0,0,0,0,5,0,0,0,0,107,1,0,1,1,0,10,23,0,0,0,16,2,2,1,0,0,1,1,0,0,28,0,0,0,4,0,0,2,0,0,0,45,21,0,13,0,0,0,0,0,0,0,0,0,0,0,0,0,0,0,3,0,0,0,0,0,0,0,0,0,0,0,0,0,0,0,0,0,0,16,0,0,0,0,0,0,0,0,26,17,0,2,0,0,0,0,0,0,0,0,0,0,0,0,0,0,1,0,0,0,0,0,1,0,0,0,0,0,0,0,0,0,0,0,0,0,0,0,0,0,0,0,0,0,0,0,0,0,0,0,0,0,0,0,0,0,0
0dd282ddfd61f0d7b4bfb4a402cca273,5.8,210,175,2500,197,79,67,471,1385,2790,1151,6,19,151,9,3600,32,97,0,1,98,708,1,31,1,2159,17,5,1,59,312,118,371,38,492,30,4,8,11,17,2,38,28,5,37,45,0,1,5,2163,13,3,0,0,0,2,24,0,0,0,0,1,0,1,3504,168,92,88,6,4,0,18,0,0,2,0,775,502,8,8,924,1811,2177,2124,3,59,0,1,1,5,158,9,55,264,55,7,118,125,0,1,59,278,3,22,38,46,0,2,0,10,1,0,11,8,0,0,38,91,2,0,135,0,18,0,0,2,0,0,6,6,7,9,3,0,0,3,8,12,5,0,0,1,0,0,0,0,0,5,0,0,0,0,107,1,0,1,1,0,7,17,0,0,0,15,2,2,1,0,0,0,1,0,0,28,0,0,0,4,0,0,2,0,0,0,45,21,0,13,0,0,0,0,0,0,0,0,0,0,0,0,0,0,0,3,0,0,0,0,0,0,0,0,0,0,0,0,0,0,0,0,0,0,15,0,0,0,0,0,0,0,0,25,17,0,2,0,0,0,0,0,0,0,0,0,0,0,0,0,0,1,0,0,0,0,0,1,0,0,0,0,0,0,0,0,0,0,0,0,0,0,0,0,0,0,0,0,0,0,0,0,0,0,0,0,0,0,0,0,0,0
0dda157ab19c6476883f6422bbbf2df8,6.6,230,155,2508,177,80,95,441,1385,2790,1150,6,19,164,9,3336,32,74,0,1,98,703,1,34,1,1932,18,4,1,65,281,116,349,32,471,37,4,12,10,16,2,38,24,5,33,39,0,1,5,1936,13,3,0,0,0,2,24,0,0,0,0,1,0,1,3434,164,93,90,6,0,0,18,0,0,2,0,774,498,8,2,813,2124,2459,2142,2,53,0,1,1,4,153,8,55,284,55,7,33,127,0,1,57,262,2,20,43,51,0,2,0,10,1,0,11,8,0,0,48,91,2,0,135,2,23,0,0,3,1,0,6,6,7,9,3,0,0,3,8,12,5,0,0,1,0,0,0,0,0,5,0,0,0,0,107,1,0,1,1,0,10,23,0,0,0,16,2,2,1,0,0,1,1,0,0,24,0,0,0,4,0,0,2,0,0,0,45,21,0,13,0,0,0,0,0,0,0,0,0,0,0,0,0,0,0,3,0,0,0,0,0,0,0,0,0,0,0,0,0,0,0,0,0,0,16,2,0,0,0,0,0,0,0,26,17,0,2,0,0,0,0,0,0,0,0,0,0,0,0,0,0,1,0,0,0,0,0,1,0,0,0,0,0,0,0,0,0,0,0,0,0,0,0,0,0,0,0,0,0,0,0,0,0,0,0,0,0,0,0,0,0,0
0dde943d7b1f4ae3d5032941e3909a3f,5.8,236,180,2540,182,80,67,448,1386,2790,1153,6,19,164,10,3421,32,99,0,1,98,709,1,31,1,1989,18,4,1,67,315,118,362,34,488,37,4,8,12,17,2,38,28,5,37,41,0,1,5,1993,13,3,0,0,0,2,25,0,0,0,0,1,0,1,3529,165,92,91,6,4,0,18,0,0,2,0,786,510,8,10,965,1876,2627,2189,4,59,0,1,1,5,154,9,56,291,56,8,118,127,0,1,59,266,3,22,44,52,0,2,0,10,1,0,11,8,0,0,48,91,2,0,135,0,23,0,0,2,0,0,6,6,7,9,3,0,0,3,8,12,5,0,0,1,0,0,0,0,0,5,0,0,0,0,107,1,0,1,1,0,10,23,0,0,0,15,2,2,1,0,0,1,1,0,0,28,0,0,0,4,0,0,2,0,0,0,43,21,0,13,0,0,0,0,0,0,0,0,0,0,0,0,0,0,0,3,0,0,0,0,0,0,0,0,0,0,0,0,0,0,0,0,0,0,15,0,0,0,0,0,0,0,0,26,17,0,2,0,0,0,0,0,0,0,0,0,0,0,0,0,0,1,0,0,0,0,0,1,0,0,0,0,0,0,0,0,0,0,0,0,0,0,0,0,0,0,0,0,0,0,0,0,0,0,0,0,0,0,0,0,0,0
0c239f923c39f6fe9ef278dad14c0438,1.4,0,5,233,1,0,0,0,0,0,0,0,0,0,0,0,0,0,0,0,0,0,0,0,0,0,0,0,0,0,0,0,0,0,0,0,0,2,0,0,0,0,0,0,0,0,0,0,0,0,0,0,0,0,0,0,0,0,0,0,0,0,0,0,1,0,0,0,0,0,0,0,0,0,0,0,0,0,0,0,0,0,0,0,0,0,0,0,0,0,0,0,0,0,0,0,0,0,0,0,0,0,0,0,0,0,0,0,0,0,0,0,0,0,0,0,0,0,0,0,0,0,0,0,0,0,0,0,0,0,0,0,0,0,0,0,0,0,0,0,0,0,0,0,0,0,0,0,0,0,0,0,0,0,0,0,0,0,0,0,0,0,0,0,0,0,0,0,0,0,0,0,0,0,0,0,0,0,0,0,0,0,0,0,0,0,0,0,0,0,0,0,0,0,0,0,0,0,0,0,0,0,0,0,0,0,0,0,0,0,0,0,0,0,0,0,0,0,0,0,0,0,0,0,0,0,0,0,0,0,0,0,0,0,0,0,0,0,0,0,0,0,0,0,0,0,0,0,0,0,0,0,0,0,0,0,0,0,0,0,0,0,0,0,0,0,0,0,0,0,0,0,0,0,0,0,0,0,0,0,0,0,0,0,0,0,0,0,0,0
0eea719166668e339504968f86a615dd,5.8,188,163,1732,250,74,69,478,1407,2794,1169,7,14,143,10,3676,32,78,0,2,110,740,1,34,2,2184,18,5,1,65,273,92,368,38,702,38,5,5,13,16,2,38,26,5,35,45,0,2,5,2187,13,3,0,0,0,2,25,0,0,0,0,1,0,1,3298,173,83,421,6,0,0,18,0,0,2,0,936,607,8,4,809,4564,2326,2134,0,56,1,2,2,11,163,12,58,245,58,7,67,129,0,2,47,269,2,20,43,51,0,2,1,10,1,0,11,8,0,0,45,88,2,0,135,0,23,0,0,2,0,0,6,6,7,9,3,0,0,3,8,12,5,0,0,1,0,0,0,0,0,5,0,0,0,0,107,1,0,1,1,0,9,23,0,0,0,13,2,2,2,0,0,1,1,0,0,26,0,0,0,4,0,0,2,0,0,0,37,21,0,13,0,0,0,0,0,0,0,0,0,0,0,0,0,0,0,0,0,0,0,0,0,0,0,0,0,0,0,0,0,0,0,0,0,0,13,0,0,0,0,0,0,0,0,21,15,0,2,0,0,0,0,0,0,0,0,0,0,0,0,0,0,1,0,0,0,0,0,1,0,0,0,0,0,0,0,0,0,0,0,0,0,0,0,0,0,0,0,0,0,0,0,0,0,0,0,0,0,0,0,0,0,0
0eeb3d61edc1cac44e67ef966c24e213,6.4,240,182,2550,215,80,68,484,1390,2790,1166,6,19,152,9,3468,32,61,0,1,98,708,1,27,1,2020,17,4,1,59,313,118,377,35,489,30,4,8,11,17,2,38,28,5,37,42,0,1,5,2024,13,3,0,0,0,2,24,0,0,0,0,1,0,1,3449,172,93,89,6,2,0,18,0,0,2,0,775,502,8,8,950,2191,2688,2105,7,59,0,1,1,5,161,9,55,294,55,7,108,125,0,1,59,287,3,22,38,46,0,2,0,10,1,0,11,8,0,0,38,91,2,0,135,0,23,0,0,3,1,0,6,6,7,9,3,0,0,3,8,12,5,0,0,1,0,0,0,0,0,5,0,0,0,0,107,1,0,1,1,0,10,23,0,0,0,15,2,2,1,0,0,1,1,0,0,28,0,0,0,4,0,0,2,0,0,0,42,21,0,13,0,0,0,0,0,0,0,0,0,0,0,0,0,0,0,3,0,0,0,0,0,0,0,0,0,0,0,0,0,0,0,0,0,0,15,2,0,0,0,0,0,0,0,23,16,0,2,0,0,0,0,0,0,0,0,0,0,0,0,0,0,1,0,0,0,0,0,1,0,0,0,0,0,0,0,0,0,0,0,0,0,0,0,0,0,0,0,0,0,0,0,0,0,0,0,0,0,0,0,0,0,0
0eefa15dc0505978b9b0c594c2c7ec13,5.8,228,177,2500,230,79,67,445,1386,2790,1151,6,19,139,9,3439,32,67,0,1,98,708,1,35,1,2004,18,4,1,67,316,118,358,30,484,37,4,8,12,17,2,38,28,5,37,37,0,1,5,2008,13,3,0,0,0,2,24,0,0,0,0,1,0,1,3699,164,92,90,6,4,0,18,0,0,2,0,776,503,8,8,886,2104,2514,2279,4,59,0,1,1,5,153,9,55,282,55,7,108,125,0,1,59,266,4,22,44,52,0,3,0,10,1,0,11,8,0,0,48,91,2,0,135,0,23,0,0,2,0,0,6,6,7,9,3,0,0,3,8,12,5,0,0,1,0,0,0,0,0,5,0,0,0,0,107,1,0,1,1,0,7,17,0,0,0,15,2,2,1,0,0,1,1,0,0,28,0,0,0,4,0,0,2,0,0,0,45,21,0,13,0,0,0,0,0,0,0,0,0,0,0,0,0,0,0,3,0,0,0,0,0,0,0,0,0,0,0,0,0,0,0,0,0,0,15,0,0,0,0,0,0,0,0,25,17,0,2,0,0,0,0,0,0,0,0,0,0,0,0,0,0,1,0,0,0,0,0,1,0,0,0,0,0,0,0,0,0,0,0,0,0,0,0,0,0,0,0,0,0,0,0,0,0,0,0,0,0,0,0,0,0,0
0ef617ddb64502b18f0b4b91d4b62773,6.6,217,200,2600,270,81,78,583,1396,2804,1161,10,19,165,12,3360,32,83,0,2,139,1213,1,44,2,1608,18,7,2,71,321,136,406,36,493,57,4,9,12,18,2,41,28,5,37,45,0,2,5,1613,15,3,0,0,0,2,30,0,0,0,0,1,0,1,3245,252,92,107,6,4,0,21,0,0,5,0,1109,733,8,9,816,1926,2284,2033,4,62,1,3,3,7,238,23,64,279,55,8,98,127,2,1,70,302,3,23,49,57,0,3,1,13,7,5,17,16,2,1,49,93,3,0,135,2,23,0,0,2,0,0,6,6,7,9,3,0,0,3,8,12,5,0,0,1,0,0,0,0,0,5,0,0,0,0,107,1,0,1,1,0,10,23,0,0,0,16,2,2,1,0,0,1,1,0,0,28,0,0,0,4,0,0,2,0,0,0,45,21,0,13,0,0,0,0,0,0,0,0,0,0,0,0,0,0,0,3,0,0,0,0,0,0,0,0,0,0,0,0,0,0,0,0,0,0,16,0,0,0,0,0,0,0,0,24,17,0,2,0,0,0,0,0,0,0,0,0,0,0,0,0,0,1,0,0,0,0,0,1,0,0,0,0,0,0,0,0,0,0,0,0,0,0,0,0,0,0,0,0,0,0,0,0,0,0,0,0,0,0,0,0,0,0
0ef35899a47f0423c293b96baa6b2f9d,5.8,240,183,2525,162,74,68,449,1399,2806,1160,6,20,144,9,3474,32,65,0,1,98,708,1,35,1,2036,18,5,1,67,290,118,358,35,511,37,4,8,10,17,2,38,25,5,34,42,0,1,5,2040,13,3,0,0,0,2,23,0,0,0,0,1,0,1,3665,164,96,93,6,0,0,18,0,0,2,0,776,503,8,8,1028,1849,2690,1995,4,62,0,1,1,5,153,9,58,297,58,7,98,125,0,2,59,266,3,22,44,52,0,3,0,10,1,0,11,8,0,0,48,91,2,0,135,0,23,0,0,2,0,0,6,6,7,9,3,0,0,3,8,12,5,0,0,1,0,0,0,0,0,5,0,0,0,0,107,1,0,1,1,0,10,23,0,0,0,15,2,2,1,0,0,1,1,0,0,25,0,0,0,4,0,0,2,0,0,0,45,21,0,13,0,0,0,0,0,0,0,0,0,0,0,0,0,0,0,3,0,0,0,0,0,0,0,0,0,0,0,0,0,0,0,0,0,0,15,2,0,0,0,0,0,0,0,25,17,0,2,0,0,0,0,0,0,0,0,0,0,0,0,0,0,1,0,0,0,0,0,1,0,0,0,0,0,0,0,0,0,0,0,0,0,0,0,0,0,0,0,0,0,0,0,0,0,0,0,0,0,0,0,0,0,0
0efe2b774093052b486548c33fd51d02,5.8,222,784,2982,183,66,68,449,1399,2806,1152,6,20,144,9,3507,32,71,0,1,98,708,1,34,1,2070,18,4,1,67,281,118,357,36,689,37,4,4,10,17,2,38,24,5,33,43,0,1,5,2074,13,3,0,0,0,2,24,0,0,0,0,1,0,1,3637,165,96,94,6,0,0,18,0,0,2,0,776,503,8,8,899,2045,2386,2216,4,61,0,1,1,5,154,9,56,277,56,7,98,125,0,1,59,266,3,22,44,52,0,2,0,10,1,0,11,8,0,0,48,91,2,0,135,0,23,0,0,2,0,0,6,6,7,9,3,0,0,3,8,12,5,0,0,1,0,0,0,0,0,5,0,0,0,0,107,1,0,1,1,0,10,23,0,0,0,15,2,2,1,0,0,1,1,0,0,24,0,0,0,4,0,0,2,0,0,0,43,21,0,13,0,0,0,0,0,0,0,0,0,0,0,0,0,0,0,3,0,0,0,0,0,0,0,0,0,0,0,0,0,0,0,0,0,0,15,0,0,0,0,0,0,0,0,25,17,0,2,0,0,0,0,0,0,0,0,0,0,0,0,0,0,1,0,0,0,0,0,1,0,0,0,0,0,0,0,0,0,0,0,0,0,0,0,0,0,0,0,0,0,0,0,0,0,0,0,0,0,0,0,0,0,0
0efe37e4ce76e481b8f0cfc322f524fb,6.0,250,173,17131,326,79,12328,492,1327,2772,1095,10,20,206,12,4688,32,79,0,3,137,767,16,44,2,3060,82,10,2,69,325,128,384,34,892,56,4,5,14,6,2,41,29,5,54,41,0,3,5,3069,7,5,0,0,0,2,27,0,0,0,0,1,0,1,3199,173,91,96,6,0,0,8,0,0,5,0,1024,668,8,3,605,2026,2967,2287,17,59,1,2,2,6,159,20,22,266,13,8,62,129,2,1,72,285,2,23,49,58,1,3,1,11,7,5,17,24,2,1,49,103,3,0,135,2,23,0,0,3,1,0,6,6,6,9,3,0,1,3,8,12,5,0,0,1,0,0,0,0,0,5,0,0,0,0,107,1,0,1,1,0,8,16,0,0,0,3,2,2,0,0,0,1,1,0,0,29,0,0,0,0,0,0,0,0,0,0,3,23,0,13,0,0,0,0,0,0,0,0,0,0,0,0,0,0,0,3,0,0,0,0,0,0,0,0,0,0,0,0,0,0,0,0,0,0,3,0,0,0,0,0,0,0,0,3,0,0,2,0,0,0,0,0,0,0,0,0,0,0,0,0,0,2,0,0,0,0,0,1,0,0,0,0,0,0,0,0,0,0,0,0,0,0,0,0,0,0,0,0,0,0,0,0,0,0,0,0,0,0,0,0,0,0
0f0e2628a550f01d6ce265e5a30b43b1,4.8,98,179,2466,188,128,69,129,1079,2561,896,6,14,190,9,612,20,139,0,1,59,23,1,22,1,13,5,5,1,38,331,66,203,10,406,18,5,8,11,10,2,25,33,4,39,9,0,1,6,17,7,3,0,0,0,2,11,0,0,0,0,1,0,0,2092,49,78,55,0,5,0,31,1,1,2,0,4,0,8,2,0,504,1460,1468,0,21,0,0,0,2,37,0,6,103,9,5,23,113,0,1,25,141,2,10,18,28,0,1,0,0,0,0,11,8,0,0,5,62,0,0,135,0,23,0,0,2,0,0,6,6,9,3,1,0,0,0,12,12,6,0,0,1,0,0,0,0,0,5,0,0,0,0,107,0,0,1,1,0,12,23,0,0,0,13,2,2,3,0,0,0,1,25,0,33,0,2,0,9,1,24,2,0,0,0,31,21,0,55,1,1,1,2,2,2,0,0,0,0,0,0,0,0,0,0,0,0,0,0,0,0,0,0,0,0,0,0,0,0,0,0,0,0,13,0,0,0,0,0,0,0,0,13,12,0,2,0,0,0,0,0,0,0,0,0,0,0,0,0,0,0,0,0,0,0,0,0,0,0,0,0,0,0,0,0,0,0,0,0,0,0,0,0,0,0,0,0,0,0,0,0,0,0,0,0,0,0,0,0,0,0
0f0f8f1b5e0e917c3ccb128cedefda1e,4.8,140,173,2498,177,78,68,436,1229,2681,1006,6,19,124,9,2902,33,87,0,1,72,271,1,34,1,1561,18,4,1,65,311,104,363,35,486,36,4,8,12,5,2,38,28,5,37,42,0,1,5,1565,5,3,0,0,0,4,20,0,0,0,0,1,0,1,1997,90,87,83,6,2,0,5,0,0,2,0,796,503,8,2,458,900,1197,1140,0,53,0,0,0,4,78,1,10,149,10,7,33,129,0,1,57,264,2,20,43,51,0,2,0,10,1,0,11,8,0,0,48,91,2,0,135,0,23,0,0,2,0,0,6,6,6,7,3,0,0,3,8,12,5,0,0,1,0,0,0,0,0,5,0,0,0,0,107,1,0,1,1,0,5,10,0,0,0,3,2,2,0,0,0,1,1,0,0,28,0,0,0,0,0,0,0,0,0,0,3,21,0,13,0,0,0,0,0,0,0,0,0,0,0,0,0,0,0,3,0,0,0,0,0,0,0,0,0,0,0,0,0,0,0,0,0,0,3,0,0,0,0,0,0,0,0,3,0,0,2,0,0,0,0,0,0,0,0,0,0,0,0,0,0,1,0,0,0,0,0,1,0,0,0,0,0,0,0,0,0,0,0,0,0,0,0,0,0,0,0,0,0,0,0,0,0,0,0,0,0,0,0,0,0,0
0f1e3ee7a5717855dd04698cf6957d15,4.6,116,168,2391,168,78,65,378,1006,2463,782,6,19,124,9,2321,23,77,0,1,53,156,1,32,1,1201,18,4,1,62,308,90,359,36,484,34,4,8,12,5,2,30,28,5,37,41,0,1,5,1205,5,3,0,0,0,4,13,0,0,0,0,1,0,0,1745,92,87,79,6,2,0,5,0,0,2,0,468,295,8,2,341,896,806,822,1,53,0,0,0,3,76,0,5,120,7,5,23,130,0,1,43,254,2,12,33,43,0,2,0,6,0,0,11,8,0,0,32,89,0,0,135,0,23,0,0,2,0,0,6,6,6,3,1,0,0,1,8,12,5,0,0,1,0,0,0,0,0,5,0,0,0,0,107,1,0,1,1,0,5,10,0,0,0,3,2,2,0,0,0,1,1,0,0,28,0,0,0,0,0,0,0,0,0,0,3,21,0,13,0,0,0,0,0,0,0,0,0,0,0,0,0,0,0,3,0,0,0,0,0,0,0,0,0,0,0,0,0,0,0,0,0,0,3,0,0,0,0,0,0,0,0,3,0,0,2,0,0,0,0,0,0,0,0,0,0,0,0,0,0,0,0,0,0,0,0,1,0,0,0,0,0,0,0,0,0,0,0,0,0,0,0,0,0,0,0,0,0,0,0,0,0,0,0,0,0,0,0,0,0,0
0e4c5105dc4bcb65c19d53eaca34bae2,4.8,213,2563,5787,207,74,78,517,1326,2774,1091,9,19,130,12,3574,33,80,0,2,122,715,1,37,2,2033,17,7,2,61,292,130,390,46,695,34,4,5,9,5,2,41,25,5,34,53,0,2,5,2037,5,3,0,0,0,4,24,0,0,0,0,1,0,1,2346,174,88,98,6,0,0,6,0,0,5,0,937,618,8,3,624,1562,2290,1443,0,57,1,2,2,6,164,20,23,234,14,8,33,129,2,2,65,289,2,21,39,47,0,3,1,11,7,5,17,16,2,1,38,91,2,0,135,0,23,0,0,2,0,0,6,6,6,9,3,0,0,3,8,12,5,0,0,1,0,0,0,0,0,5,0,0,0,0,107,1,0,1,1,0,8,16,0,0,0,3,2,2,0,0,0,1,1,0,0,25,0,0,0,0,0,0,0,0,0,0,3,21,0,13,0,0,0,0,0,0,0,0,0,0,0,0,0,0,0,3,0,0,0,0,0,0,0,0,0,0,0,0,0,0,0,0,0,0,3,0,0,0,0,0,0,0,0,3,0,0,2,0,0,0,0,0,0,0,0,0,0,0,0,0,0,1,0,0,0,0,0,1,0,0,0,0,0,0,0,0,0,0,0,0,0,0,0,0,0,0,0,0,0,0,0,0,0,0,0,0,0,0,0,0,0,0
0e4e3ca581fc101f500bc0a403646628,7.2,201,2385,4768,257,75,77,471,1358,2811,1119,10,19,145,12,4770,32,70,0,2,130,734,1,41,2,3210,18,8,2,69,295,134,357,33,684,57,4,5,10,11,2,41,25,5,34,40,0,2,5,3215,9,3,0,0,0,3,28,0,0,0,0,1,0,1,3403,167,93,104,6,0,0,21,0,0,5,0,969,635,8,3,997,1897,2345,2121,3,57,1,2,2,6,153,20,22,221,13,8,43,125,2,2,68,262,3,21,48,56,0,3,1,11,7,5,17,16,2,1,49,93,3,0,135,2,23,0,0,3,1,0,6,6,7,9,3,0,0,3,8,12,5,0,0,1,0,0,0,0,0,5,0,0,0,0,107,1,0,1,1,0,10,23,0,0,0,9,2,2,1,0,0,1,1,0,0,25,0,0,0,4,0,0,2,0,0,0,22,21,0,13,0,0,0,0,0,0,0,0,0,0,0,0,0,0,0,3,0,0,0,0,0,0,0,0,0,0,0,0,0,0,0,0,0,0,9,0,0,0,0,0,0,0,0,14,8,0,2,0,0,0,0,0,0,0,0,0,0,0,0,0,0,1,0,0,0,0,0,1,0,0,0,0,0,0,0,0,0,0,0,0,0,0,0,0,0,0,0,0,0,0,0,0,0,0,0,0,0,0,0,0,0,0
0e7bb81355da7467cfadcc4bed02a87a,4.2,128,2032,4816,234,73,67,210,1023,2477,802,6,19,141,9,1799,27,69,0,1,56,151,1,39,1,847,18,4,1,62,282,90,262,19,664,34,4,4,10,5,2,30,25,5,34,22,0,1,5,851,5,3,0,0,0,5,12,0,0,0,0,1,0,0,1582,66,88,75,6,0,0,5,0,0,2,0,421,269,8,2,246,864,990,418,0,54,0,0,0,7,51,0,7,134,9,5,23,121,0,2,43,181,2,12,33,47,0,2,0,6,0,0,11,8,0,0,32,89,0,0,135,0,23,0,0,2,0,0,6,6,6,3,1,0,0,1,8,12,5,0,0,1,0,0,0,0,0,5,0,0,0,0,107,1,0,1,1,0,8,16,0,0,0,3,2,2,0,0,0,1,1,0,0,25,0,0,0,0,0,0,0,0,0,0,3,21,0,13,0,0,0,0,0,0,0,0,0,0,0,0,0,0,0,3,0,0,0,0,0,628,0,0,0,0,0,0,0,0,0,0,0,0,3,0,0,0,0,0,0,0,0,3,0,0,2,0,0,0,0,0,0,0,0,0,0,0,0,0,0,0,0,0,0,0,0,1,0,0,0,0,0,0,0,0,0,0,0,0,0,0,0,0,0,0,0,0,0,0,0,0,0,0,0,0,0,0,0,0,0,0
0e8eb89f94863825e5c801b753aaa8e4,5.2,97,159,1706,246,127,69,139,1051,2500,872,6,13,185,8,2026,21,71,0,1,60,24,1,21,1,1395,4,5,1,38,334,60,204,11,611,17,5,4,10,10,2,25,35,4,41,10,0,1,6,1399,7,3,0,0,0,4,15,0,0,0,0,1,0,0,2205,49,73,47,0,2,0,32,2,2,2,0,11,6,8,2,500,596,477,96,0,18,0,0,0,2,43,0,3,99,6,5,31,113,0,2,25,141,2,10,17,27,0,1,0,0,0,0,11,8,0,0,4,61,0,0,135,0,23,0,0,2,0,0,6,6,8,3,1,0,0,0,11,12,6,0,0,1,0,0,0,0,0,5,0,0,0,0,107,0,0,1,1,0,11,23,0,0,0,5,2,2,2,0,0,0,0,16,0,35,0,2,0,6,2,8,2,0,0,0,9,21,0,55,1,1,1,1,1,1,1,1,1,0,0,0,0,0,0,0,0,0,0,0,0,0,0,0,0,0,0,0,0,0,0,0,0,0,5,0,0,0,0,0,0,0,0,5,3,0,2,0,0,0,0,0,0,0,0,0,0,0,0,0,0,0,0,0,0,0,0,0,0,0,0,0,0,0,0,0,0,0,0,0,0,0,0,0,0,0,0,0,0,0,0,0,0,0,0,0,0,0,0,0,0,0
0e9b25d18de02483e5f07aab76e44b50,4.2,104,777,2933,185,64,66,191,1020,2477,792,6,19,116,9,1438,27,78,0,1,56,101,1,28,1,611,17,4,1,54,273,90,243,17,653,27,4,4,9,5,2,30,24,5,33,18,0,1,5,615,5,3,0,0,0,4,13,0,0,0,0,1,0,0,1499,63,88,73,6,0,0,5,0,0,2,0,231,151,8,2,169,1130,635,445,21,53,0,0,0,3,49,0,5,108,7,5,54,121,0,1,43,175,2,12,27,41,0,2,0,2,0,0,11,8,0,0,22,89,0,0,135,0,23,0,0,2,0,0,6,6,6,3,1,0,0,1,8,12,5,0,0,1,0,0,0,0,0,5,0,0,0,0,107,1,0,1,1,0,5,10,0,0,0,3,2,2,0,0,0,1,1,0,0,24,0,0,0,0,0,0,0,0,0,0,3,21,0,13,0,0,0,0,0,0,0,0,0,0,0,0,0,0,0,3,0,0,0,0,0,0,0,0,0,0,0,0,0,0,0,0,0,0,3,0,0,0,0,0,0,0,0,3,0,0,2,0,0,0,0,0,0,0,0,0,0,0,0,0,0,0,0,0,0,0,0,1,0,0,0,0,0,0,0,0,0,0,0,0,0,0,0,0,0,0,0,0,0,0,0,0,0,0,0,0,0,0,0,0,0,0
0e15c078643c917f04853cfbf3d8bfbe,4.2,128,171,2441,176,79,66,177,1009,2463,795,6,19,149,9,1315,23,78,0,1,53,99,1,29,1,487,18,4,1,62,273,90,246,17,464,34,4,8,10,5,2,30,24,5,33,16,0,1,5,491,5,3,0,0,0,5,12,0,0,0,0,1,0,0,1350,60,88,75,6,2,0,5,0,0,2,0,216,141,8,2,169,854,834,342,0,53,0,0,0,3,47,0,5,132,7,5,23,119,0,1,43,171,2,12,33,43,0,2,0,2,0,0,11,8,0,0,32,89,0,0,135,0,23,0,0,2,0,0,6,6,6,3,1,0,0,1,8,12,5,0,0,1,0,0,0,0,0,5,0,0,0,0,107,1,0,1,1,0,8,16,0,0,0,3,2,2,0,0,0,1,1,0,0,24,0,0,0,0,0,0,0,0,0,0,3,21,0,13,0,0,0,0,0,0,0,0,0,0,0,0,0,0,0,3,0,0,0,0,0,0,0,0,0,0,0,0,0,0,0,0,0,0,3,0,0,0,0,0,0,0,0,3,0,0,2,0,0,0,0,0,0,0,0,0,0,0,0,0,0,0,0,0,0,0,0,1,0,0,0,0,0,0,0,0,0,0,0,0,0,0,0,0,0,0,0,0,0,0,0,0,0,0,0,0,0,0,0,0,0,0
0e35e1d07d0afd197fd614267cd124cd,4.2,128,166,2408,167,79,66,182,1009,2463,795,6,19,149,9,1453,23,92,0,1,53,100,1,30,1,613,18,4,1,62,316,90,258,17,458,34,4,8,13,5,2,30,29,5,38,16,0,1,5,617,5,3,0,0,0,5,12,0,0,0,0,1,0,0,1372,62,87,77,6,4,0,5,0,0,2,0,226,148,8,2,200,820,876,431,1,53,0,0,0,3,47,0,5,132,7,5,23,121,0,1,43,172,2,12,33,43,0,2,0,2,0,0,11,8,0,0,32,89,0,0,135,0,23,0,0,2,0,0,6,6,6,3,1,0,0,1,8,12,5,0,0,1,0,0,0,0,0,5,0,0,0,0,107,1,0,1,1,0,8,16,0,0,0,3,2,2,0,0,0,1,1,0,0,29,0,0,0,0,0,0,0,0,0,0,3,21,0,13,0,0,0,0,0,0,0,0,0,0,0,0,0,0,0,3,0,0,0,0,0,0,0,0,0,0,0,0,0,0,0,0,0,0,3,0,0,0,0,0,0,0,0,3,0,0,2,0,0,0,0,0,0,0,0,0,0,0,0,0,0,0,0,0,0,0,0,1,0,0,0,0,0,0,0,0,0,0,0,0,0,0,0,0,0,0,0,0,0,0,0,0,0,0,0,0,0,0,0,0,0,0
0e54f16c3b9d7e0443b91a7e74d20514,3.4,98,143,1694,204,117,69,204,1002,2461,818,6,14,154,8,879,23,151,0,1,54,118,1,34,1,11,14,4,1,62,347,70,261,18,632,35,5,4,13,5,2,30,33,4,39,21,0,1,6,15,5,3,0,0,0,5,13,0,0,0,0,1,0,0,1242,63,73,57,6,5,0,5,1,1,2,0,272,176,8,2,245,1197,335,54,0,16,0,0,0,3,50,0,5,102,7,5,29,117,0,1,43,180,3,12,33,42,0,2,0,2,0,0,11,8,0,0,27,62,0,0,135,0,23,0,0,2,0,0,6,6,7,3,1,0,0,1,10,12,6,0,0,1,0,0,0,0,0,5,0,0,0,0,107,0,0,1,1,0,5,10,0,0,0,2,2,2,1,0,0,1,1,16,0,33,0,1,0,1,1,8,0,0,0,0,3,21,0,55,1,1,1,1,1,1,0,0,0,0,0,0,0,0,0,3,0,0,0,0,0,0,0,0,0,0,0,0,0,0,0,0,0,0,2,0,0,0,0,0,0,0,0,2,0,0,2,0,0,0,0,0,0,0,0,0,0,0,0,0,0,0,0,0,0,0,0,0,0,0,0,0,0,0,0,0,0,0,0,0,0,0,0,0,0,0,0,0,0,0,0,0,0,0,0,0,0,0,0,0,0,0
0e78ec2bd4745bb60161bd76de76722d,4.2,128,172,2472,157,79,66,182,1010,2465,795,6,20,149,9,1317,23,57,0,1,53,100,1,29,1,475,18,4,1,62,309,90,257,17,477,34,4,8,12,5,2,30,28,5,37,16,0,1,5,479,5,3,0,0,0,5,12,0,0,0,0,1,0,0,1367,62,90,80,6,2,0,5,0,0,2,0,226,148,8,2,200,792,843,418,0,55,0,0,0,3,47,0,6,133,8,5,23,121,0,1,43,172,2,12,33,43,0,2,0,2,0,0,11,8,0,0,32,89,0,0,135,0,23,0,0,2,0,0,6,6,6,3,1,0,0,1,8,12,5,0,0,1,0,0,0,0,0,5,0,0,0,0,107,1,0,1,1,0,8,16,0,0,0,3,2,2,0,0,0,1,1,0,0,28,0,0,0,0,0,0,0,0,0,0,3,21,0,13,0,0,0,0,0,0,0,0,0,0,0,0,0,0,0,3,0,0,0,0,0,0,0,0,0,0,0,0,0,0,0,0,0,0,3,0,0,0,0,0,0,0,0,3,0,0,2,0,0,0,0,0,0,0,0,0,0,0,0,0,0,0,0,0,0,0,0,1,0,0,0,0,0,0,0,0,0,0,0,0,0,0,0,0,0,0,0,0,0,0,0,0,0,0,0,0,0,0,0,0,0,0
0e79cb6ccdc5d89ddf993860c86a1993,4.8,116,1977,4146,200,65,68,461,1024,2477,791,6,19,141,9,2628,24,102,0,1,59,853,1,29,1,1370,17,4,1,55,274,95,362,43,681,27,4,4,9,5,2,33,24,5,33,50,0,1,5,1374,5,3,0,0,0,5,20,0,0,0,0,1,0,1,1898,95,88,82,6,0,0,5,0,0,2,0,735,465,8,2,468,846,836,982,0,53,0,0,0,4,83,0,5,120,7,5,23,133,0,1,50,270,2,13,31,40,0,2,0,10,0,0,11,8,0,0,22,89,0,0,135,0,23,0,0,2,0,0,6,6,6,6,1,0,0,1,8,12,5,0,0,1,0,0,0,0,0,5,0,0,0,0,107,1,0,1,1,0,8,16,0,0,0,3,2,2,0,0,0,1,1,0,0,24,0,0,0,0,0,0,0,0,0,0,3,21,0,13,0,0,0,0,0,0,0,0,0,0,0,0,0,0,0,3,0,0,0,0,0,0,0,0,0,0,0,0,0,0,0,0,0,0,3,0,0,0,0,0,0,0,0,3,0,0,2,0,0,0,0,0,0,0,0,0,0,0,0,0,0,0,0,0,0,0,0,1,0,0,0,0,0,0,0,0,0,0,0,0,0,0,0,0,0,0,0,0,0,0,0,0,0,0,0,0,0,0,0,0,0,0
0e81f2b162424eec005a1e424f3b5e09,5.6,165,199,2636,270,79,80,465,1313,2764,1085,10,19,125,12,3742,33,63,0,2,122,736,1,37,2,2226,17,7,2,61,319,130,358,33,489,49,4,9,11,6,2,41,28,5,37,40,0,2,5,2231,7,3,0,0,0,5,25,0,0,0,0,1,0,1,2459,168,88,98,6,2,0,8,0,0,5,0,973,638,8,3,691,1596,1652,1496,0,56,1,2,2,6,154,20,19,182,10,8,33,127,2,1,68,264,2,21,42,50,0,3,1,11,7,5,17,16,2,1,39,93,3,0,135,2,23,0,0,2,0,0,6,6,6,9,3,0,0,3,8,12,5,0,0,1,0,0,0,0,0,5,0,0,0,0,107,1,0,1,1,0,5,10,0,0,0,3,2,2,0,0,0,1,1,0,0,28,0,0,0,0,0,0,0,0,0,0,3,21,0,13,0,0,0,0,0,0,0,0,0,0,0,0,0,0,0,3,0,0,0,0,0,0,0,0,0,0,0,0,0,0,0,0,0,0,3,2,0,0,0,0,0,0,0,3,0,0,2,0,0,0,0,0,0,0,0,0,0,0,0,0,0,1,0,0,0,0,0,1,0,0,0,0,0,0,0,0,0,0,0,0,0,0,0,0,0,0,0,0,0,0,0,0,0,0,0,0,0,0,0,0,0,0
0e83c910374cb2c2635cddbfcff4a3e0,7.2,289,178,1836,250,75,78,469,1406,2817,1166,10,19,145,12,3587,32,95,0,2,130,776,1,35,2,1999,17,7,2,63,293,136,353,35,686,50,4,5,9,18,2,41,25,5,34,42,0,2,5,2004,15,3,0,0,0,2,27,0,0,0,0,1,0,1,3638,172,93,125,6,0,0,21,0,0,5,0,982,648,8,10,931,2720,3481,2179,7,63,1,3,3,17,158,21,68,355,59,8,98,125,2,2,70,264,3,23,43,51,0,3,1,11,7,5,17,16,2,1,39,93,3,0,135,2,23,0,0,3,1,0,6,6,7,9,3,0,0,3,8,12,5,0,0,1,0,0,0,0,0,5,0,0,0,0,107,1,0,1,1,0,10,23,0,0,0,18,2,2,1,0,0,1,1,0,0,25,0,0,0,4,0,0,2,0,0,0,52,21,0,13,0,0,0,0,0,0,0,0,0,0,0,0,0,0,0,3,0,0,0,0,0,0,0,0,0,0,0,0,0,0,0,0,0,0,18,0,0,0,0,0,0,0,0,28,20,0,2,0,0,0,0,0,0,0,0,0,0,0,0,0,0,1,0,0,0,0,0,1,0,0,0,0,0,0,0,0,0,0,0,0,0,0,0,0,0,0,0,0,0,0,0,0,0,0,0,0,0,0,0,0,0,0
0e94af3150ea9a27a3b42b04c47ec2e1,5.6,225,193,2566,220,80,76,466,1311,2764,1076,10,19,138,12,5005,32,62,0,2,121,735,1,38,2,3512,17,7,2,61,318,130,358,35,488,49,4,9,11,6,2,41,28,5,37,42,0,2,5,3517,7,3,0,0,0,3,26,0,0,0,0,1,0,1,3196,168,87,98,6,4,0,8,0,0,5,0,974,639,8,3,800,1511,2511,2238,1,56,1,2,2,6,154,20,19,242,10,8,43,127,2,1,68,262,2,21,42,50,0,3,1,11,7,5,17,16,2,1,39,93,3,0,135,2,23,0,0,2,0,0,6,6,6,9,3,0,0,3,8,12,5,0,0,1,0,0,0,0,0,5,0,0,0,0,107,1,0,1,1,0,8,16,0,0,0,3,2,2,0,0,0,1,1,0,0,28,0,0,0,0,0,0,0,0,0,0,3,21,0,13,0,0,0,0,0,0,0,0,0,0,0,0,0,0,0,3,0,0,0,0,0,0,0,0,0,0,0,0,0,0,0,0,0,0,3,0,0,0,0,0,0,0,0,3,0,0,2,0,0,0,0,0,0,0,0,0,0,0,0,0,0,1,0,0,0,0,0,1,0,0,0,0,0,0,0,0,0,0,0,0,0,0,0,0,0,0,0,0,0,0,0,0,0,0,0,0,0,0,0,0,0,0
0e99f919112392daef32572e72af642a,6.6,268,210,2613,229,81,84,478,1351,2797,1114,12,19,153,14,4656,32,70,0,3,152,769,1,44,3,3062,18,7,2,67,358,128,373,32,491,58,4,10,13,11,2,41,33,5,40,39,0,3,5,3066,9,3,0,0,0,2,26,0,0,0,0,1,0,1,2962,168,92,444,6,2,0,21,0,0,5,0,1065,698,8,4,691,4527,2969,2154,0,57,2,3,3,7,152,22,19,285,10,8,47,129,2,1,58,252,2,21,49,57,0,3,2,12,9,5,17,16,2,1,49,93,3,0,135,2,23,0,0,2,0,0,6,6,7,9,3,0,0,3,8,12,5,0,0,1,0,0,0,0,0,5,0,0,0,0,107,1,0,1,1,0,10,23,0,0,0,4,2,2,1,0,0,1,1,0,0,33,0,0,0,4,0,0,2,0,0,0,3,21,0,13,0,0,0,0,0,0,0,0,0,0,0,0,0,0,0,0,0,0,0,0,0,0,0,0,0,0,0,0,0,0,0,0,0,0,4,0,0,0,0,0,0,0,0,4,1,0,2,0,0,0,0,0,0,0,0,0,0,0,0,0,0,1,0,0,0,0,0,1,0,0,0,0,0,0,0,0,0,0,0,0,0,0,0,0,0,0,0,0,0,0,0,0,0,0,0,0,0,0,0,0,0,0
0e354f2a40978109474fac54eeb38bb5,6.6,255,805,3082,258,66,78,454,1359,2811,1110,10,19,144,12,4739,32,114,0,2,130,715,1,41,2,3242,18,8,2,69,287,136,345,32,674,57,4,5,10,11,2,41,24,5,33,39,0,2,5,3247,9,3,0,0,0,3,28,0,0,0,0,1,0,1,2952,164,93,520,6,0,0,21,0,0,5,0,931,615,8,3,852,5786,2671,2221,1,56,1,2,2,6,150,20,19,272,10,8,43,125,2,1,68,253,3,21,48,56,0,3,1,11,7,5,17,16,2,1,49,93,3,0,135,2,23,0,0,2,0,0,6,6,7,9,3,0,0,3,8,12,5,0,0,1,0,0,0,0,0,5,0,0,0,0,107,1,0,1,1,0,7,17,0,0,0,3,2,2,1,0,0,1,1,0,0,24,0,0,0,4,0,0,2,0,0,0,3,21,0,13,0,0,0,0,0,0,0,0,0,0,0,0,0,0,0,3,0,0,0,0,0,0,0,0,0,0,0,0,0,0,0,0,0,0,3,0,0,0,0,0,0,0,0,3,1,0,2,0,0,0,0,0,0,0,0,0,0,0,0,0,0,1,0,0,0,0,0,1,0,0,0,0,0,0,0,0,0,0,0,0,0,0,0,0,0,0,0,0,0,0,0,0,0,0,0,0,0,0,0,0,0,0
0e414ecb2f8454c4e434a290d49d4949,5.8,250,184,2591,178,79,66,485,1386,2790,1150,6,19,139,10,3551,32,93,0,1,98,704,1,27,1,2113,17,4,1,57,311,116,381,40,491,30,4,8,11,16,2,38,28,5,37,47,0,1,5,2117,13,3,0,0,0,2,27,0,0,0,0,1,0,1,3511,172,92,88,6,2,0,18,0,0,2,0,777,501,8,4,821,1590,2936,2069,0,53,0,1,1,4,161,8,56,305,56,8,43,127,0,1,57,285,2,20,37,45,0,2,0,10,1,0,11,8,0,0,38,91,2,0,135,0,23,0,0,2,0,0,6,6,7,9,3,0,0,3,8,12,5,0,0,1,0,0,0,0,0,5,0,0,0,0,107,1,0,1,1,0,7,17,0,0,0,36,2,2,1,0,0,1,1,0,0,28,0,0,0,4,0,0,2,0,0,0,84,21,0,13,0,0,0,0,0,0,0,0,0,0,0,0,0,0,0,3,0,0,0,0,0,0,0,0,0,0,0,0,0,0,0,0,0,0,36,0,0,0,0,0,0,0,0,44,14,0,2,0,0,0,0,0,0,0,0,0,0,0,0,0,0,1,0,0,0,0,0,1,0,0,0,0,0,0,0,0,0,0,0,0,0,0,0,0,0,0,0,0,0,0,0,0,0,0,0,0,0,0,0,0,0,0
04b3194bce294556586c87b627ccdae3,3.6,13,36,149,61,9,15,12,11,9,15,6,1,6,4,145,7,15,0,0,15,22,0,1,0,0,0,0,1,0,13,28,12,0,2,2,4,3,12,0,0,4,4,3,28,0,0,2,0,1,0,4,0,0,0,9,12,0,0,0,0,0,0,0,3,3,0,0,0,0,0,0,0,0,1,0,14,14,0,0,2,128,0,1,0,1,0,0,0,0,4,0,1,26,21,0,13,0,0,0,11,3,0,0,4,8,1,0,3,0,0,0,7,0,0,3,0,2,2,0,0,22,0,1,0,0,1,0,39,1,2,0,0,0,0,2,0,0,0,0,0,1,0,0,0,0,0,0,0,3,0,0,4,0,0,0,0,0,2,1,0,0,0,0,0,0,0,0,0,0,0,0,0,2,0,0,0,0,0,0,0,0,0,0,0,0,3,0,0,0,0,0,0,0,0,0,0,0,0,0,1,0,0,0,0,0,0,1,0,0,0,0,0,0,0,0,0,0,0,0,0,0,0,0,0,0,0,0,0,0,0,0,0,0,0,0,0,0,0,0,0,0,0,0,0,0,0,0,0,1,0,0,0,0,0,0,0,0,0,0,0,0,0,0,0,0,0,0,0,0,0,0,0,0,0,0,0,0,0,0,0,0,0,0,0,0,0,0,0,0
0e631d354adb289a825f87f8ac842ea4,5.8,198,2549,5723,176,74,68,448,1399,2804,1160,6,19,156,9,3538,32,77,0,1,98,708,1,36,1,2108,18,4,1,67,289,118,356,34,683,37,4,4,10,17,2,38,25,5,34,41,0,1,5,2112,13,3,0,0,0,2,25,0,0,0,0,1,0,1,3558,165,93,90,6,0,0,18,0,0,2,0,776,503,8,8,1008,2229,2202,2028,4,60,0,1,1,9,154,9,59,256,59,7,103,125,0,2,59,266,3,22,44,52,0,2,0,10,1,0,11,8,0,0,48,91,2,0,135,0,23,0,0,2,0,0,6,6,7,9,3,0,0,3,8,12,5,0,0,1,0,0,0,0,0,5,0,0,0,0,107,1,0,1,1,0,10,23,0,0,0,15,2,2,1,0,0,1,1,0,0,25,0,0,0,4,0,0,2,0,0,0,43,21,0,13,0,0,0,0,0,0,0,0,0,0,0,0,0,0,0,3,0,0,0,0,0,0,0,0,0,0,0,0,0,0,0,0,0,0,15,0,0,0,0,0,0,0,0,25,17,0,2,0,0,0,0,0,0,0,0,0,0,0,0,0,0,1,0,0,0,0,0,1,0,0,0,0,0,0,0,0,0,0,0,0,0,0,0,0,0,0,0,0,0,0,0,0,0,0,0,0,0,0,0,0,0,0
0e795c19688943a2651b4aa8e978effc,5.8,264,171,2452,163,80,67,448,1386,2790,1153,6,19,152,9,3443,32,70,0,1,98,708,1,35,1,2009,18,4,1,67,325,118,362,32,474,37,4,8,13,17,2,38,29,5,38,39,0,1,5,2013,13,3,0,0,0,2,21,0,0,0,0,1,0,1,3706,164,92,90,6,10,0,18,0,0,2,0,776,503,8,8,803,1941,2898,2223,4,59,0,1,1,9,153,9,55,318,55,7,98,125,0,1,59,266,3,22,44,52,0,3,0,10,1,0,11,8,0,0,48,91,2,0,135,0,23,0,0,2,0,0,6,6,7,9,3,0,0,3,8,12,5,0,0,1,0,0,0,0,0,5,0,0,0,0,107,1,0,1,1,0,10,23,0,0,0,43,2,2,1,0,0,1,1,0,0,29,0,0,0,4,0,0,2,0,0,0,98,21,0,13,0,0,0,0,0,0,0,0,0,0,0,0,0,0,0,3,0,0,0,0,0,0,0,0,0,0,0,0,0,0,0,0,0,0,43,0,0,0,0,0,0,0,0,54,16,0,2,0,0,0,0,0,0,0,0,0,0,0,0,0,0,1,0,0,0,0,0,1,0,0,0,0,0,0,0,0,0,0,0,0,0,0,0,0,0,0,0,0,0,0,0,0,0,0,0,0,0,0,0,0,0,0
0e0986c7235a6cecef1616c13c80362e,7.2,98,207,2596,288,135,80,473,1362,2799,1173,10,13,178,12,3984,32,61,0,2,131,747,1,39,2,2447,12,8,2,57,358,98,355,33,458,50,5,9,11,11,2,41,35,4,41,40,0,2,6,2452,9,3,0,0,0,3,30,0,0,0,0,1,0,1,3304,167,73,547,6,2,1,38,2,2,5,0,966,629,8,3,1133,5777,1145,399,1,24,1,2,2,6,154,20,19,115,10,8,57,125,1,2,58,254,2,21,40,48,0,3,1,11,9,6,17,16,2,1,33,65,3,0,135,2,23,0,0,2,0,0,6,6,9,9,3,0,0,3,15,12,6,0,0,1,0,0,0,0,0,5,0,0,0,0,107,0,0,1,1,0,9,17,0,0,0,6,2,2,2,0,0,1,0,16,0,35,0,2,0,6,2,22,2,0,0,0,17,21,0,55,1,1,1,1,1,1,1,1,1,0,0,0,0,0,0,0,0,0,0,0,0,0,0,0,0,0,0,0,0,0,0,0,0,0,6,2,0,0,0,0,0,0,0,6,5,0,2,0,0,0,0,0,0,0,0,0,0,0,0,0,0,1,0,0,0,0,0,0,0,0,0,0,0,0,0,0,0,0,0,0,0,0,0,0,0,0,0,0,0,0,0,0,0,0,0,0,0,0,0,0,0,0
0e4541ec0c6ef8cd5f9a0bb977c6f21b,5.8,152,177,2504,188,80,68,473,1389,2790,1163,6,19,152,9,3635,32,82,0,1,104,1122,1,33,1,2185,18,4,1,65,313,116,364,34,488,37,4,8,12,16,2,38,28,5,37,41,0,1,5,2189,13,3,0,0,0,2,25,0,0,0,0,1,0,1,3652,232,92,89,6,4,0,18,0,0,2,0,792,515,8,3,967,1627,1644,2131,0,53,0,1,1,9,221,10,55,206,55,7,43,125,0,1,57,267,2,20,43,51,0,2,0,10,1,0,11,8,0,0,48,91,2,0,135,0,23,0,0,2,0,0,6,6,7,9,3,0,0,3,8,12,5,0,0,1,0,0,0,0,0,5,0,0,0,0,107,1,0,1,1,0,10,23,0,0,0,15,2,2,1,0,0,1,1,0,0,28,0,0,0,4,0,0,2,0,0,0,44,21,0,13,0,0,0,0,0,0,0,0,0,0,0,0,0,0,0,3,0,0,0,0,0,0,0,0,0,0,0,0,0,0,0,0,0,0,15,0,0,0,0,0,0,0,0,26,18,0,2,0,0,0,0,0,0,0,0,0,0,0,0,0,0,1,0,0,0,0,0,1,0,0,0,0,0,0,0,0,0,0,0,0,0,0,0,0,0,0,0,0,0,0,0,0,0,0,0,0,0,0,0,0,0,0
0ea73b8436d6d3ef2cd61250c217e21e,5.8,234,2247,5212,189,66,68,446,1399,2804,1152,6,19,156,9,3513,32,76,0,1,98,709,1,33,1,2083,18,5,1,67,280,118,353,33,673,37,4,4,10,17,2,38,24,5,33,40,0,1,5,2087,13,3,0,0,0,2,24,0,0,0,0,1,0,1,3520,165,93,109,6,0,0,18,0,0,2,0,784,508,8,8,935,2861,2380,2122,4,59,0,1,1,5,154,9,55,288,55,7,108,127,0,1,59,266,3,22,44,52,0,2,0,10,1,0,11,8,0,0,48,91,2,0,135,0,23,0,0,2,0,0,6,6,7,9,3,0,0,3,8,12,5,0,0,1,0,0,0,0,0,5,0,0,0,0,107,1,0,1,1,0,10,23,0,0,0,16,2,2,1,0,0,1,1,0,0,24,0,0,0,4,0,0,2,0,0,0,46,21,0,13,0,0,0,0,0,0,0,0,0,0,0,0,0,0,0,3,0,0,0,0,0,698,0,0,0,0,0,0,0,0,0,0,0,0,16,0,0,0,0,0,0,0,0,28,18,0,2,0,0,0,0,0,0,0,0,0,0,0,0,0,0,1,0,0,0,0,0,1,0,0,0,0,0,0,0,0,0,0,0,0,0,0,0,0,0,0,0,0,0,0,0,0,0,0,0,0,0,0,0,0,0,0
0ead204d150c014d78c1e0699ecfa59b,4.8,176,2074,5565,186,73,68,492,1320,2768,1087,6,20,141,9,3836,36,81,0,2,95,1324,1,26,1,2389,17,4,1,57,286,112,386,39,701,29,4,4,9,5,2,38,25,5,34,46,0,1,5,2393,5,3,0,0,0,2,18,0,0,0,0,1,0,1,2454,167,91,89,6,0,0,5,0,0,2,0,941,607,8,2,667,1554,1946,1487,0,70,0,0,0,4,153,8,15,190,15,7,43,133,0,2,57,291,3,22,41,49,0,2,0,16,1,0,11,8,0,0,38,91,2,0,135,0,23,0,0,2,0,0,6,6,6,9,3,0,0,3,8,12,5,0,0,1,0,0,0,0,0,5,0,0,0,0,107,1,0,1,1,0,8,16,0,0,0,3,2,2,0,0,0,1,1,0,0,25,0,0,0,0,0,0,0,0,0,0,3,21,0,13,0,0,0,0,0,0,0,0,0,0,0,0,0,0,0,3,1,0,0,0,0,0,0,0,0,0,0,0,0,0,0,0,0,0,3,0,0,0,0,0,0,0,0,3,0,0,2,0,0,0,0,0,0,0,0,0,0,0,0,0,0,1,0,0,0,0,0,1,0,0,0,0,0,0,0,0,0,0,0,0,0,0,0,0,0,0,0,0,0,0,0,0,0,0,0,0,0,0,0,0,0,0
0eada9586b2363a2c96ab03dfbaa1544,4.2,140,172,2467,177,79,65,313,1009,2463,795,6,19,137,9,1987,23,93,0,1,53,139,1,30,1,989,18,4,1,62,308,90,323,32,479,34,4,8,12,5,2,30,28,5,37,35,0,1,5,993,5,3,0,0,0,5,12,0,0,0,0,1,0,0,1603,81,87,77,6,2,0,5,0,0,2,0,316,200,8,2,289,808,1090,682,0,53,0,0,0,3,66,0,5,144,7,5,23,121,0,1,43,223,2,12,33,43,0,2,0,2,0,0,11,8,0,0,32,89,0,0,135,0,23,0,0,2,0,0,6,6,6,3,1,0,0,1,8,12,5,0,0,1,0,0,0,0,0,5,0,0,0,0,107,1,0,1,1,0,8,16,0,0,0,3,2,2,0,0,0,1,1,0,0,28,0,0,0,0,0,0,0,0,0,0,3,21,0,13,0,0,0,0,0,0,0,0,0,0,0,0,0,0,0,3,0,0,0,0,0,0,0,0,0,0,0,0,0,0,0,0,0,0,3,0,0,0,0,0,0,0,0,3,0,0,2,0,0,0,0,0,0,0,0,0,0,0,0,0,0,0,0,0,0,0,0,1,0,0,0,0,0,0,0,0,0,0,0,0,0,0,0,0,0,0,0,0,0,0,0,0,0,0,0,0,0,0,0,0,0,0
0eb5e9d61c14988c48a966d5865d6d28,4.8,98,182,2468,187,126,67,129,1052,2504,878,6,15,177,9,653,21,141,0,1,60,24,1,22,1,13,5,4,1,38,332,66,204,10,419,18,5,8,11,10,2,25,33,4,39,9,0,1,6,17,7,3,0,0,0,5,18,0,0,0,0,1,0,0,2011,49,80,58,0,5,0,34,1,1,2,0,4,0,8,2,0,506,1087,870,0,21,0,0,0,2,42,0,5,102,8,5,23,113,0,1,25,141,2,10,18,28,0,1,0,0,0,0,11,8,0,0,5,62,0,0,135,0,23,0,0,2,0,0,6,6,9,3,1,0,0,0,16,12,6,0,0,1,0,0,0,0,0,5,0,0,0,0,107,0,0,1,1,0,9,17,0,0,0,10,2,2,3,0,0,0,1,25,0,33,0,2,0,9,1,17,2,0,0,0,25,21,0,55,1,1,1,2,2,2,0,0,0,0,0,0,0,0,0,0,0,0,0,0,0,0,0,0,0,0,0,0,0,0,0,0,0,0,10,0,0,0,0,0,0,0,0,10,9,0,2,0,0,0,0,0,0,0,0,0,0,0,0,0,0,0,0,0,0,0,0,0,0,0,0,0,0,0,0,0,0,0,0,0,0,0,0,0,0,0,0,0,0,0,0,0,0,0,0,0,0,0,0,0,0,0
0eb8eaf22d6c4c2c6814669eb9090d97,4.8,194,167,2420,219,79,68,462,1009,2463,795,6,19,137,9,2797,25,60,0,1,69,256,1,34,1,1507,18,5,1,63,310,95,372,40,481,34,4,8,12,5,2,34,28,5,37,47,0,1,5,1511,5,3,0,0,0,5,19,0,0,0,0,1,0,1,1957,93,87,81,6,6,0,5,0,0,2,0,725,460,8,2,404,862,1843,1116,0,53,0,0,0,4,78,2,5,198,7,5,33,131,0,1,50,266,2,14,37,46,0,2,0,8,0,0,11,8,0,0,32,90,1,0,135,0,23,0,0,2,0,0,6,6,6,6,2,0,0,1,8,12,5,0,0,1,0,0,0,0,0,5,0,0,0,0,107,1,0,1,1,0,8,16,0,0,0,3,2,2,0,0,0,1,1,0,0,28,0,0,0,0,0,0,0,0,0,0,3,21,0,13,0,0,0,0,0,0,0,0,0,0,0,0,0,0,0,3,0,0,0,0,0,0,0,0,0,0,0,0,0,0,0,0,0,0,3,0,0,0,0,0,0,0,0,3,0,0,2,0,0,0,0,0,0,0,0,0,0,0,0,0,0,0,0,0,0,0,0,1,0,0,0,0,0,0,0,0,0,0,0,0,0,0,0,0,0,0,0,0,0,0,0,0,0,0,0,0,0,0,0,0,0,0
0ebe907b9545fe809d8c70e2323b3069,5.6,183,2212,4533,241,74,78,465,1327,2778,1094,10,19,130,12,3918,32,77,0,2,124,735,1,35,2,2438,17,7,2,61,293,130,352,33,684,49,4,5,9,6,2,41,25,5,34,40,0,2,5,2443,7,3,0,0,0,2,21,0,0,0,0,1,0,1,2568,167,88,98,6,0,0,8,0,0,5,0,973,638,8,3,685,1624,1968,1581,0,57,1,2,2,6,149,20,22,203,13,8,43,127,2,2,68,264,2,21,42,50,0,3,1,11,7,5,17,16,2,1,39,93,3,0,135,2,23,0,0,2,0,0,6,6,6,9,3,0,0,3,8,12,5,0,0,1,0,0,0,0,0,5,0,0,0,0,107,1,0,1,1,0,8,16,0,0,0,3,2,2,0,0,0,1,1,0,0,25,0,0,0,0,0,0,0,0,0,0,3,21,0,13,0,0,0,0,0,0,0,0,0,0,0,0,0,0,0,3,0,0,0,0,0,680,0,0,0,0,0,0,0,0,0,0,0,0,3,0,0,0,0,0,0,0,0,3,0,0,2,0,0,0,0,0,0,0,0,0,0,0,0,0,0,1,0,0,0,0,0,1,0,0,0,0,0,0,0,0,0,0,0,0,0,0,0,0,0,0,0,0,0,0,0,0,0,0,0,0,0,0,0,0,0,0
0ec64052b2ef9774962d8416fda6b336,5.8,270,177,2506,208,80,66,444,1383,2789,1149,6,19,140,9,1802,36,60,0,2,98,700,1,34,1,278,18,5,1,67,316,118,365,35,486,37,4,8,12,17,2,38,28,5,37,42,0,1,5,281,13,3,0,0,0,2,23,0,0,0,0,0,0,1,3795,164,92,93,6,4,0,18,0,0,1,0,875,573,8,8,1024,1892,2981,2230,5,73,0,1,1,5,152,9,55,324,55,7,98,123,0,1,59,264,3,24,48,56,0,2,0,16,1,0,11,8,0,0,48,91,2,0,135,0,23,0,0,2,0,0,6,6,7,9,3,0,0,3,8,12,5,0,0,0,0,0,0,0,0,5,0,0,0,0,107,1,0,1,1,0,10,23,0,0,0,27,2,2,1,0,0,1,1,0,0,28,0,0,0,4,0,0,2,0,0,0,86,21,0,13,0,0,0,0,0,0,0,0,0,0,0,0,0,0,0,3,1,0,0,0,0,0,0,0,0,0,0,0,0,0,0,0,0,0,27,0,0,0,0,0,0,0,0,47,36,0,2,0,0,0,0,0,0,0,0,0,0,0,0,0,0,1,0,0,0,0,0,1,0,0,0,0,0,0,0,0,0,0,0,0,0,0,0,0,0,0,0,0,0,0,0,0,0,0,0,0,0,0,0,0,0,0
0ec9322712427907beca43902a2b6fb1,6.6,309,195,2548,221,80,76,473,1344,2797,1109,10,19,140,12,4538,32,58,0,2,130,734,1,44,2,2955,18,7,2,69,329,134,366,32,479,57,4,9,13,11,2,41,29,5,38,39,0,2,5,2960,9,3,0,0,0,3,29,0,0,0,0,1,0,1,3599,169,92,103,6,4,0,21,0,0,5,0,969,635,8,3,866,1534,3446,2350,1,56,1,2,2,6,155,20,19,326,10,8,33,125,2,1,68,264,2,21,48,56,0,4,1,11,7,5,17,16,2,1,49,93,3,0,135,2,23,0,0,2,0,0,6,6,7,9,3,0,0,3,8,12,5,0,0,1,0,0,0,0,0,5,0,0,0,0,107,1,0,1,1,0,7,17,0,0,0,11,2,2,1,0,0,1,1,0,0,29,0,0,0,4,0,0,2,0,0,0,29,21,0,13,0,0,0,0,0,0,0,0,0,0,0,0,0,0,0,3,0,0,0,0,0,0,0,0,0,0,0,0,0,0,0,0,0,0,11,0,0,0,0,0,0,0,0,19,11,0,2,0,0,0,0,0,0,0,0,0,0,0,0,0,0,1,0,0,0,0,0,1,0,0,0,0,0,0,0,0,0,0,0,0,0,0,0,0,0,0,0,0,0,0,0,0,0,0,0,0,0,0,0,0,0,0
0ecc6d941990f2d98655bfd04f49e96c,3.6,97,132,1649,116,59,49,28,646,462,526,2,15,66,7,358,2,32,0,1,44,20,1,11,1,12,2,4,1,0,231,40,112,1,231,9,5,6,9,10,0,1,24,2,25,1,0,1,4,16,7,1,0,0,0,2,8,0,0,0,0,1,0,0,2153,25,65,43,8,0,0,18,0,0,4,0,6,0,8,2,0,473,1893,2795,0,19,0,0,0,0,16,0,3,99,6,5,13,2,0,2,1,28,2,8,8,11,0,0,0,0,0,0,10,8,0,0,5,76,0,0,135,0,15,0,0,2,0,0,6,6,7,0,0,0,0,0,8,12,4,0,0,1,0,0,0,0,0,5,0,0,0,0,107,0,0,0,0,0,7,19,0,0,0,4,2,2,1,0,0,0,0,0,0,23,0,0,0,4,0,0,2,0,0,0,12,2,0,13,0,0,0,0,0,0,0,0,0,0,0,0,0,0,0,0,0,0,0,0,0,0,0,0,0,0,0,0,0,0,0,0,0,0,4,0,0,0,0,0,0,0,0,4,4,0,2,0,0,0,0,0,0,0,0,0,0,0,0,0,0,0,0,0,0,0,0,0,0,0,0,0,0,0,0,0,0,0,0,0,0,0,0,0,0,0,0,0,0,0,0,0,0,0,0,0,0,0,0,0,0,0
0ed01332e4e722626c03a23e4327a658,6.4,234,175,2500,188,79,68,467,1388,2791,1161,6,20,139,9,3431,32,75,0,1,107,1128,1,28,1,1956,17,5,1,59,313,118,355,33,500,30,4,8,11,17,2,38,28,5,37,40,0,1,5,1960,13,3,0,0,0,2,25,0,0,0,0,1,0,1,4149,230,95,93,6,4,0,18,0,0,2,0,800,523,8,8,1087,2468,2452,2498,7,61,0,1,1,5,220,11,56,289,56,7,98,123,0,1,59,266,3,22,38,46,0,2,0,10,1,0,11,8,0,0,38,91,2,0,135,0,18,0,0,3,1,0,6,6,7,9,3,0,0,3,8,12,5,0,0,1,0,0,0,0,0,5,0,0,0,0,107,1,0,1,1,0,7,17,0,0,0,20,2,2,1,0,0,1,1,0,0,28,0,0,0,4,0,0,2,0,0,0,60,21,0,13,0,0,0,0,0,0,0,0,0,0,0,0,0,0,0,3,0,0,0,0,0,0,0,0,0,0,0,0,0,0,0,0,0,0,20,0,0,0,0,0,0,0,0,33,24,0,2,0,0,0,0,0,0,0,0,0,0,0,0,0,0,1,0,0,0,0,0,1,0,0,0,0,0,0,0,0,0,0,0,0,0,0,0,0,0,0,0,0,0,0,0,0,0,0,0,0,0,0,0,0,0,0
0ede06fb11c9ba539e927d90c06dc454,6.6,248,2245,4658,313,67,92,494,1419,2854,1177,14,19,133,15,3172,41,92,0,3,157,827,1,45,3,1350,17,10,3,65,292,154,355,32,676,72,4,6,9,20,2,44,24,5,33,39,0,3,5,1356,33,3,0,0,0,6,38,0,0,0,0,1,0,1,3519,183,93,113,6,0,0,24,0,0,8,0,1108,739,8,10,945,1915,2580,2244,6,65,2,5,5,8,168,31,73,318,55,9,108,125,5,1,81,266,4,24,48,56,0,4,2,12,13,10,23,24,4,2,40,95,4,2,136,2,18,0,0,2,0,0,6,6,7,9,3,0,0,3,8,12,5,0,0,1,0,0,0,0,0,5,0,0,0,0,107,1,0,1,1,0,7,17,0,0,0,19,2,2,1,0,0,1,1,0,0,24,0,0,0,4,0,0,2,0,0,0,58,21,0,13,0,0,0,0,0,0,0,0,0,0,0,0,0,0,0,3,0,0,0,0,0,0,0,0,0,0,0,0,0,0,0,0,0,0,19,0,0,0,0,0,0,0,0,35,24,0,2,0,0,0,0,0,0,0,0,0,0,0,0,0,0,1,0,0,0,0,0,1,0,0,0,0,0,0,0,0,0,0,0,0,0,0,0,0,0,0,0,0,0,0,0,0,0,0,0,0,0,0,0,0,0,0
0edf436516b3c8ed48064bc8e6297fdb,6.6,279,243,2798,364,83,97,514,1433,2829,1195,18,19,167,18,3021,32,100,0,4,164,867,1,54,4,1273,17,14,4,61,335,176,363,32,492,90,4,11,11,22,2,47,28,5,37,39,0,4,5,1280,19,3,0,0,0,2,35,0,0,0,0,1,0,1,3073,182,92,463,6,4,0,27,0,0,11,0,973,657,8,11,878,4962,2893,2228,2,67,3,8,8,6,162,43,82,357,55,10,108,125,8,5,92,261,4,25,53,61,0,5,3,13,23,15,29,32,6,3,41,97,5,0,135,6,23,0,0,2,0,0,6,6,7,9,3,0,0,3,8,12,5,0,0,1,0,0,0,0,0,5,0,0,0,0,107,1,0,1,1,0,10,23,0,0,0,17,2,2,1,0,0,1,1,0,0,28,0,0,0,4,0,0,2,0,0,0,51,21,0,13,0,0,0,0,0,0,0,0,0,0,0,0,0,0,0,3,0,0,0,0,0,0,0,0,0,0,0,0,0,0,0,0,0,0,17,0,0,0,0,0,0,0,0,27,21,0,2,0,0,0,0,0,0,0,0,0,0,0,0,0,0,1,0,0,0,0,0,1,0,0,0,0,0,0,0,0,0,0,0,0,0,0,0,0,0,0,0,0,0,0,0,0,0,0,0,0,0,0,0,0,0,0
0ee8df40680157dec3dfd8299d0b1695,5.8,234,2247,5213,197,66,68,439,1399,2804,1152,6,19,144,9,2586,32,96,0,1,98,707,1,33,1,1146,18,4,1,67,280,118,350,32,672,37,4,4,10,17,2,38,24,5,33,39,0,1,5,1150,13,3,0,0,0,2,23,0,0,0,0,1,0,1,3692,163,93,90,6,0,0,18,0,0,2,0,767,497,8,8,926,1909,2535,2251,5,59,0,1,1,5,152,9,55,288,55,7,98,123,0,1,59,264,3,22,44,52,0,2,0,10,1,0,11,8,0,0,48,91,2,0,135,0,23,0,0,2,0,0,6,6,7,9,3,0,0,3,8,12,5,0,0,1,0,0,0,0,0,5,0,0,0,0,107,1,0,1,1,0,10,23,0,0,0,19,2,2,1,0,0,1,1,0,0,24,0,0,0,4,0,0,2,0,0,0,58,21,0,13,0,0,0,0,0,0,0,0,0,0,0,0,0,0,0,3,0,0,0,0,0,698,0,0,0,0,0,0,0,0,0,0,0,0,19,0,0,0,0,0,0,0,0,31,24,0,2,0,0,0,0,0,0,0,0,0,0,0,0,0,0,1,0,0,0,0,0,1,0,0,0,0,0,0,0,0,0,0,0,0,0,0,0,0,0,0,0,0,0,0,0,0,0,0,0,0,0,0,0,0,0,0
0ee97c704bc90f376df811d6863344d8,7.0,211,2512,5721,258,67,82,472,1409,2841,1162,10,19,145,12,3312,41,101,0,2,127,768,1,37,2,1667,17,7,2,61,285,136,352,34,676,52,4,5,9,19,2,41,24,5,33,41,0,2,5,1672,31,3,0,0,0,5,34,0,0,0,0,1,0,1,3819,173,93,99,6,0,0,21,0,0,5,0,905,594,8,9,1037,2255,2283,2223,6,62,1,3,3,10,161,19,64,273,55,8,108,125,3,1,70,266,3,23,43,51,0,3,1,11,9,5,17,16,2,1,39,93,3,2,136,0,23,0,0,3,1,0,6,6,7,9,3,0,0,3,8,12,5,0,0,1,0,0,0,0,0,5,0,0,0,0,107,1,0,1,1,0,10,23,0,0,0,46,2,2,1,0,0,1,1,0,0,24,0,0,0,4,0,0,2,0,0,0,110,21,0,13,0,0,0,0,0,0,0,0,0,0,0,0,0,0,0,3,0,0,0,0,0,0,0,0,0,0,0,0,0,0,0,0,0,0,46,778,0,0,0,0,0,0,0,63,22,0,2,0,0,0,0,0,0,0,0,0,0,0,0,0,0,1,0,0,0,0,0,1,0,0,0,0,0,0,0,0,0,0,0,0,0,0,0,0,0,0,0,0,0,0,0,0,0,0,0,0,0,0,0,0,0,0
0ee235490d448ac5f8a2ce0e68370d83,5.8,246,172,2438,162,80,67,423,1385,2790,1152,6,19,152,9,3042,32,63,0,1,98,688,1,33,1,1650,18,4,1,67,323,120,349,33,475,37,4,8,13,17,2,38,29,5,38,40,0,1,5,1654,13,3,0,0,0,2,23,0,0,0,0,1,0,1,3599,159,92,540,6,8,0,18,0,0,2,0,730,478,8,8,920,6551,2654,2306,2,59,0,1,1,5,148,9,55,300,55,7,98,123,0,1,59,252,4,22,44,52,0,2,0,10,1,0,11,8,0,0,48,91,2,0,135,0,23,0,0,2,0,0,6,6,7,9,3,0,0,3,8,12,5,0,0,1,0,0,0,0,0,5,0,0,0,0,107,1,0,1,1,0,10,23,0,0,0,17,2,2,1,0,0,1,1,0,0,29,0,0,0,4,0,0,2,0,0,0,50,21,0,13,0,0,0,0,0,0,0,0,0,0,0,0,0,0,0,3,0,0,0,0,0,0,0,0,0,0,0,0,0,0,0,0,0,0,17,0,0,0,0,0,0,0,0,27,20,0,2,0,0,0,0,0,0,0,0,0,0,0,0,0,0,1,0,0,0,0,0,1,0,0,0,0,0,0,0,0,0,0,0,0,0,0,0,0,0,0,0,0,0,0,0,0,0,0,0,0,0,0,0,0,0,0
0c06e7c90719ca77308cc33a765d1054,3.2,2,21,164,26,8,22,3,34,21,61,5,0,1,3,129,9,14,2,2,17,16,1,4,0,0,4,3,1,0,1,2,9,0,25,3,0,3,0,0,0,0,3,0,29,0,0,3,0,0,0,1,0,0,0,12,9,0,0,0,0,0,0,0,1,0,6,0,0,0,0,0,0,0,0,0,0,2,0,0,0,6,0,0,0,1,0,0,0,0,0,0,0,4,4,0,0,0,0,0,2,0,0,8,2,3,1,0,0,0,0,0,6,8,0,0,2,0,0,0,4,0,0,0,0,0,0,0,4,0,0,0,0,0,3,0,6,3,0,0,0,0,0,0,0,0,0,0,0,0,0,3,62,0,0,0,0,0,0,0,0,0,0,0,4,2,0,0,0,0,0,0,0,0,0,0,0,0,0,0,0,0,0,0,0,0,1,0,0,0,0,0,0,0,0,0,0,0,0,0,0,0,0,0,0,0,0,0,0,0,0,2,0,0,0,1,0,0,0,0,0,0,0,0,0,0,0,0,0,0,0,0,0,0,0,0,0,0,0,0,0,0,0,0,0,0,0,0,0,0,0,0,0,0,0,0,0,0,0,0,0,0,0,0,0,0,0,2,0,0,0,0,0,0,0,0,0,0,0,0,0,0,0,0,0,0,0,0,0,0
0c6b3c0ac7ed88a7f996c81bf8c7463b,4.4,1,0,0,6,0,0,0,0,0,0,0,0,0,0,3,1,1,0,0,2,2,0,0,0,0,0,0,0,0,0,0,0,0,0,0,0,1,0,0,0,0,0,0,0,0,0,1,0,0,0,0,1,0,0,0,0,0,0,0,0,0,0,0,0,0,0,0,0,0,0,0,0,0,0,0,0,0,0,0,0,0,0,0,0,0,0,0,0,0,0,0,0,2,0,0,0,0,0,0,0,0,0,0,0,0,0,0,0,0,0,0,0,0,0,3,0,0,0,0,0,0,0,0,0,0,0,0,2,0,0,0,0,0,0,0,0,0,0,0,0,0,0,0,0,0,0,0,0,0,0,1,0,0,0,0,0,0,0,0,0,0,0,0,0,0,0,0,0,0,0,0,0,0,0,0,0,0,0,0,0,0,0,0,0,0,0,0,0,0,0,0,0,0,0,0,0,0,0,0,0,0,0,0,0,0,0,0,0,0,0,0,0,0,0,0,0,0,0,0,0,0,0,0,0,0,0,0,0,0,0,0,0,0,0,0,0,0,0,0,0,0,0,0,0,0,0,0,0,0,0,0,0,0,0,0,0,0,0,0,0,0,0,0,0,0,0,0,0,0,0,0,0,0,0,0,0,0,0,0,0,0,0,0,0,0,0,0,0,0
0c6c4321d85a638d7d591c37eb471091,10.0,0,53,587,45,15,57,21,125,25,97,4,2,33,3,937,4,10,0,1,755,1310,0,8,0,5,0,0,1,11,0,4,7,0,0,10,2,9,0,7,0,0,0,2,0,0,0,4,4,4,6,0,18,4,4,9,9,1,1,42,0,0,0,0,65,2,10,4,0,0,0,19,0,0,1,0,81,105,8,0,0,0,0,0,0,0,0,0,0,0,0,12,0,34,34,0,0,0,0,1,0,0,2,2,7,7,0,0,1,7,12,15,3,0,0,0,0,0,0,0,0,0,10,0,0,0,0,0,34,0,4,0,0,0,0,0,6,0,3,0,0,0,0,0,0,0,0,0,0,0,0,0,0,0,0,0,0,0,12,10,0,0,0,0,1,1,1,0,0,0,0,4,0,0,0,1,0,12,0,0,2,0,0,0,12,0,0,0,0,4,0,4,4,0,0,0,0,0,4,0,0,0,0,0,0,0,1,5,0,0,0,0,0,0,0,0,0,0,0,0,0,0,0,0,0,0,0,0,0,0,0,0,0,4557,0,0,0,0,0,0,0,0,0,0,0,0,0,0,0,0,0,0,0,0,0,0,0,0,0,0,0,0,0,0,0,0,0,0,0,0,0,0,0,0,0,0,0,0,0,0,0,0,0,0,0,0,0,0,0,0
0c07f99b9af57c88eb827341237ba0ca,11.2,6,173,1931,141,25,63,56,311,429,309,14,2,14,10,1864,4,36,5,7,196,281,4,78,5,11,21,9,7,295,18,20,20,3,48,373,10,162,1,5,1,6,0,0,3908,2,1,3,3,33,4,1,80,1,1,2,15,8,8,371,14,2,2,5,427,14,5,20,0,0,0,3,0,0,5,0,459,398,2,5,860,960,461,92,0,4,1,2,2,2,8,12,10,15,1,13,109,0,2,0,11,0,0,5,8,10,22,169,1,1,6,5,8,8,2,1,1,2,1,0,0,2,3890,2,0,1,3,5,0,0,2,0,1,0,0,0,0,0,0,0,0,0,1,0,0,0,0,0,0,0,0,0,0,0,0,0,0,0,0,0,0,0,0,0,0,0,0,0,0,0,1,0,0,0,1,0,0,0,0,0,0,0,0,0,0,0,0,0,0,0,0,0,0,0,0,0,0,0,0,0,0,0,0,0,0,0,0,0,0,0,0,0,0,0,0,0,0,0,0,0,0,0,0,0,0,0,0,0,0,0,0,0,0,0,0,0,0,0,0,0,0,0,0,0,0,0,0,0,0,0,0,0,0,0,0,0,0,0,0,0,0,0,0,0,0,0,0,0,0,0,0,0,0,0,0,0,0,0,0,0,0,0,0,0,0,0,0,0,0,0
0c7b11bb4534992c746e566d60ad3e28,10.2,2,143,6078,1859,38,4430,76,207,239,419,12,4,30,9,16525,3,2603,6,6,222,383,4,70,6,12,32,9,6,218,7432,7429,12821,9,14893,251,10,352,5,230,1,2478,5,4951,5550,4,3,4,0,33,207,1,413,0,0,2,13,6,6,257,12,2,2,3,471,23,4967,39,36,5,4,2,1,1,8,0,650,504,1,9,1064,1188,374,83,2,55,2,6,6,5,19,24,105,105,105,3,91,0,4,0,2479,2482,1,2,5,5,22,169,3,2,16,10,6,4,0,27209,2473,54421,0,0,0,0,5535,1,0,1,1,0,0,0,0,0,3,0,0,0,0,0,0,0,0,0,0,0,0,0,0,0,0,0,0,0,0,0,0,0,0,0,0,0,0,0,0,0,0,0,0,0,0,1,0,0,0,0,0,0,0,0,0,0,0,0,0,0,0,0,0,0,0,0,0,0,0,0,0,0,0,0,0,0,0,0,0,0,1,0,0,0,0,0,0,0,0,0,0,0,0,0,0,0,0,0,0,0,1,1,4946,0,0,0,0,0,0,0,0,0,0,0,0,0,0,0,0,0,0,0,0,0,0,0,0,0,0,0,0,0,0,0,0,0,0,0,0,0,0,0,0,0,0,0,0,0,0,0,0,0,0,0,0,0,0,0,0,0,0,0,0,0,0,0
0c7b469bd808103d2a8b7da0f3f85485,5.4,2,25,110,123,8,44,98,567,2257,468,1,0,3,2,477,16,28,0,2,43,20,2,9,0,0,0,4,1,134,87,12,97,9,669,2,0,2,61,30,0,27,15,3,140,9,0,4,0,2,28,1,0,0,0,9,10,3,3,123,0,0,0,0,2,17,17,3,0,0,0,0,0,0,1,0,2,2,0,0,0,0,0,0,0,12,25,0,0,0,20,0,2,4,2,3,0,111,0,0,33,112,0,4,11,13,0,0,2,0,4,0,20,8,0,1,2,37,5,0,46,0,0,0,0,0,0,0,0,3,5,6,1,0,1,0,23,22,0,0,0,0,0,0,0,0,0,0,0,1,0,0,0,0,0,0,0,0,17,17,0,0,0,0,0,0,0,0,0,0,0,0,0,9,0,0,0,0,0,0,0,0,0,0,0,0,0,0,0,0,0,0,0,0,0,0,0,0,0,0,0,0,0,0,0,0,0,0,0,0,0,0,0,0,0,0,0,0,0,0,0,0,0,0,0,0,0,0,0,0,0,0,0,129,0,0,0,0,0,0,0,0,0,0,0,0,0,0,0,0,0,0,0,0,0,0,0,0,0,0,0,0,0,0,0,0,0,0,0,0,0,0,0,0,0,0,0,0,0,0,0,0,0,0,0,0,0,0,0,0
0c7d5ee4923f9a5e9113a4234077c3e0,1.2,40,15,372,14,6,4,2,5,3,8,2,1,3,1,27,2,2,1,1,6,5,1,2,1,1,2,2,0,0,0,1,2,1,1,0,0,0,0,0,0,0,0,0,0,0,0,0,0,0,0,0,0,0,0,3,1,0,0,0,0,0,0,0,0,0,0,0,0,0,0,0,0,0,0,0,0,0,0,0,0,0,0,0,0,0,0,0,0,0,0,0,0,0,0,0,0,0,0,0,0,0,0,0,0,0,0,0,0,0,0,0,0,0,0,0,0,0,0,0,0,0,0,0,0,0,0,0,0,0,0,0,0,0,0,0,0,0,0,0,0,0,0,0,0,0,0,0,0,0,0,0,0,0,0,0,0,0,0,0,0,0,0,0,0,0,0,0,0,0,0,0,0,0,0,0,0,0,0,0,0,0,0,0,0,0,0,0,0,0,0,0,0,0,0,0,0,0,0,0,0,0,0,0,0,0,0,0,0,0,0,0,0,0,0,0,0,0,0,0,0,0,0,0,0,0,0,0,0,0,0,0,0,0,0,0,0,0,0,0,0,0,0,0,0,0,0,0,0,0,0,0,0,0,0,0,0,0,0,0,0,0,0,0,0,0,0,0,0,0,0,0,0,0,0,0,0,0,0,0,0,0,0,0,0,0,0,0,0,0
0c7d7e7f41d23d453f4442f077d0a4f0,5.0,112,204,2201,1173,165,120,7,242,100,278,28,0,27,3,1046,67,218,0,1,197,287,1,16,0,0,0,9,3,2377,219,107,48,0,222,6,0,138,0,4,0,27,9,31,528,0,0,28,0,0,4,27,0,0,0,79,77,50,50,2377,0,27,0,0,51,14,5,2,2,0,0,0,0,0,0,0,134,98,0,1,0,353,0,26,0,3,0,0,0,0,40,3,0,112,0,3,0,3,0,0,52,3,0,0,58,88,1,0,1,0,4,0,19,24,12,45,29,187,0,0,0,30,3713,0,0,0,52,0,0,29,29,0,0,0,1,28,0,0,0,0,0,0,0,0,0,0,2,28,0,0,0,0,28,0,3,0,0,0,14,14,0,0,0,0,0,0,0,0,0,0,53,0,0,26,27,0,0,0,0,0,0,0,0,0,0,0,0,0,0,0,0,0,0,0,0,0,0,0,0,0,57,0,0,0,2,0,3,1,0,0,0,0,0,6,0,0,0,0,0,0,0,0,0,0,0,0,0,0,0,0,0,0,0,0,0,0,0,0,0,0,0,0,0,0,0,0,0,0,0,0,0,0,0,0,0,0,0,0,0,0,0,0,0,0,0,0,0,0,0,0,0,0,0,0,0,0,0,0,0,0,0,0,0,0,0,0,0,0,0,0
0c7d34ca4a87aa77fd4f88d8bb6f7066,8.0,23,30,269,32,21,11,1,54,50,86,0,0,55,1,220,9,18,0,0,12,6,0,4,0,1,0,0,1,0,16,36,7,0,42,3,0,0,0,9,0,0,0,2,3,0,0,1,1,1,2,8,2,1,1,6,12,0,0,0,0,0,0,0,0,2,85,4,0,2,1,14,2,2,1,0,2,0,0,0,0,451,0,1,0,1,0,0,0,0,0,0,0,29,3,1,27,0,0,0,0,0,2,8,1,1,0,0,0,0,0,0,7,0,0,0,1,13,0,0,0,0,11,0,0,0,0,0,8,0,3,0,0,0,1,0,2,0,1,0,0,0,0,0,0,0,0,0,0,0,0,0,127,0,0,0,0,0,10,19,0,0,0,0,2,2,1,0,0,0,0,0,0,0,0,1,0,6,2,6,2,1,0,0,0,0,0,0,0,0,0,0,0,0,1,1,1,0,0,0,0,0,0,0,0,0,0,0,0,0,0,0,0,0,0,0,1,0,0,0,0,0,0,0,0,0,0,0,0,0,0,0,0,0,0,0,0,0,0,0,0,0,0,0,0,0,0,0,0,0,0,1,0,0,0,0,0,0,0,0,0,0,0,0,0,0,0,0,0,0,0,0,0,0,0,0,0,0,0,0,0,0,0,0,0,0,0,0,0,0
0c7e27c3fb85344e3bde5492cd083422,1.8,0,10,90,3,2,2,2,1,1,3,0,0,2,0,33,0,1,0,0,3,3,0,0,0,0,0,0,0,0,2,1,1,0,0,0,0,10,0,0,0,0,0,0,0,0,0,0,0,0,0,0,0,0,0,3,2,0,0,0,0,0,0,0,0,0,0,0,0,0,0,0,0,0,0,0,0,0,0,0,0,0,0,0,0,2,0,0,0,0,0,0,0,0,0,4,0,0,0,0,0,0,0,0,1,1,0,0,1,0,0,0,1,0,0,0,0,0,0,0,0,0,0,0,0,0,0,0,0,0,0,0,0,0,0,0,0,0,0,0,0,0,0,0,0,1,0,0,0,0,0,0,0,0,1,0,0,0,0,0,0,0,0,0,0,0,0,0,0,0,0,0,0,0,0,0,0,0,0,0,0,0,0,0,0,0,0,0,0,0,0,0,0,0,0,0,0,0,0,0,0,0,0,0,0,0,0,0,0,0,0,0,0,0,0,0,0,0,0,0,0,0,0,0,0,0,0,0,0,0,0,0,0,0,0,0,0,0,0,0,0,0,0,0,0,0,0,0,0,0,0,0,0,0,0,0,0,0,0,0,0,0,0,0,0,0,0,0,0,0,0,0,0,0,0,0,0,0,0,0,0,0,0,0,0,0,0,0,0,0
0c8bd7bffec56f8db2bd8dc766036103,1.6,0,19,2524,16,10,2097,3,6,4,9,2,1,3,3,45,2,2,1,2,27,14,1,2,1,1,2,2,1,0,0,1,2,1,1,0,0,3,0,0,0,0,0,0,0,0,0,0,0,0,0,0,0,0,0,3,1,0,0,0,0,0,0,0,0,0,0,0,0,0,0,0,0,0,0,0,0,0,0,0,0,0,0,0,0,0,0,0,0,0,0,0,0,0,0,0,0,0,0,0,0,0,0,0,0,0,0,0,0,2,0,2,0,0,0,0,0,0,0,0,0,0,0,0,0,0,0,0,0,0,0,0,0,0,0,0,0,0,0,0,0,0,0,0,0,0,0,0,0,0,0,0,0,0,0,0,0,0,0,0,0,0,0,0,0,0,0,0,0,0,0,0,0,0,0,0,0,0,0,0,0,0,0,0,0,0,0,0,0,0,0,0,0,0,0,0,0,0,0,0,0,0,0,0,0,0,0,0,0,0,0,0,0,0,0,0,0,0,0,0,0,0,0,0,0,0,0,0,0,0,0,0,0,0,0,0,0,0,0,0,0,0,0,0,0,0,0,0,0,0,0,0,0,0,0,0,0,0,0,0,0,0,0,0,0,0,0,0,0,0,0,0,0,0,0,0,0,0,0,0,0,0,0,0,0,0,0,0,0,0
0c8c6c484ae50e930147df35646a2657,4.4,27706,61,373,100,9,31,63,332,827,267,5,0,9,5,457,28,53,1,3,45,96,0,22,1,1,0,9,2,45,16,31,22,1,5,24,0,40,1,9,1,10,0,0,3,0,0,1,0,2,24,0,0,0,0,6,24,0,0,0,0,0,0,0,390,30,5,16,0,0,0,3,0,0,3,0,159,122,0,9,1146,57238,632,103,16,13,1,3,3,9,30,11,57,69,47,8,105,2,3,0,27,15,1,9,13,23,0,6,2,1,6,5,14,16,2,1,1,3,1,2,1,0,0,0,0,0,0,0,0,0,5,1,0,0,0,1,0,0,0,0,0,0,0,0,0,1,0,0,0,0,0,1,31,7,1,1,1,0,0,0,0,0,0,0,0,0,0,0,0,0,0,0,0,0,0,0,0,0,0,0,0,0,0,0,0,0,0,0,0,0,0,0,0,0,0,0,0,0,0,0,0,0,0,3,0,0,0,0,0,0,0,0,0,0,0,0,0,0,0,0,0,0,0,0,0,0,0,0,0,0,0,0,0,0,0,0,0,0,0,0,0,0,0,0,0,0,0,0,0,0,0,0,0,0,0,0,0,0,0,0,0,0,0,0,0,0,0,0,0,0,0,0,0,0,0,0,0,0,0,0,0,0,0,0,0,0,0,0,0,0
0c8d36315d37bc132d8017b9d38fb226,7.0,0,3,48,58,14,16,3,2,0,14,0,0,8,0,51,4,13,2,1,12,10,1,0,0,1,0,0,1,0,2,2,9,0,5,1,1,0,0,1,0,0,0,0,2,0,0,2,0,5,1,1,8,1,1,6,2,0,0,0,0,0,0,0,1542,0,6,0,0,7,6,0,1,0,1,0,0,0,0,1,0,0,0,0,0,0,0,0,0,0,0,0,0,63,63,0,0,0,0,0,1,0,0,0,1,1,0,0,3,0,0,0,1,0,0,0,1,1,0,0,0,0,0,0,0,0,0,0,63,0,0,0,0,0,0,1,0,0,0,0,0,0,0,0,0,0,0,0,0,0,0,0,0,0,0,0,0,0,4,3,0,0,0,0,0,0,0,0,0,0,0,0,0,0,0,0,0,0,6,0,0,0,0,0,0,2,0,0,0,0,0,0,0,0,0,0,0,0,0,0,0,0,0,0,0,1,0,0,0,0,0,0,0,0,0,0,0,0,0,0,0,0,0,0,0,0,0,0,0,0,0,0,0,0,0,0,0,0,0,0,0,0,0,0,0,0,0,0,0,0,0,0,0,0,0,0,0,0,0,0,0,0,0,0,0,0,0,0,0,0,0,0,0,0,0,0,0,0,0,0,0,0,0,0,0,0,0,0,0,0
0c8da735d00c0dfcde44f278bb0f553b,3.0,0,55,367,277,10,100,108,924,2883,572,76,1,1,8,336,27,53,0,2,59,27,2,9,1,4,4,5,1,19,32,84,105,10,83,8,1,16,2,1,0,30,0,0,1,9,0,1,0,2,4,1,0,0,0,0,5,0,0,0,0,3,145964,437813,0,18,47,7,0,0,0,1,0,0,1,0,0,2,8,0,1,0,0,0,1,26,0,0,0,0,17,0,0,0,0,5,0,136,0,1,28,255,0,13,37,41,2,0,2,0,0,0,12,8,0,1,6,4,0,0,31,0,0,0,0,0,0,0,0,2,12,10,4,0,1,0,9,10,0,0,0,0,0,1,0,0,0,0,0,0,0,0,0,1,0,0,0,0,0,0,0,0,0,0,0,0,0,1,0,0,0,0,0,0,0,0,0,0,0,0,0,0,0,0,0,0,0,0,0,0,0,0,0,0,0,0,0,0,0,0,0,1,0,0,0,0,0,0,0,0,0,0,0,0,0,0,0,0,0,0,0,0,0,0,0,0,0,2,2782,2,0,0,0,0,0,0,0,0,0,0,0,0,0,0,0,0,0,0,0,0,0,0,0,0,0,0,0,0,0,0,0,0,0,0,0,0,0,0,0,0,0,0,0,0,0,0,0,0,0,0,0,0,0,0,0,0,0,0,0,0
921023d253b6dfac1eaabe38f3b36a45,7.0,2,19,75,148,5,20,96,487,2237,359,0,0,1,2,292,14,70,0,1,30,10,1,4,0,1,1,4,1,14,127,9,124,9,425,2,0,1,12,0,0,18,2,2,78,9,0,1,3,0,0,1,3,1,1,2,4,0,0,0,0,0,0,0,1,16,6,2,0,0,0,0,0,0,0,0,0,0,0,0,0,0,0,0,0,1,0,0,0,0,16,0,0,2,0,2,0,111,0,0,18,110,0,2,9,11,0,0,0,0,0,0,7,8,0,3,2,59,0,0,0,0,1,0,0,0,0,0,0,1,5,3,1,0,0,0,0,0,0,0,0,0,0,0,0,0,0,0,0,0,0,0,0,0,0,0,0,0,0,0,0,0,0,0,0,0,0,0,0,0,0,0,0,55,0,0,0,0,0,0,0,0,0,0,0,0,0,0,0,0,0,0,0,0,0,0,0,0,0,0,0,0,0,0,0,0,0,0,0,0,0,0,0,0,0,0,0,0,0,0,0,0,0,0,0,0,0,0,0,0,0,0,0,0,0,0,0,0,0,0,0,0,0,0,0,0,0,0,0,0,0,0,0,0,0,0,0,0,0,0,0,0,0,0,0,0,0,0,0,0,0,0,0,0,0,0,0,0,0,0,0,0,0,0,0,0,0,0,0,0
0ba0a79f06bd8c5d235fd5a8887e35ee,1.2,0,0,0,0,0,0,0,0,0,0,0,0,0,0,0,0,0,0,0,0,0,0,0,0,0,0,0,0,0,0,0,0,0,0,0,0,0,0,0,0,0,0,0,0,0,0,0,0,0,0,0,0,0,0,1,0,0,0,0,0,0,0,0,0,0,0,0,0,0,0,0,0,0,0,0,0,0,0,0,0,0,0,0,0,0,0,0,0,0,0,0,0,0,0,0,0,0,0,0,0,0,0,0,0,0,0,0,0,0,0,0,0,0,0,0,0,0,0,0,0,1,0,0,0,0,0,0,0,0,0,0,0,0,0,0,0,0,0,0,0,0,0,0,0,0,0,0,0,0,0,0,0,0,0,0,0,0,0,0,0,0,0,0,0,0,0,0,0,0,0,0,0,0,0,0,0,0,0,0,0,0,0,0,0,0,0,0,0,0,0,0,0,0,0,0,0,0,0,0,0,0,0,0,0,0,0,0,0,0,0,0,0,0,0,0,0,0,0,0,0,0,0,0,0,0,0,0,0,0,0,0,0,0,0,0,0,0,0,0,0,0,0,0,0,0,0,0,0,0,0,0,0,0,0,0,0,0,0,0,0,0,0,0,0,0,0,0,0,0,0,0,0,0,0,0,0,0,0,0,0,0,0,0,0,0,0,0,0,0
0ba7b67d849fc1cb8c5afe3f26cf7e01,4.4,26,95,374,239,692,34,20,353,216,812,11,0,385,4,597,43,71,9,0,292,193,0,10,2,2,0,0,2,0,76,8,54,0,4,7,2,0,0,6,1,0,0,0,4,0,0,4,2,6,0,1,0,0,0,12,58,0,0,0,0,2,0,0,5,15,32,12,20,11,10,12,11,11,5,0,0,0,0,0,0,68,0,140,1104,464,0,10,10,0,6,95,0,25,1,6,11,0,0,1,2,0,3,25,42,42,0,0,4,0,0,0,20,0,0,5,3,11,0,0,8,11,10,0,0,0,0,0,2,0,0,0,0,0,0,0,14,42,2,0,0,3,0,0,0,0,0,0,0,0,0,0,122,0,2,0,0,0,9,13,0,0,0,0,2,2,0,0,0,0,0,0,0,0,0,0,0,0,0,0,0,0,0,0,0,336,0,0,3,0,0,0,0,0,0,0,0,0,0,0,0,0,0,0,0,328,1,0,0,0,0,0,0,0,0,0,0,10,0,0,0,0,0,10,0,0,1,0,0,0,0,0,0,6,0,0,0,0,0,0,0,0,0,0,0,0,0,0,0,0,0,0,0,0,0,0,0,0,0,0,0,0,0,0,0,0,0,0,0,0,0,0,0,0,0,0,0,0,0,0,0,0,0,0,0,0,0,0,0,0
0ba9143d52ef13c480643ca0f133005a,8.8,6,79,1137,245,11,143,10,131,165,292,10,0,71,1,379,5,28,0,0,25,7,0,12,2,6,4,0,1,81,1,12,14,0,464,4,2,20,1,18,0,2,0,52,464,0,0,1,0,6,3,2,0,0,0,3,22,110,2,78,0,0,0,0,80,8,13,9,0,0,0,26,0,0,2,0,4,0,0,3,4,76,0,0,0,0,0,0,0,0,0,0,0,4,0,1,0,0,0,0,4,3,4,0,2,3,0,0,2,0,0,0,3,0,0,6,2,3,0,0,1,10,25,0,0,2,0,0,0,1,3,0,0,0,0,0,0,0,0,0,0,0,0,0,0,0,0,0,0,0,0,0,0,0,8,0,0,0,244,174,0,0,0,2,292,292,2,0,0,0,0,0,0,0,0,0,0,8,0,0,4,0,0,0,6,0,0,0,0,0,0,0,0,0,0,0,0,0,0,0,0,0,0,0,1,0,8,0,0,0,0,0,0,0,0,0,0,0,0,0,0,80,2,0,0,0,0,0,0,0,2,2,2,0,0,0,0,0,0,0,0,0,0,0,0,0,0,0,0,0,0,0,0,0,0,0,0,0,0,0,0,0,0,0,0,0,0,0,0,0,0,0,0,0,0,0,0,0,0,0,0,0,0,0,0,0,0,0,0,0
0bae9a454befd85ceed074b9ba2232c5,6.4,5,64,225,66,2,11,0,13,26,10,1,0,0,2,22,2,5,0,2,3,8,0,0,0,2,0,0,0,0,4,3,4,0,0,0,2,4,0,0,0,2,0,0,0,0,0,2,0,0,0,1,0,2,2,0,0,0,0,0,0,1,0,0,0,1,1,0,0,0,0,0,0,0,0,0,0,0,0,0,0,219,54,18,0,1,0,0,0,0,0,0,0,5,0,2,38,0,0,0,2,2,0,0,2,2,1,4,0,0,0,0,1,0,0,1,1,2,0,0,0,0,0,0,0,0,0,0,0,1,0,0,0,0,0,1,0,0,0,0,0,0,0,0,0,0,0,0,0,0,0,0,1,0,0,0,0,0,0,0,0,0,0,0,0,0,0,0,0,0,1,0,0,0,1,0,0,0,0,0,0,0,0,0,0,0,0,0,0,0,0,0,0,0,0,0,0,0,0,0,1,0,0,0,0,0,0,0,0,0,0,0,0,0,0,0,0,0,0,36,0,0,0,0,0,0,0,0,0,0,0,0,0,0,0,0,0,0,0,0,0,0,0,0,0,0,0,0,0,0,0,0,0,0,0,0,0,0,0,0,0,0,0,0,0,0,0,0,0,1,0,0,0,0,0,0,0,0,0,0,0,0,0,0,0,0,0,0,0,0
0baff43f1c605432758b38de913d4fea,2.2,2,19,73,87,7,19,96,491,2239,366,0,0,2,2,256,13,93,0,1,38,14,1,5,0,0,0,4,1,14,15,9,67,9,134,2,0,0,8,0,1,20,2,3,25,9,0,0,0,0,0,1,0,0,0,3,4,0,0,0,0,0,0,0,0,16,17,4,0,0,0,0,0,0,2,0,0,0,0,0,0,0,0,0,0,1,0,0,0,0,17,0,0,2,0,2,0,111,0,0,21,112,0,2,9,11,0,0,0,0,4,0,7,8,0,1,1,5,0,0,0,0,0,0,0,0,0,0,0,1,5,3,1,0,0,0,0,0,0,0,0,0,0,0,0,0,1,1,2,1,0,0,0,0,0,0,0,0,0,0,0,0,0,0,0,0,0,0,0,0,0,0,0,0,0,0,0,0,0,0,0,0,0,0,0,0,0,0,0,0,0,0,0,0,0,0,0,0,0,0,0,0,0,0,0,0,0,0,0,0,0,0,0,0,0,0,0,0,0,0,0,0,0,0,0,0,0,0,0,0,0,0,0,0,0,0,0,0,0,0,0,0,0,0,0,0,0,0,0,0,0,0,0,0,0,0,0,0,0,0,0,0,0,0,0,0,0,0,0,0,0,0,0,0,0,0,0,0,0,0,0,0,0,0,0,0,0,0,0,0
0bb1f183dd4b8dc355b2bb434c8b1ab2,10.0,2,76,699,1185,15,2132,34,484,618,320,6,1,40,9,20281,99,402,0,924,47,31,0,18,0,1,18,7,2,19601,185,42,446,0,13,11,0,2,1,13,5,7,1,2,328,0,0,3,0,7,10,0,0,0,0,8,19,1,1,43,0,2,0,0,509,8,103,12,0,0,0,13,0,0,2,0,24,15,8,0,1,9,0,0,0,35,0,0,0,0,5,0,0,128,128,4,0,20,0,1,8,252,2,2,93,100,1,0,3,0,0,0,17,16,0,1,0,88,6,0,12,138,5,0,0,0,0,0,128,1,13,5,1,0,2,0,3,7,0,0,0,1,0,0,2,0,3,3,1,0,0,0,0,1,0,0,0,0,6,13,1,33,0,1,2,2,1,0,0,0,82,6,0,0,1,6,0,4,0,0,2,0,0,0,10,0,0,0,0,0,0,0,0,0,0,0,0,0,2,0,0,202,0,0,0,0,0,0,0,0,0,0,0,0,0,0,2,0,0,0,0,0,6,0,2,0,0,0,202,0,0,6,5,0,0,1,1,584,0,0,0,0,0,0,0,0,0,0,0,0,0,0,0,0,0,0,0,0,0,0,0,0,0,0,0,0,0,0,0,0,0,0,0,0,0,0,0,0,0,0,0,0,0,0,0,0,0,0,0,0
0bb43a92a9ab85c68e42fae201ef5267,4.0,0,6,155,16,1,19,3,4,14,4,0,1,1,0,19735,1,3,0,1,52,16,1,2,1,1,1,0,0,0,9835,9839,9835,0,19659,2,0,11,1,0,0,3280,1,6554,1,0,0,2,0,1,0,1,0,0,0,2,1,0,0,0,0,0,0,0,0,0,6564,0,0,0,0,0,0,0,0,0,0,0,0,0,0,0,0,0,0,0,0,0,0,0,0,0,0,0,0,0,0,0,0,0,3279,3276,1,0,1,1,0,0,1,0,0,0,0,0,0,36043,3276,72087,0,0,0,0,0,0,0,0,0,0,0,0,0,0,0,0,0,0,0,0,0,0,0,0,0,0,0,0,0,0,0,0,0,1,0,0,1,0,0,0,0,0,0,0,0,0,0,0,0,0,0,1,0,0,0,0,0,0,0,0,0,0,0,0,0,0,0,0,0,0,0,0,0,0,0,0,0,0,0,0,0,0,0,0,0,0,0,0,0,0,0,0,0,0,0,0,0,0,0,0,0,0,0,0,0,0,0,0,6552,0,0,0,0,0,0,0,0,1,0,0,0,0,0,0,0,0,0,0,0,0,0,0,0,0,0,0,0,0,0,0,0,0,0,0,0,0,0,0,0,0,0,0,0,0,0,0,0,0,0,0,0,0,0,0,0,0,0,0,0,0,0,0
0bb4967a86f8e4188b7ab808fb87d53f,5.4,2,25,110,115,8,44,98,567,2257,468,1,0,3,2,464,16,122,0,2,43,20,2,9,0,0,0,4,1,122,87,12,97,9,669,2,0,2,61,30,0,27,15,3,140,9,0,4,0,2,28,1,0,0,0,9,10,3,3,111,0,0,0,0,2,17,17,3,0,0,0,0,0,0,1,0,2,2,0,0,0,0,0,0,0,12,25,0,0,0,20,0,2,4,2,3,0,111,0,0,33,112,0,4,11,13,0,0,2,0,4,0,20,8,0,1,2,37,5,0,46,0,0,0,0,0,0,0,0,3,5,6,1,0,1,0,23,22,0,0,0,0,0,0,0,0,0,0,0,1,0,0,0,0,0,0,0,0,17,17,0,0,0,0,0,0,0,0,0,0,0,0,0,9,0,0,0,0,0,0,0,0,0,0,0,0,0,0,0,0,0,0,0,0,0,0,0,0,0,0,0,0,0,0,0,0,0,0,0,0,0,0,0,0,0,0,0,0,0,0,0,0,0,0,0,0,0,0,0,0,0,0,0,129,0,0,0,0,0,0,0,0,0,0,0,0,0,0,0,0,0,0,0,0,0,0,0,0,0,0,0,0,0,0,0,0,0,0,0,0,0,0,0,0,0,0,0,0,0,0,0,0,0,0,0,0,0,0,0,0
0bb5751aa6eab9b0c2c094c7653c3633,5.4,0,2,35,17,1,4,1,1,0,3,0,0,1,0,765,2,3,1,1,744,1188,1,2,1,2,2,2,0,0,0,1,1,1,1,0,0,0,0,0,0,0,0,0,0,0,0,1,0,0,0,0,5,1,1,6,2,0,0,0,0,0,0,0,0,0,0,0,0,0,0,0,0,0,0,0,0,0,0,0,0,0,0,0,0,0,0,0,0,0,0,0,0,56,56,0,0,0,0,0,0,0,0,0,0,0,0,0,1,0,0,0,0,0,0,0,0,0,0,0,0,0,0,0,0,0,0,0,56,0,0,0,0,0,0,0,0,0,0,0,0,0,0,0,0,0,0,0,0,0,0,0,0,0,0,0,0,0,0,0,0,0,0,0,0,0,0,0,0,0,0,0,0,0,0,0,0,0,0,0,0,0,0,0,0,0,0,0,0,0,0,0,0,0,0,0,0,0,0,0,0,0,0,0,0,0,0,0,0,0,0,0,0,0,0,0,0,0,0,0,0,0,0,0,0,0,0,0,0,0,0,0,0,0,0,0,0,0,0,0,0,0,0,0,0,0,0,0,0,0,0,0,0,0,0,0,0,0,0,0,0,0,0,0,0,0,0,0,0,0,0,0,0,0,0,0,0,0,0,0,0,0,0,0,0,0,0,0,0,0
0bb957939c2befbe15fad0e60915170c,2.2,0,29,236,6,7,4,1,0,0,4,0,0,8,0,32,0,1,1,2,3,6,0,0,0,0,0,0,0,0,2,1,0,0,0,0,0,7,0,0,0,0,0,0,0,0,0,0,0,0,0,1,0,0,0,3,2,0,0,0,0,0,0,0,0,0,0,0,0,0,0,0,0,0,0,0,0,3,0,0,0,0,0,0,0,2,0,0,0,0,0,0,0,0,0,4,0,0,0,0,0,0,0,4,0,0,0,0,1,0,0,0,0,0,0,0,0,0,0,0,0,0,0,0,0,0,0,0,0,0,0,0,0,0,0,0,0,0,0,0,0,0,0,0,0,1,0,0,0,0,0,1,31,6,0,0,0,0,0,0,0,0,0,0,0,0,0,0,0,0,0,0,0,0,0,0,0,0,0,0,0,0,0,0,0,0,0,0,0,0,0,0,0,0,0,0,0,0,0,0,0,0,0,0,0,0,0,0,0,0,0,0,0,0,0,0,0,0,0,0,0,0,0,0,0,0,0,0,0,0,0,0,0,0,0,0,0,0,0,0,0,0,0,0,0,0,0,0,0,0,0,0,0,0,0,0,0,0,0,0,0,0,0,0,0,0,0,0,0,0,0,0,0,0,0,0,0,0,0,0,0,0,0,0,0,0,0,0,0,0
0bbd644318b52ad6750a7a3eac905255,9.0,15,163,5535,224,32,4475,330,960,1290,823,10,0,18,7,1336,39,39,0,2,132,727,0,38,5,2,17,12,3,53,32,58,149,26,156,49,0,40,5,35,1,11,0,0,1,29,0,5,0,7,34,0,3,0,0,10,29,182,179,8697,0,0,0,1,884,157,7,47,2,0,0,6,0,0,14,0,687,478,8,17,166,274,38,7,8,247,2,6,6,7,152,24,123,136,105,14,50,33,5,1,34,101,0,14,29,45,2,8,6,2,13,10,25,24,4,2,9,160,2,2,13,3,0,0,0,0,0,0,0,1,10,7,0,0,1,2,5,7,0,0,0,0,0,0,0,1,0,7,0,0,1,0,93,10,0,1,1,0,36,36,3,52,6,0,0,0,0,0,0,0,0,0,0,0,0,0,0,0,0,0,0,0,0,0,0,0,0,0,0,0,0,0,0,0,0,0,0,0,0,0,0,0,0,3,0,0,0,0,0,0,0,0,0,0,0,0,0,0,0,0,0,0,0,0,0,0,0,0,0,0,0,0,0,0,0,0,0,0,0,0,0,0,0,0,0,0,0,0,0,0,0,0,0,0,0,0,0,0,0,0,0,0,0,0,0,0,0,0,0,0,0,0,0,0,0,0,0,0,0,0,0,0,0,0,0,0,0,0,0,0
0bc0e513459e5044a6492c903ca1c52b,3.6,0,34,257,11,6,2,33,45,42,52,1,0,48,0,44,0,1,0,0,8,2,0,5,0,0,0,0,0,0,0,4,1794,0,0,2,1,0,0,9,0,0,0,0,0,0,0,0,0,1,2,0,0,0,0,0,7,1,1,37,0,0,0,0,33,2,5,4,0,0,0,13,0,0,1,0,2,0,0,0,0,0,0,32,0,0,0,0,0,0,0,0,0,0,0,0,0,0,0,0,0,0,2,0,1,1,0,0,0,0,0,0,1,0,0,0,0,0,0,0,0,0,10,0,0,0,0,0,0,0,1,0,0,0,0,0,0,0,0,0,0,0,0,0,1,0,0,0,0,0,0,0,0,0,1,0,0,0,7,19,0,0,0,1,2,2,1,0,0,0,0,0,0,0,0,0,0,4,0,0,2,0,7,0,0,0,0,0,0,0,0,0,0,0,0,0,0,0,0,0,0,0,0,0,0,0,0,0,0,0,0,0,0,0,0,0,0,0,0,0,0,0,0,0,0,0,0,0,0,0,0,0,0,0,0,0,0,0,0,0,0,0,0,0,0,0,0,0,0,0,0,0,0,0,0,0,0,0,0,0,0,0,0,0,0,0,0,0,0,0,0,0,0,0,0,0,0,0,0,0,0,0,0,0,0,0,0,0,0,0
0bc8bce5c3cc3add359f3607371fcadf,10.0,0,12,79,10,4,8,2,49,36,57,0,0,0,1,83,7,0,0,0,10,9,0,4,0,1,0,3,1,0,9,11,5,0,1,2,0,6,0,0,0,2,0,2,0,0,0,2,0,0,0,0,10,1,1,6,5,1,0,12,0,0,0,0,2,0,6,0,0,0,0,0,0,0,0,0,0,0,0,0,0,0,0,0,0,1,0,0,0,0,0,0,0,1,1,0,0,0,0,0,2,0,1,4,1,2,0,0,1,0,0,0,7,8,0,4,0,4,1,0,0,2,1,0,0,0,0,0,1,0,1,0,0,0,1,0,2,4,0,0,0,0,0,0,0,0,0,0,0,0,0,0,31,3,0,0,0,0,2,3,0,0,0,0,0,0,0,0,0,0,0,0,0,0,0,0,0,0,0,0,0,0,0,0,0,0,0,0,0,0,0,0,0,0,0,0,0,0,0,0,0,0,0,0,0,0,0,0,0,0,0,0,0,0,0,0,0,0,0,0,0,0,0,0,0,0,1,0,0,0,0,0,0,0,0,0,0,0,0,4,0,0,0,0,0,0,0,0,0,0,0,1,0,0,0,0,0,0,0,0,0,0,0,0,0,0,0,0,0,0,0,0,0,0,0,0,0,0,0,0,0,0,0,0,0,0,0,0,0,0
0bc292b54bb66c43a92ea63ae6941a30,1.6,12,13,1302,18,2,1188,2,9,4,4,1,1,0,1,27,2,2,0,0,5,4,0,0,0,0,0,0,0,0,0,0,2,0,1,0,0,0,1,0,1,0,0,0,1,0,0,0,0,0,0,0,0,0,0,3,1,0,0,0,0,0,0,0,0,1,0,1,0,0,0,0,0,0,0,0,0,0,0,0,0,6,0,0,0,2,0,0,0,0,1,0,0,6,0,0,2,0,0,0,0,0,0,0,0,1,1,0,1,0,0,0,0,0,0,0,1,0,0,0,0,0,0,0,0,0,0,0,0,0,0,0,0,0,0,0,0,0,0,0,0,1,0,0,0,0,0,0,0,0,0,0,0,1,0,0,0,0,0,0,0,0,0,0,0,0,0,0,0,0,0,0,0,0,0,0,0,0,0,0,0,0,0,0,0,0,0,0,0,0,0,0,0,0,0,0,0,0,0,0,0,0,0,0,0,0,0,0,0,0,0,0,0,0,0,0,0,0,0,0,0,0,0,0,0,0,0,0,0,0,0,0,0,0,0,0,0,0,0,0,0,0,0,0,0,0,0,0,0,0,0,0,0,0,0,0,0,0,0,0,0,0,0,0,0,0,0,0,0,0,0,0,0,0,0,0,0,0,0,0,0,0,0,0,0,0,0,0,0,0
0bca3e8bdbaebdd0b50a435129be55a8,8.8,2,147,1327,256,15,147,10,237,435,414,10,0,71,5,451,5,42,0,0,30,8,0,13,2,6,4,0,3,97,1,100,38,0,464,20,2,20,1,19,0,2,0,38,464,0,0,1,0,6,3,2,0,0,0,3,48,128,2,84,0,0,0,0,69,8,13,9,0,0,0,26,0,0,2,0,4,0,0,3,4,76,0,0,0,76,0,2,2,0,0,0,0,0,0,1,0,0,0,0,4,3,4,0,2,5,0,0,2,0,0,0,15,0,0,6,2,3,0,0,2,8,25,0,0,2,0,0,0,1,5,0,0,0,0,12,0,0,0,0,0,0,0,0,0,0,0,0,0,0,0,0,0,0,8,0,0,0,283,201,0,0,0,2,340,340,2,0,0,0,0,0,0,0,0,0,0,8,0,0,4,0,0,0,6,0,0,0,0,0,0,0,0,0,0,0,0,0,0,0,0,0,0,0,1,0,8,0,0,0,0,0,0,0,0,0,0,0,0,0,0,80,2,0,0,0,0,0,0,0,0,2,2,0,0,0,0,0,0,0,0,0,0,0,0,0,0,0,0,0,0,0,0,0,0,0,0,0,0,0,0,0,0,0,0,0,0,0,0,0,0,0,0,0,0,0,0,0,0,0,0,0,0,0,0,0,0,0,0,0
0bcadfa6300173d952219bf4674ac140,2.2,0,8,73,25,0,0,0,0,0,5,0,0,0,0,15525,0,67,0,0,2,2,0,0,0,0,0,0,0,0,30318,1,10393,0,3,0,0,2,0,0,0,7,0,0,10390,0,0,0,0,0,0,1,0,0,0,0,0,0,0,0,0,0,0,0,0,0,5181,0,0,0,0,0,0,0,0,0,0,0,0,0,0,0,0,0,0,0,0,0,0,0,0,0,0,1,1,0,0,0,0,0,3,10929,0,0,1,1,0,0,0,0,0,0,1,0,0,0,3,6,3,0,0,0,0,0,0,0,0,0,1,0,0,0,0,0,0,0,0,0,0,0,0,0,0,0,0,0,0,0,0,0,0,0,0,0,0,0,0,0,5,5,0,0,0,0,0,0,0,0,0,0,0,0,0,10391,0,0,0,0,0,0,0,0,0,0,0,0,0,0,0,0,0,0,0,0,0,0,0,0,0,0,0,0,0,0,0,0,0,0,0,0,0,0,0,0,0,1,0,0,0,0,0,0,0,0,0,0,0,0,0,0,0,0,0,0,0,0,0,0,0,0,0,0,0,0,0,0,0,0,0,0,0,0,0,0,0,0,0,0,0,0,0,0,0,0,0,0,0,0,0,0,0,0,0,0,0,0,0,0,0,0,0,0,0,0,0,0,0,0,0,0
0bcb9d32d1e51bbe13fbf4cc0c8f05ef,2.8,0,233,0,198,0,0,0,0,0,0,0,0,0,0,0,0,0,0,0,0,0,0,0,0,21,0,0,0,0,0,0,422,0,0,0,0,86,0,0,0,0,0,0,78,0,0,1,0,0,0,0,0,0,0,0,0,0,0,0,0,0,0,0,4,103,0,71,0,0,0,0,0,0,0,0,0,0,0,0,0,0,0,0,0,0,0,0,0,0,83,0,0,0,0,0,0,0,0,0,295,0,0,0,0,0,0,0,0,0,0,0,0,0,0,0,0,0,0,0,0,0,0,0,0,0,0,0,0,4,0,0,0,0,0,0,0,0,0,0,0,2,0,0,0,0,0,7,0,0,0,0,0,0,0,0,0,0,0,0,0,0,0,0,0,0,0,0,0,0,0,0,0,0,0,0,0,0,0,0,0,1,0,0,0,0,0,0,0,0,0,0,0,0,0,0,0,0,0,0,0,0,0,0,0,0,0,0,0,0,0,0,0,0,0,0,0,0,0,0,0,0,0,0,0,0,0,0,0,0,0,0,0,0,0,0,0,0,0,0,0,0,0,0,0,0,0,0,0,0,0,0,0,0,0,0,0,0,0,0,0,0,0,0,0,0,0,0,0,0,11,1,1,0,0,0,0,0,0,0,0,0,0,0,0,0,0,0,0,0
0bcf91648d83711aa261e8fe41a082b1,13.2,415,255,2994,525,48,689,76,323,353,631,67,455,67,9,4125,51,90,5,34,272,699,5,101,6,8,73,14,7,733,256,30,94,23,167,376,1,430,22,361,6,21,1,5,16089,0,0,3,900,58,299,1,657,0,0,6,42,20,20,823,14,15,15,15,884,28,376,58,0,1,0,18,1,1,10,1,623,534,1,13,1443,1537,635,113,10,58,1,4,4,2,22,13,125,533,107,16,141,22,2,0,73,807,3,9,29,90,29,217,1,1,7,5,7,8,2,7,2,3,7,0,0,3,16049,0,0,0,0,8,0,1,1,4,32,0,0,0,6,0,811,0,0,5,2,0,11,0,4,6,2,0,0,0,0,0,1,0,18,0,9,17,0,0,0,7,2,2,6,0,0,3,1,28,0,3,29,2,0,4,0,0,2,0,0,0,15,0,2,0,0,0,0,0,0,0,0,0,0,0,0,0,0,0,1,0,4,0,0,0,0,0,0,0,0,0,0,0,0,0,0,0,0,0,7,0,4,2,0,0,0,0,0,7,5,0,0,0,0,0,0,0,0,0,0,0,0,1,0,0,0,0,0,0,0,0,0,0,0,0,0,0,0,1,2,0,0,0,0,0,0,0,0,0,0,0,0,0,0,0,0,0,0,0,0,0,0,0,0,0,0,0
0bd0f0125cfa6a3c42767f0d9d0a3a70,3.8,0,34,857,35,460,701,4,31,24,78,2,1,75,2,58,1,44,1,1,23,11,0,6,0,0,157,0,1,0,23,0,82,0,2,1,5,3,0,0,0,2,3,0,0,0,0,0,1,0,0,2,0,0,0,0,0,0,0,0,0,0,0,0,4,0,165,1,0,4,3,0,0,0,1,0,0,0,0,0,0,0,0,0,0,0,0,1,2,0,0,0,0,0,0,0,0,0,0,1,2,8,0,0,1,4,0,0,1,2,0,2,1,0,0,0,3,0,0,0,0,0,0,0,0,0,0,0,0,1,3,0,0,0,0,0,0,0,1,0,0,0,0,0,8,0,0,0,0,0,0,0,0,0,0,0,0,0,2,1,0,0,0,0,0,0,0,0,0,0,0,0,0,3,0,8,0,0,3,0,0,0,0,0,0,17,0,0,0,0,0,0,0,0,0,0,0,0,0,0,0,0,0,0,0,0,2,0,0,0,0,1,1,0,0,0,0,0,0,0,0,0,0,0,0,0,0,0,0,0,0,0,0,0,0,0,0,0,0,0,0,0,0,0,0,0,0,0,0,0,0,0,0,0,0,0,0,0,0,0,0,0,0,0,0,0,0,0,0,0,0,0,0,0,0,0,0,0,0,0,0,0,0,0,0,0,0,0,0,0
4b882f26874fffd4caa6d768c1cbae9b,6.2,79644,58,213,94,10,26,9,26,3,15,5,1,5,2,65,1,15,1,0,21,25,0,2,0,1,0,0,1,0,19,80,5,0,16,3,0,6,1,0,0,4,2,0,27,0,0,3,0,0,0,1,0,1,1,3,6,1,1,39,0,0,0,0,132,0,26544,0,0,0,1,0,0,0,0,0,7,7,0,0,26544,23,0,2,0,1,0,0,0,0,1,0,1,26571,18,4,0,0,0,0,11,0,0,0,2,3,0,0,2,0,0,0,6,0,0,0,1,18,2,0,0,5,0,0,0,1,1,0,34,2,1,0,0,0,0,2,0,0,0,0,0,0,0,0,0,26543,0,0,0,1,0,0,2,0,0,0,0,0,2,1,0,0,0,0,0,0,0,0,0,0,0,0,0,2,0,0,0,0,0,0,0,0,0,0,0,0,3,0,0,0,0,0,0,0,0,0,62,0,0,0,2,0,0,0,0,0,0,0,0,0,0,0,0,0,0,0,0,0,0,20,0,0,0,1,0,0,0,0,0,0,2,0,0,0,0,0,0,0,0,0,0,0,0,0,0,0,0,0,0,0,0,0,0,0,0,0,0,0,0,0,0,0,0,0,0,0,0,0,0,0,0,0,0,0,0,0,0,0,0,0,0,0,0,0,0,0,0,0,0,0
0bd0f8949b2a4504b343bc6af1d4b6b5,7.4,182,267,1537,298,125,110,157,1564,941,1244,25,4,148,10,1340,75,44,2,5,248,404,3,106,3,13,106,7,2,76,64,96,134,29,277,30,13,113,14,118,4,39,21,1,55,13,0,9,4,25,51,13,0,0,0,22,57,0,0,0,0,1,0,0,418,83,66,64,0,2,0,61,2,2,15,0,676,428,26,10,1114,2043,952,117,30,242,0,4,4,3,61,13,52,233,50,7,146,44,0,2,25,45,8,11,74,131,0,7,9,7,12,21,20,16,8,59,35,395,0,0,24,3,20,0,0,7,2,0,1,8,27,4,1,0,0,5,30,25,4,0,0,5,0,0,2,0,5,19,4,0,0,0,2,0,0,0,0,0,11,5,0,0,0,0,8,8,7,2,2,19,36,17,1,3,6,2,189,4,2,12,0,0,0,0,0,5,0,60,1,1,1,1,1,1,0,0,0,0,0,0,2,0,0,10,1,0,0,6,0,0,0,0,0,0,0,0,0,0,0,0,0,0,0,0,0,0,28,0,0,0,1,0,0,40,0,0,0,0,0,0,0,0,0,0,0,0,0,0,0,0,0,0,0,0,0,0,0,0,0,0,0,0,0,0,0,0,0,0,0,0,0,0,0,1,1,0,0,0,0,0,0,0,0,0,0,0,0,0,0,0
0bd4f9b53991e86e39945559be074f40,3.4,0,19,306,18,5,8,2,5,1,7,0,0,37,0,13,0,6,0,1,9,8,1,4,1,1,0,2,0,0,0,1,1,0,1,0,0,10,0,0,0,0,0,0,1,0,0,0,0,1,0,1,0,0,0,0,4,0,0,0,0,0,2,2,1,3,0,0,0,0,0,0,0,0,1,0,0,0,0,0,4,1,0,0,0,0,0,0,0,0,0,0,0,0,0,0,0,0,0,0,0,0,2,0,0,0,0,0,2,0,0,0,0,0,0,0,0,0,3,0,0,0,10,0,0,0,0,0,0,0,0,0,0,0,0,0,0,0,0,0,0,0,0,0,0,0,0,0,0,0,0,1,0,0,0,0,0,0,6,12,0,0,0,1,2,2,0,0,0,0,0,8,0,0,0,3,0,0,0,0,0,0,0,0,4,0,0,0,0,0,0,0,0,0,0,0,0,0,0,0,0,2,0,0,0,0,0,0,0,0,0,0,0,0,16,0,0,0,0,0,0,0,3,0,0,0,0,0,0,0,0,3,2,0,0,0,0,0,0,0,0,0,0,0,0,1,0,0,0,0,0,0,0,0,0,0,0,0,0,0,0,0,0,0,0,0,0,0,0,0,0,0,0,0,0,0,0,0,0,0,0,0,0,0,0,0,0,0,0,0
0bd7b030c8a77d6fc86f6cd3bb5d2890,1.2,0,0,0,0,0,0,1,0,0,0,0,0,0,0,0,0,0,0,0,0,0,0,0,0,0,0,0,0,0,0,0,0,0,0,0,0,0,0,0,0,0,0,0,0,0,0,0,0,0,0,0,0,0,0,1,0,0,0,0,0,0,0,0,0,0,0,0,0,0,0,0,0,0,0,0,0,0,0,0,0,0,0,0,0,0,0,0,0,0,0,0,0,0,0,0,0,0,0,0,0,0,0,0,0,0,0,0,0,0,0,0,0,0,0,0,0,0,0,0,0,1,0,0,0,0,0,0,0,0,0,0,0,0,0,0,0,0,0,0,0,0,0,0,0,0,0,0,0,0,0,0,0,0,0,0,0,0,0,0,0,0,0,0,0,0,0,0,0,0,0,0,0,0,0,0,0,0,0,0,0,0,0,0,0,0,0,0,0,0,0,0,0,0,0,0,0,0,0,0,0,0,0,0,0,0,0,0,0,0,0,0,0,0,0,0,0,0,0,0,0,0,0,0,0,0,0,0,0,0,0,0,0,0,0,0,0,0,0,0,0,0,0,0,0,0,0,0,0,0,0,0,0,0,0,0,0,0,0,0,0,0,0,0,0,0,0,0,0,0,0,0,0,0,0,0,0,0,0,0,0,0,0,0,0,0,0,0,0,0
0bd7b427f9512a4948081dc2d01e121d,11.4,13,266,6997,388,95,4579,126,213,219,628,33,4,77,16,2626,11,64,7,15,311,609,4,112,7,14,37,15,10,296,28,178,83,3,75,392,10,179,5,392,1,44,1,1,10702,2,1,5,4,44,369,1,85,1,1,4,32,8,8,362,15,4,4,11,697,44,17,88,116,12,8,14,4,4,16,2,978,796,1,21,1221,1687,577,112,12,65,3,9,9,6,34,43,137,147,105,18,176,1,8,2,146,29,8,11,22,22,28,228,3,3,21,20,20,24,5,8,2,4,2,0,0,7,10644,3,3,0,0,6,0,0,0,0,0,0,0,5,0,0,1,1,1,0,1,0,0,0,0,0,0,0,0,0,0,0,0,0,0,0,0,0,0,0,0,0,0,0,0,0,0,0,0,0,0,0,1,0,0,0,0,0,0,0,0,0,0,0,0,0,0,0,0,0,0,0,0,0,0,0,0,0,0,0,0,0,0,0,0,0,0,0,0,0,0,0,0,0,0,0,0,0,0,0,0,0,0,0,0,0,0,0,0,0,0,0,0,0,0,0,0,0,0,0,0,0,0,0,0,6,0,0,0,0,0,0,0,0,0,0,0,0,0,1,0,0,0,0,0,0,0,0,0,0,0,0,0,0,0,0,0,0,0,0,0,0,0,0,0,0,0,0
0bd9f3a7f219d1d10ac894bdfb9248f0,2.8,4,21,85,32,16,3,0,0,0,13,1,0,21,0,20,0,6,0,0,4,7,0,1,1,1,0,0,0,0,8,37,2,0,0,1,0,3,0,0,0,0,0,1,1,0,0,0,0,0,0,0,0,0,0,3,21,1,1,41,0,0,0,0,303,0,0,0,0,0,0,0,0,0,0,0,0,0,0,0,0,8,0,1,0,0,0,0,0,0,1,0,0,5,1,0,0,0,0,0,2,0,0,0,0,0,0,1,0,0,0,0,0,0,0,1,0,0,0,0,0,168,0,0,0,0,1,0,1,1,0,0,0,0,0,1,0,0,0,0,0,0,0,0,0,0,0,0,0,0,0,0,1,0,0,0,0,0,0,0,0,0,0,0,1,0,0,0,0,0,0,0,0,0,0,0,0,0,0,0,0,0,0,0,0,0,0,0,0,0,0,0,0,0,0,0,0,0,0,0,1,0,0,0,0,0,0,0,0,0,0,1,0,0,0,0,0,0,0,0,0,0,0,0,0,0,0,0,0,0,1,0,0,0,0,0,0,0,0,0,0,0,0,0,0,0,0,0,0,0,0,0,0,0,0,0,0,0,0,0,0,0,0,0,0,0,0,1,0,0,0,0,0,0,0,0,0,0,0,0,0,0,0,0,0,0,0,0,0,0
0bd74ced38f107549d28b77857da1483,1.2,0,0,0,0,0,0,0,0,0,0,0,0,0,0,0,0,0,0,0,0,0,0,0,0,0,0,0,0,0,0,0,0,0,0,0,0,0,0,0,0,0,0,0,0,0,0,0,0,0,0,0,0,0,0,1,0,0,0,0,0,0,0,0,0,0,0,0,0,0,0,0,0,0,0,0,0,0,0,0,0,0,0,0,0,0,0,0,0,0,0,0,0,0,0,0,0,0,0,0,0,0,0,0,0,0,0,0,0,0,0,0,0,0,0,0,0,0,0,0,0,1,0,0,0,0,0,0,0,0,0,0,0,0,0,0,0,0,0,0,0,0,0,0,0,0,0,0,0,0,0,0,0,0,0,0,0,0,0,0,0,0,0,0,0,0,0,0,0,0,0,0,0,0,0,0,0,0,0,0,0,0,0,0,0,0,0,0,0,0,0,0,0,0,0,0,0,0,0,0,0,0,0,0,0,0,0,0,0,0,0,0,0,0,0,0,0,0,0,0,0,0,0,0,0,0,0,0,0,0,0,0,0,0,0,0,0,0,0,0,0,0,0,0,0,0,0,0,0,0,0,0,0,0,0,0,0,0,0,0,0,0,0,0,0,0,0,0,0,0,0,0,0,0,0,0,0,0,0,0,0,0,0,0,0,0,0,0,0,0
0bd393b2e1771f2d5fed6df051644ae2,5.6,13,65,422,43,38,31,26,337,868,293,0,0,44,1,232,11,4,0,0,31,12,0,5,2,0,0,6,1,28,3,3,27,0,7,2,0,30,1,1,1,5,0,0,6,0,0,3,0,0,0,0,2,0,0,6,6,5,3,95,0,0,0,0,9,14,15,4,2,0,0,0,0,0,0,0,0,0,0,2,0,84,0,0,0,191,0,0,0,0,11,0,0,13,0,11,10,2,0,0,6,7,0,12,6,11,1,1,4,0,0,0,13,8,0,5,4,4,0,0,0,0,0,0,0,0,0,0,0,1,8,1,0,0,1,0,0,0,0,0,0,0,0,0,0,1,0,0,0,0,0,0,93,31,0,1,1,0,24,24,2,52,0,0,0,0,0,0,0,0,0,0,0,0,0,0,0,0,0,0,0,0,0,0,0,0,0,0,0,0,0,0,0,0,0,0,0,0,0,0,0,0,0,0,0,0,0,0,0,0,0,0,0,0,0,0,0,0,0,0,0,0,0,0,0,0,0,0,0,0,0,0,0,0,0,0,0,0,0,0,0,0,0,0,0,0,0,0,0,0,0,0,0,0,0,0,0,0,0,0,0,0,0,0,0,0,0,0,0,0,0,0,0,0,0,0,0,0,0,0,0,0,0,0,0,0,0,0,0,0
0bd71825178b22c564cc18260644bed5,6.0,3,134,453,27,0,244,0,0,0,1,2,0,0,0,23,5,2,2,0,4,2,0,2,0,1,5,0,0,1,0,2,18,0,2,0,1,2,0,0,0,0,2,0,0,0,0,1,0,1,0,0,6,1,1,1,5,1,1,11,0,0,0,0,10,0,0,0,0,11,10,0,0,0,0,0,0,0,0,0,1,26,0,1,0,0,0,0,0,0,0,0,0,2,0,2,0,0,0,0,0,0,0,0,0,0,0,0,0,0,0,0,1,0,0,0,4,0,0,0,0,0,0,0,0,0,0,0,14,0,0,0,0,0,0,0,0,0,0,0,0,0,0,0,0,0,0,0,0,0,0,0,0,0,0,0,0,0,0,0,0,0,0,0,0,0,0,0,0,0,0,0,0,0,0,0,0,0,11,10,0,0,0,0,0,0,2,0,0,0,0,0,0,0,11,0,0,0,0,0,2,0,0,1,0,0,0,0,0,0,0,0,0,0,0,0,0,0,0,0,0,0,0,11,0,0,0,0,0,0,0,0,0,0,0,1,0,0,0,0,0,0,0,0,0,0,0,0,0,0,0,0,0,0,0,0,0,0,0,0,0,0,0,0,0,0,0,0,0,0,0,0,0,0,0,0,0,0,0,0,0,0,0,0,0,0,0,0,0,0
0c558b1505c9e91d71d97ed64ab4704b,4.6,25,30,523,13,367,14,0,15,7,51,1,1,34,2,372,0,3,0,1,76,2,0,89,0,0,0,0,0,80,0,0,1,0,0,0,2,6,0,0,0,0,1,0,0,0,0,0,1,0,0,0,0,0,0,176,0,168,168,6535,0,0,0,0,0,1,0,0,0,0,0,0,0,0,0,0,0,0,0,0,10,187,49,73,2,0,0,0,0,0,0,0,0,27,4,1,36,0,0,0,0,0,0,4,1,2,0,0,0,0,0,0,2,0,0,0,0,0,0,0,0,0,0,0,0,0,0,0,5,0,1,0,0,0,0,0,0,0,1,0,0,0,0,0,0,0,0,0,0,0,0,0,96,0,0,0,0,0,12,18,0,0,0,0,0,0,0,0,0,0,0,0,0,0,0,0,0,0,0,0,0,0,0,0,0,344,0,8,0,0,0,0,0,0,0,0,0,0,0,0,0,0,0,0,0,30,0,0,0,0,0,0,0,174,0,0,21,0,0,0,0,0,0,0,0,0,0,0,0,0,0,0,0,0,0,0,0,0,0,0,0,0,0,0,0,0,0,0,0,0,0,0,0,0,0,0,0,0,0,0,0,0,0,0,0,0,0,0,0,0,0,0,0,0,0,0,0,0,0,0,0,0,0,0,0,0,0,0,0,0
0bde545491e692b0124b41bbbd3fcff3,2.4,0,17,395,18,5,7,6,5,3,8,3,1,3,1,29,2,5,1,1,6,5,1,2,1,1,2,2,0,0,0,1,2,1,1,0,0,11,0,0,0,0,0,0,0,0,0,0,0,0,0,0,6,0,0,3,1,0,0,0,0,0,0,0,0,0,0,0,0,0,0,0,0,0,0,0,0,0,0,0,0,0,0,0,0,0,0,0,0,0,0,0,0,0,0,0,0,0,0,0,0,0,0,0,0,0,0,0,1,0,0,0,0,0,0,0,0,0,0,0,0,0,4,0,0,0,0,0,0,0,0,0,0,0,0,0,0,0,0,0,0,0,0,0,0,0,0,0,0,0,0,1,0,0,0,0,0,0,0,0,0,0,0,0,0,0,0,0,0,0,0,0,0,0,0,0,0,0,0,0,0,0,0,0,0,0,0,0,0,0,0,0,0,0,0,0,0,0,0,0,0,0,0,0,0,0,0,0,0,0,0,0,0,0,0,0,0,0,0,0,0,0,0,0,0,0,0,0,0,0,1,0,0,0,0,0,0,0,0,0,0,0,0,0,0,0,0,0,0,0,0,0,0,0,0,0,0,0,0,0,0,0,0,0,0,0,0,0,0,0,0,0,0,0,0,0,0,0,0,0,0,0,0,0,0,0,0,0,0,0
0bdf28ea76b06e56ac2c425a3d86cdd8,9.6,276,348,1971,637,855,328,496,2664,2278,2790,33,0,1425,34,3072,75,74,2,13,390,968,2,93,7,13,136,23,25,64,84,136,541,41,499,117,17,118,13,156,1,72,15,0,80,33,18,8,2,30,60,9,1,0,0,7,67,255,254,11831,0,1,0,1,1567,214,532,177,2,8,5,63,2,2,22,0,1095,753,27,181,1409,2996,1416,166,10,319,4,14,14,10,182,59,170,438,132,20,171,39,10,8,83,154,5,45,101,127,0,15,10,6,25,20,51,50,24,15,37,529,4,0,530,8,20,0,0,4,0,12,0,4,36,24,2,0,0,5,27,49,2,0,0,2,0,0,0,1,0,19,0,0,0,2,62,539,1,1,1,0,25,33,1,0,0,0,5,5,15,1,1,9,38,18,1,4,6,6,1,14,7,50,4,1,0,0,2,22,12,55,1,1,1,1,1,1,0,0,0,2,9,0,0,0,0,0,0,0,0,3,0,0,0,0,0,0,0,0,0,5,5,0,0,0,0,1,0,0,0,0,0,0,0,0,0,0,0,0,0,0,0,0,0,0,0,0,0,0,0,0,0,0,0,0,0,0,0,0,0,0,0,0,0,0,0,0,0,0,0,0,0,0,0,0,0,0,0,0,0,0,0,0,0,0,0,0,0,0,0,0,0,0
0be7cd3bcbd4c288ab3f13c3ce891e4b,5.6,0,28,313,31,13,40,1,27,23,53,2,0,45,0,34,2,5,1,0,7,0,0,5,1,2,1,0,0,2,0,4,4,0,1,2,0,18,0,5,0,0,0,0,1,0,0,1,0,1,0,0,0,0,0,1,6,0,0,0,0,0,0,0,1,3,0,3,0,0,0,13,0,0,1,0,14,27,0,0,0,3,0,0,0,0,0,0,0,0,0,0,0,0,0,0,0,0,0,0,0,0,2,0,2,4,0,0,0,0,0,0,0,0,0,0,0,0,0,0,0,0,10,0,0,0,0,0,0,0,0,0,0,0,0,0,0,0,0,0,0,0,0,0,0,0,0,0,0,0,0,0,0,0,0,0,1,0,5,12,0,0,0,1,2,2,0,0,0,0,0,0,0,0,0,0,0,2,0,0,2,0,0,0,0,18,0,11,0,0,0,0,0,0,0,0,0,0,0,0,0,1,0,6,0,0,2,0,0,0,0,0,0,0,0,0,0,0,0,0,0,0,1,0,0,0,0,0,0,2,0,1,0,0,0,0,0,0,0,0,0,0,0,0,0,0,0,0,0,0,0,0,0,0,0,0,0,2,0,0,0,0,0,0,0,0,0,0,0,0,0,0,0,0,0,0,0,0,0,0,0,0,0,0,0,0,0,0,0,0
0be7dd291870f849a328db730c39bcc0,1.6,228,13,1472,18,4,1358,2,5,4,4,1,1,0,1,27,2,1,0,0,5,4,0,0,0,0,0,0,0,0,0,0,3,0,1,0,0,0,1,0,1,0,0,0,1,0,0,0,0,0,0,0,0,0,0,3,1,0,0,0,0,0,0,0,0,1,0,1,0,0,0,0,0,0,0,0,0,0,0,0,0,6,0,0,0,2,0,0,0,0,1,0,0,6,0,0,2,0,0,0,0,0,0,0,0,1,1,0,1,0,0,0,0,0,0,0,1,0,0,0,0,0,0,0,0,0,0,0,0,0,0,0,0,0,0,0,0,0,0,0,0,1,0,0,0,0,0,0,0,0,0,0,0,1,0,0,0,0,0,0,0,0,0,0,0,0,0,0,0,0,0,0,0,0,0,0,0,0,0,0,0,0,0,0,0,0,0,0,0,0,0,0,0,0,0,0,0,0,0,0,0,0,0,0,0,0,0,0,0,0,0,0,0,0,0,0,0,0,0,0,0,0,0,0,0,0,0,0,0,0,0,0,0,0,0,0,0,0,0,0,0,0,0,0,0,0,0,0,0,0,0,0,0,0,0,0,0,0,0,0,0,0,0,0,0,0,0,0,0,0,0,0,0,0,0,0,0,0,0,0,0,0,0,0,0,0,0,0,0,0
0be71a9b9754d54cf93a1ec401b25878,1.2,0,0,0,0,0,0,0,0,0,0,0,0,0,0,0,0,0,0,0,0,0,0,0,0,0,0,0,0,0,0,0,0,0,0,0,0,0,0,0,0,0,0,0,0,0,0,0,0,0,0,0,0,0,0,1,0,0,0,0,0,0,0,0,0,0,0,0,0,0,0,0,0,0,0,0,0,0,0,0,0,0,0,0,0,0,0,0,0,0,0,0,0,0,0,0,0,0,0,0,0,0,0,0,0,0,0,0,0,0,0,0,0,0,0,0,0,0,0,0,0,1,0,0,0,0,0,0,0,0,0,0,0,0,0,0,0,0,0,0,0,0,0,0,0,0,0,0,0,0,0,0,0,0,0,0,0,0,0,0,0,0,0,0,0,0,0,0,0,0,0,0,0,0,0,0,0,0,0,0,0,0,0,0,0,0,0,0,0,0,0,0,0,0,0,0,0,0,0,0,0,0,0,0,0,0,0,0,0,0,0,0,0,0,0,0,0,0,0,0,0,0,0,0,0,0,0,0,0,0,0,0,0,0,0,0,0,0,0,0,0,0,0,0,0,0,0,0,0,0,0,0,0,0,0,0,0,0,0,0,0,0,0,0,0,0,0,0,0,0,0,0,0,0,0,0,0,0,0,0,0,0,0,0,0,0,0,0,0,0
0be98af474e1bc9bf15ff9c960ca3df2,5.4,2,25,110,75,8,44,98,567,2257,468,1,0,3,2,476,16,45,0,2,43,20,2,9,0,0,0,4,1,134,87,12,97,9,669,2,0,2,61,30,0,27,15,3,140,9,0,4,0,2,28,1,0,0,0,9,10,3,3,123,0,0,0,0,2,17,17,3,0,0,0,0,0,0,1,0,2,2,0,0,0,0,0,0,0,12,25,0,0,0,20,0,2,4,2,3,0,111,0,0,33,112,0,4,11,13,0,0,2,0,4,0,20,8,0,1,2,37,5,0,46,0,0,0,0,0,0,0,0,3,5,6,1,0,1,0,23,22,0,0,0,0,0,0,0,0,0,0,0,1,0,0,0,0,0,0,0,0,17,17,0,0,0,0,0,0,0,0,0,0,0,0,0,9,0,0,0,0,0,0,0,0,0,0,0,0,0,0,0,0,0,0,0,0,0,0,0,0,0,0,0,0,0,0,0,0,0,0,0,0,0,0,0,0,0,0,0,0,0,0,0,0,0,0,0,0,0,0,0,0,0,0,0,129,0,0,0,0,0,0,0,0,0,0,0,0,0,0,0,0,0,0,0,0,0,0,0,0,0,0,0,0,0,0,0,0,0,0,0,0,0,0,0,0,0,0,0,0,0,0,0,0,0,0,0,0,0,0,0,0
0be0456ab9620a31c6da20641347d0e4,4.2,0,16,361,16,2,230,0,8,1,5,0,0,0,0,47,4,0,0,0,5,5,0,1,0,0,3,0,0,0,8,10,4,0,0,0,0,0,12,0,0,0,1,0,0,0,0,2,0,0,0,0,6,0,0,3,1,0,0,0,3,0,0,0,1,0,8,0,0,0,0,0,0,0,0,0,0,0,0,0,0,0,0,0,0,0,0,0,0,0,0,0,0,0,0,0,0,0,0,0,0,0,0,0,3,3,0,0,0,0,0,0,2,0,0,0,1,0,0,0,0,0,0,0,0,0,0,0,0,0,0,0,0,0,0,0,0,0,0,0,0,0,0,0,2,0,0,0,0,0,0,0,0,0,0,0,0,0,0,0,0,0,0,0,0,0,0,0,0,0,0,0,0,0,0,0,0,0,0,0,0,0,0,0,0,0,0,0,0,0,0,0,0,0,0,0,0,0,0,0,0,0,1,0,0,0,0,0,0,0,0,0,0,0,0,0,0,0,0,0,0,0,0,0,0,0,0,0,0,0,0,0,0,0,0,0,0,0,0,0,0,0,0,0,0,0,0,0,0,0,0,0,0,0,0,0,0,0,0,0,0,0,0,0,0,0,0,0,0,0,0,0,0,0,0,0,0,0,0,0,0,0,0,0,0,0,0,0,0,0
0bea755eed588d59b9bd4bed96909fa5,6.2,6,39,363,25,12,11,3,52,47,67,2,1,42,0,107,2,31,0,0,7,1,0,4,0,1,6,0,0,3,0,4,30,0,3,1,0,7,8,9,0,1,0,21,2,0,0,1,0,6,3,0,0,0,0,3,8,0,0,0,0,0,0,0,21,4,5,4,0,0,0,13,0,0,1,0,2,0,0,0,0,3,0,0,0,0,0,0,0,0,0,0,2,2,2,0,0,0,0,5,1,0,2,0,2,5,1,0,1,0,0,0,0,0,0,0,3,0,0,0,0,0,12,0,0,0,0,0,0,0,1,0,0,0,0,0,0,0,0,0,0,0,0,0,0,0,0,0,0,0,0,0,0,0,0,0,0,0,7,20,0,0,0,1,2,2,1,0,0,0,0,3,0,0,0,0,0,4,0,0,2,0,0,0,0,0,0,0,0,0,0,0,0,0,0,0,0,0,0,0,0,0,0,0,0,0,0,0,0,0,0,0,0,0,1,0,0,0,0,0,0,0,1,0,0,0,0,0,0,0,0,1,1,0,0,1,0,0,0,0,0,0,0,0,0,0,0,0,0,0,0,0,0,0,0,0,0,0,0,0,0,0,0,0,0,0,0,0,0,0,0,0,0,0,0,0,0,0,0,0,0,0,0,0,0,0,0,0,0,0
0beaee2e9d0c995ce45264b2388fab90,14.8,1,54,430,968,7,167,192,378,590,264,10,2,58,9,12174,101,192,0,418,42,32,0,17,0,3,22,8,2,9068,14,31,3288,0,3910,12,0,6,1,15,0,8,0,4,7269,0,0,5,0,5,7,0,12,2,2,16,21,1,1,46,0,2,0,0,222,14,314,23,0,0,0,13,0,0,1,0,10,15,0,0,1,52,0,0,0,23,0,0,0,0,5,0,0,1,0,1,0,20,0,0,8,714,3,2,97,103,0,0,6,0,0,0,16,16,0,8,2131,2191,6,0,0,0,10,0,0,0,0,0,0,1,13,5,1,0,2,0,3,6,0,0,0,1,0,0,3,0,0,0,0,0,0,0,0,1,0,0,0,0,7,19,1,36,0,1,2,2,1,0,0,0,0,0,0,0,1,0,0,4,0,0,2,0,0,0,10,0,0,0,0,1,0,0,0,0,0,0,0,0,0,0,0,0,2116,0,0,0,0,0,0,0,0,0,0,0,0,0,0,0,0,0,0,0,4,0,0,0,2,0,0,0,0,4,4,0,0,1,1,567,1,4,0,0,0,0,0,0,0,0,0,0,0,0,0,0,0,0,0,0,0,0,0,0,0,0,0,0,0,0,0,0,0,0,0,0,0,0,0,0,0,0,0,0,0,0,0,0,0,0,0,0
0bef6f950003354f06ada5ffebde211b,13.4,0,90,952,1567,15,129,34,263,184,235,55,17,9,3,8399,3,2951,4,4,173,257,4,56,4,6,35,6,3,118,3673,3652,3673,5,7351,114,1,288,5,27,3,1225,1,2428,1959,0,0,4,21,24,11,1,462,2,2,8,16,3,3,128,11,2,2,2,308,8,2462,12,0,0,0,0,0,0,2,0,165,161,0,1,995,582,331,2072,2,1,0,1,1,0,9,0,50,592,588,7,67,11,0,0,1233,1278,1,3,4,4,21,146,1,0,0,0,1,0,0,13361,1213,26703,0,0,0,0,2195,0,0,1,1,4,542,0,0,2,11,0,0,0,2,0,16,0,0,2,1,0,6,0,2,4,0,0,0,0,0,0,0,0,0,0,0,0,0,0,0,0,0,0,0,0,0,1,0,0,0,3,3,0,0,0,0,0,0,0,0,0,0,0,0,0,0,0,0,0,0,0,0,0,0,0,0,0,0,0,0,0,2,0,0,0,0,0,0,0,0,0,0,0,0,0,0,0,0,0,0,0,2,1,2428,0,0,0,0,0,0,0,0,0,0,0,0,0,0,0,0,0,0,0,0,0,0,0,0,0,0,0,0,0,0,0,0,0,0,0,0,0,0,0,0,0,0,0,0,0,0,0,0,0,0,0,0,0,0,0,0,0,0,0,0,0,0,0
0bf2e5cc0dae479e6c304e42246415a0,1.8,0,201,0,146,0,0,0,0,0,0,0,0,0,0,0,0,0,0,0,0,0,0,0,0,17,0,0,0,0,0,0,362,0,0,0,0,84,0,0,0,0,0,0,62,0,0,1,0,0,0,0,0,0,0,0,0,0,0,0,0,0,0,0,5,101,0,57,0,0,0,0,0,0,0,0,0,0,0,0,0,0,0,0,0,0,0,0,0,0,85,0,0,0,0,0,0,0,0,0,279,0,0,0,0,0,0,0,0,0,0,0,0,0,0,0,0,0,0,0,0,0,0,0,0,0,0,0,0,4,0,0,0,0,0,0,0,0,0,0,0,2,0,0,0,0,0,6,0,0,0,0,0,0,0,0,0,0,0,0,0,0,0,0,0,0,0,0,0,0,0,0,0,0,0,0,0,0,0,0,0,1,0,0,0,0,0,0,0,0,0,0,0,0,0,0,0,0,0,0,0,0,0,0,0,0,0,0,0,0,0,0,0,0,0,0,0,0,0,0,0,0,0,0,0,0,0,0,0,0,0,0,0,0,0,0,0,0,0,0,0,0,0,0,0,0,0,0,0,0,0,0,0,0,0,0,0,0,0,0,0,0,0,0,0,0,0,0,0,0,0,0,0,0,0,0,0,0,0,0,0,0,0,0,0,0,0,0,0,0
0bf5bfe22bf36b53a2aec3d052d512c0,3.2,18,38,235,31,6,6,2,52,47,57,3,2,25,0,106,0,4,0,0,31,15,0,4,0,0,0,0,0,0,0,4,7,0,4,1,0,2,0,9,2,2,0,16,2,0,0,1,0,1,2,4,0,0,0,3,10,0,0,0,0,0,0,0,16,2,5,4,0,0,0,13,0,0,1,0,2,0,0,0,0,24,0,0,0,0,0,0,0,0,2,0,0,8,0,0,0,0,0,0,2,0,2,0,2,4,2,0,0,0,0,0,2,0,0,0,2,0,0,0,0,0,5,0,0,0,0,0,0,2,1,0,0,0,0,0,0,0,0,0,0,0,0,0,0,0,0,0,0,0,0,0,4,0,0,0,0,0,4,13,0,0,0,0,2,2,1,0,0,0,0,11,0,0,0,0,0,4,0,0,2,0,0,0,4,0,0,0,0,1,0,3,3,5,0,0,0,0,0,0,0,0,0,0,0,0,0,0,0,0,0,0,0,0,0,0,0,0,0,0,0,0,0,0,0,0,0,0,0,0,0,0,0,0,0,0,0,0,0,0,0,0,0,0,0,0,0,0,0,0,0,0,0,0,0,0,0,0,0,0,0,0,0,0,0,0,0,0,0,0,0,0,0,0,0,0,0,0,0,0,0,0,0,0,0,0,0,0,0,0
0bf84d532722e5fcb73c416425f5b002,5.4,0,2,35,17,1,4,1,1,0,3,0,0,1,0,765,2,2,1,1,744,1188,1,2,1,2,2,2,0,0,0,1,1,1,1,0,0,0,0,0,0,0,0,0,0,0,0,1,0,0,0,0,5,1,1,6,2,0,0,0,0,0,0,0,0,0,0,0,0,0,0,0,0,0,0,0,0,0,0,0,0,0,0,0,0,0,0,0,0,0,0,0,0,56,56,0,0,0,0,0,0,0,0,0,0,0,0,0,1,0,0,0,0,0,0,0,0,0,0,0,0,0,0,0,0,0,0,0,56,0,0,0,0,0,0,0,0,0,0,0,0,0,0,0,0,0,0,0,0,0,0,0,0,0,0,0,0,0,0,0,0,0,0,0,0,0,0,0,0,0,0,0,0,0,0,0,0,0,0,0,0,0,0,0,0,0,0,0,0,0,0,0,0,0,0,0,0,0,0,0,0,0,0,0,0,0,0,0,0,0,0,0,0,0,0,0,0,0,0,0,0,0,0,0,0,0,0,0,0,0,0,0,0,0,0,0,0,0,0,0,0,0,0,0,0,0,0,0,0,0,0,0,0,0,0,0,0,0,0,0,0,0,0,0,0,0,0,0,0,0,0,0,0,0,0,0,0,0,0,0,0,0,0,0,0,0,0,0,0,0
0bf996f6a46c664f5fe3ff5dedc56102,2.8,0,23,393,16,9,3,2,2,1,10,0,0,7,1,30,1,5,1,2,6,4,1,2,1,1,2,2,0,0,0,1,1,1,1,0,0,6,0,0,0,0,0,0,0,0,0,0,0,0,0,0,0,0,0,3,0,0,0,0,0,0,0,0,0,0,0,0,0,0,0,0,0,0,0,0,0,0,0,0,0,3,0,0,0,0,0,0,0,0,0,0,0,0,0,0,0,0,0,0,0,0,0,0,0,1,1,0,0,0,0,0,0,0,0,0,0,0,0,0,0,0,0,0,0,0,0,0,0,0,0,0,0,0,0,0,0,0,0,0,0,0,0,0,0,0,0,0,0,0,0,0,0,0,0,0,0,0,0,0,0,0,0,0,0,0,0,0,0,0,0,0,0,0,0,0,0,0,0,0,0,0,0,0,0,0,0,0,0,0,0,0,0,0,0,0,0,0,0,0,0,0,0,0,0,0,0,0,0,0,0,0,0,0,0,0,0,0,0,0,0,0,0,0,0,0,0,0,0,0,0,0,0,0,0,0,0,0,0,0,0,0,0,0,0,0,0,0,0,0,0,0,0,0,0,0,0,0,0,0,0,0,0,0,0,0,0,0,0,0,0,0,0,0,0,0,0,0,0,0,0,0,0,0,0,0,0,0,0,0
0bf3747e0ffa5300c262dfecf6294fe0,1.2,4,20,200,11,5,5,1,0,0,1,0,0,2,0,31,0,4,1,2,3,3,0,0,0,0,0,0,0,0,2,1,2,0,0,0,0,3,0,0,0,2,0,0,2,0,0,0,0,0,0,0,0,0,0,3,2,0,0,0,0,0,0,0,0,0,2,0,0,0,0,0,0,0,0,0,0,0,0,0,0,0,0,0,0,2,0,0,0,0,0,0,0,0,0,4,0,0,0,0,2,0,0,4,0,0,0,0,1,0,0,0,0,0,0,0,0,1,0,0,0,0,0,0,0,0,0,0,0,0,0,0,0,0,0,0,0,0,0,0,0,0,0,0,0,1,0,0,0,0,0,0,31,3,1,0,0,0,0,0,0,0,0,0,0,0,0,0,0,0,0,0,0,0,0,0,0,0,0,0,0,0,0,0,0,0,0,0,0,0,0,0,0,0,0,0,0,0,0,0,0,0,0,0,0,0,0,0,0,0,0,0,0,0,0,0,0,0,0,0,0,0,0,0,0,0,0,0,0,0,0,0,0,0,0,0,0,0,0,0,0,0,0,0,0,0,0,0,0,0,0,0,0,0,0,0,0,0,0,0,0,0,0,0,0,0,0,0,0,0,0,0,0,0,0,0,0,0,0,0,0,0,0,0,0,0,0,0,0,0
4bc75c43ca502fc6251b08939be62941,2.2,15,30,807,105,28,23,16,1758,699,1387,12,1,71,5,853,39,28,0,3,17,20,1,10,1,1,0,0,1,699,7,2,55,0,20,22,5,0,1,4,0,5,2,0,66,0,0,2,0,4,6,1,0,0,0,3,11,0,0,0,0,0,0,0,1,4,0,653,0,0,0,0,0,0,1,0,13,13,0,0,19,137,0,0,0,2,0,1,1,0,3,0,1,27,16,0,19,0,0,0,10,0,2,0,4,43,2,0,1,0,0,0,7,0,0,20,15,58,2,0,15,0,49,1,0,0,0,0,34,0,3,0,0,0,0,0,0,0,0,0,0,0,0,0,0,0,0,0,0,1,11630,0,0,0,0,0,0,0,2,4,0,0,2,0,0,0,0,0,0,0,0,0,0,2,0,0,0,0,0,0,0,0,0,0,0,19,3,0,0,0,0,0,0,0,0,0,0,0,0,0,0,0,0,0,0,0,0,0,0,0,0,0,0,0,0,0,0,0,0,0,0,0,0,0,0,0,0,0,0,0,0,0,0,0,0,0,0,0,0,0,0,0,0,0,0,0,0,0,0,0,0,2,0,0,0,0,0,0,0,0,0,0,0,0,0,0,0,0,0,0,0,0,0,0,0,0,0,0,0,0,0,0,0,0,0,0,0,0,0,0
0bf60398e34fa59f756a44994846c2a0,1.2,0,0,0,0,0,0,0,0,0,0,0,0,0,0,0,0,0,0,0,0,0,0,0,0,0,0,0,0,0,0,0,0,0,0,0,0,0,0,0,0,0,0,0,0,0,0,0,0,0,0,0,0,0,0,0,0,0,0,0,0,0,0,0,0,0,0,0,0,0,0,0,0,0,0,0,0,0,0,0,0,0,0,0,0,0,0,0,0,0,0,0,0,0,0,0,0,0,0,0,0,0,0,0,0,0,0,0,0,0,0,0,0,0,0,0,0,0,0,0,0,0,0,0,0,0,0,0,0,0,0,0,0,0,0,0,0,0,0,0,0,0,0,0,0,0,0,0,0,0,0,0,0,0,0,0,0,0,0,0,0,0,0,0,0,0,0,0,0,0,0,0,0,0,0,0,0,0,0,0,0,0,0,0,0,0,0,0,0,0,0,0,0,0,0,0,0,0,0,0,0,0,0,0,0,0,0,0,0,0,0,0,0,0,0,0,0,0,0,0,0,0,0,0,0,0,0,0,0,0,0,0,0,0,0,0,0,0,0,0,0,0,0,0,0,0,0,0,0,0,0,0,0,0,0,0,0,0,0,0,0,0,0,0,0,0,0,0,0,0,0,0,0,0,0,0,0,0,0,0,0,0,0,0,0,0,0,0,0,0
0bfcfe000c0340be6ffe987976fb6ab6,4.8,0,25,122,19,0,0,4,0,0,2,1,0,0,0,65,0,15,1,3,8,2,0,6,2,3,0,0,0,0,0,0,14,0,0,0,0,2,0,0,0,0,0,0,4,0,0,1,0,1,0,0,0,1,1,6,4,0,0,0,0,1,0,0,8,0,0,0,0,0,20,9,19,0,0,0,0,0,0,0,0,0,0,0,0,0,0,1,7,0,0,3,0,0,0,0,0,0,1,0,2,0,1,0,0,0,0,0,0,0,3,0,0,0,0,0,0,0,21,0,0,0,0,0,0,0,0,0,0,0,0,0,0,0,0,0,0,0,0,0,0,0,0,0,0,0,0,0,0,0,0,0,0,0,0,0,0,0,0,0,0,0,0,0,0,0,0,0,0,0,0,0,0,0,0,0,0,0,0,0,0,0,0,0,0,0,0,0,0,0,0,0,0,0,0,0,0,0,0,9,0,0,0,0,0,0,0,0,20,10,0,0,0,0,0,0,0,0,0,1,0,0,0,0,0,0,0,0,0,0,0,0,0,0,0,0,0,0,0,0,0,0,0,0,0,0,0,0,0,0,0,0,0,0,0,0,0,0,0,0,0,0,0,1,19,1,6,0,0,0,0,0,0,0,0,0,0,0,0,0,0,0,0,0,0,0,0,0,0,0
0bfd10c0314651408990a1aa2155252e,2.4,0,21,388,15,9,4,2,5,3,11,2,1,7,1,13,0,5,1,2,5,4,1,2,1,1,2,2,0,0,0,0,1,1,1,0,0,6,0,0,0,0,0,0,0,0,0,0,0,0,0,0,0,0,0,2,0,0,0,0,0,0,0,0,0,0,0,0,0,0,0,0,0,0,0,0,0,0,0,0,0,3,0,0,0,0,0,0,0,0,0,0,0,0,0,0,0,0,0,0,0,0,0,0,0,1,1,0,0,0,0,0,0,0,0,0,0,0,0,0,0,0,0,0,0,0,0,0,0,0,0,0,0,0,0,0,0,0,0,0,0,0,0,0,0,0,0,0,0,0,0,0,0,0,0,0,0,0,0,0,0,0,0,0,0,0,0,0,0,0,0,0,0,0,0,0,0,0,0,0,0,0,0,0,0,0,0,0,0,0,0,0,0,0,0,0,0,0,0,0,0,0,0,0,0,0,0,0,0,0,0,0,0,0,0,0,0,0,0,0,0,0,0,0,0,0,0,0,0,0,0,0,0,0,0,0,0,0,0,0,0,0,0,0,0,0,0,0,0,0,0,0,0,0,0,0,0,0,0,0,0,0,0,0,0,0,0,0,0,0,0,0,0,0,0,0,0,0,0,0,0,0,0,0,0,0,0,0,0,0
0c0b0475e90315b1a2c81234ef688087,2.4,0,21,232,8,4,4,1,0,0,1,0,0,2,0,31,0,4,1,2,3,3,0,0,0,0,0,0,0,1,2,1,2,0,0,0,0,9,0,0,0,2,0,0,2,0,0,0,0,0,0,2,0,0,0,3,2,0,0,0,0,0,0,0,0,0,2,0,0,0,0,0,0,0,0,0,0,0,0,0,0,0,0,0,0,2,0,0,0,0,0,0,0,0,0,4,0,0,0,0,2,0,0,4,0,0,0,0,1,0,0,0,0,0,0,0,0,1,0,0,0,0,40,0,0,0,0,0,0,0,0,0,0,0,0,0,0,0,0,0,0,0,0,0,0,1,0,0,0,0,0,1,31,7,1,0,0,0,0,0,0,0,0,0,0,0,0,0,0,0,0,0,0,0,0,0,0,0,0,0,0,0,0,0,0,0,0,0,0,0,0,0,0,0,0,0,0,0,0,0,0,0,0,0,131120,0,0,0,0,0,0,0,0,0,0,0,0,0,0,0,0,0,0,0,0,0,0,0,0,0,0,0,0,0,0,0,0,0,0,0,0,0,0,0,0,0,0,0,0,0,0,0,0,0,0,0,0,0,0,0,0,0,0,0,0,0,0,0,0,0,0,0,0,0,0,0,0,0,0,0,0,0,0,0,0,0,0,0,0,0
0c0bbeccc1f31f954fdeb2777e2bba35,2.8,0,11,36,18,4,4,4,20,23,57,0,0,3,1,132,6,11,0,1,55,19,1,4,0,0,0,3,1,0,7,11,12,0,9,2,0,2,0,0,0,2,0,6,3,0,0,1,0,0,0,2,0,0,0,6,7,0,0,0,0,0,0,0,0,1,14,0,0,0,0,0,0,0,0,0,0,0,0,0,0,0,0,0,0,1,0,0,0,0,1,0,0,0,0,0,0,0,0,0,2,1,1,0,2,2,0,0,1,0,0,0,7,8,0,26,1,29,0,0,0,0,0,0,0,0,0,0,0,0,0,0,0,0,1,0,0,0,0,0,0,0,0,0,0,0,0,0,0,0,0,0,0,0,0,0,0,0,0,0,0,0,0,0,0,0,0,0,0,1,0,0,0,0,0,0,0,0,0,0,0,0,0,0,0,0,1,0,0,0,0,0,0,0,0,0,0,0,0,0,0,0,0,0,0,0,0,0,0,0,0,0,0,0,0,2,0,0,0,0,0,0,0,0,0,0,15,0,0,0,0,0,0,0,0,0,0,0,0,0,0,0,0,0,0,0,0,0,0,0,0,0,0,0,0,0,0,0,0,0,0,0,0,0,0,0,0,0,0,0,0,0,0,0,0,0,0,0,0,0,0,0,0,0,0,0,0,0,0,0
0c0c6a7895cb5c434a0f01d39f0fe580,5.8,14,69,495,39,18,20,27,324,861,244,0,0,2,0,155,7,5,0,1,30,11,0,1,2,0,0,3,0,28,4,4,16,1,3,0,0,40,1,1,1,5,0,0,1,0,0,3,0,0,0,0,2,0,0,3,1,6,4,2,0,0,0,0,12,14,1,4,2,0,0,0,0,0,0,0,0,0,0,2,0,84,0,0,0,188,0,0,0,0,12,0,0,14,0,11,10,2,0,0,6,7,0,12,7,13,1,1,4,0,0,0,7,0,0,0,0,0,0,0,0,0,0,0,0,0,0,0,0,1,8,1,0,0,1,0,0,0,0,0,0,0,0,0,0,0,0,0,0,0,0,0,93,6,0,1,1,0,24,24,2,52,0,0,0,0,0,0,0,0,0,0,0,0,0,0,0,0,0,0,0,0,0,0,0,0,0,0,0,0,0,0,0,0,0,0,0,0,0,0,0,0,0,0,0,0,0,0,0,0,0,0,0,0,0,0,0,0,0,0,0,0,0,0,0,0,0,0,0,0,0,0,0,0,0,0,0,0,0,0,0,0,0,0,0,0,0,0,0,0,0,0,0,0,0,0,0,0,0,0,0,0,0,0,0,0,0,0,0,0,0,0,0,0,0,0,0,0,0,0,0,0,0,0,0,0,0,0,0,0
0c0cbf49d30685bc1200b3ee5a81bebc,7.2,6,56,292,59,12,23,5,35,22,75,5,0,6,3,120,9,14,0,2,16,18,1,4,0,1,2,3,1,0,9,7,6,0,1,4,1,8,0,0,0,0,2,0,2,0,0,3,0,0,0,1,5,1,1,12,11,0,0,0,0,0,0,0,3,0,6,0,0,0,0,0,0,0,0,0,0,2,0,0,0,14,0,1,0,1,0,0,0,0,2,0,0,8,4,0,0,0,0,0,2,0,0,0,2,3,1,0,0,0,0,0,6,8,0,1,2,0,0,0,4,0,0,0,0,0,1,0,4,1,0,0,0,0,2,1,6,3,0,0,0,0,0,0,0,0,0,0,0,0,0,2,1,0,0,0,0,0,0,0,0,0,0,0,0,0,0,0,0,0,0,0,0,0,0,0,0,0,0,0,0,0,0,0,0,0,1,0,0,0,0,0,0,0,0,0,0,0,0,0,1,0,0,0,0,0,0,0,0,0,0,0,0,0,0,0,0,0,0,0,0,0,0,0,0,0,0,0,0,0,0,0,0,0,0,0,0,0,0,0,0,0,0,0,0,0,0,0,0,0,0,1,0,0,0,0,0,0,0,0,0,0,0,0,0,0,0,0,0,0,0,0,0,0,0,0,0,0,0,0,0,0,0,0,0,0,0,0,0,0
4bf7765cda5fe17a1a14223cb379b44d,7.2,0,73,666,162,6,338,24,159,293,114,123,3,4,10,357,23,19,0,2,35,39,0,10,0,6,4,0,1,8,45,106,41,0,20,6,2,24,1,2,0,4,5,8,15,0,0,8,0,8,1,1,12,2,2,15,9,0,0,0,0,2,0,0,3,4,163,0,0,0,0,0,0,0,2,0,19,25,0,0,0,0,0,0,0,3,0,0,0,0,0,0,2,18,22,4,0,0,0,0,17,3,2,4,21,21,2,0,7,0,0,0,16,0,0,16,8,0,2,0,38,0,170,0,0,0,0,0,37,0,4,10,0,0,0,0,12,8,0,0,0,2,0,2,2,0,0,0,0,2,0,0,0,2,0,0,0,0,1,1,0,0,0,0,0,0,0,0,0,0,0,0,0,1,0,0,0,0,0,0,0,0,0,0,0,0,3,0,0,0,0,0,0,0,0,0,0,0,0,0,0,0,0,0,0,0,0,1,0,0,0,0,0,0,0,0,0,0,0,0,0,0,0,0,0,0,0,0,0,0,0,0,0,0,0,1,0,0,0,0,0,0,0,0,0,0,0,0,0,0,0,0,0,0,0,0,0,0,0,0,0,0,0,0,0,0,0,0,0,0,0,0,0,0,0,0,0,0,0,0,0,0,0,0,0,0,0,0,0,0
0c1bfa1d3a4519e660db997ef8d75578,4.2,15,155,779,335,22,71,284,715,1140,647,21,0,31,16,1257,22,30,1,7,166,931,0,55,5,5,15,21,6,46,49,101,114,17,51,102,0,30,5,40,1,24,0,3,6,20,0,5,0,10,20,0,0,0,0,8,38,0,0,0,0,0,0,1,759,149,8,124,0,0,0,15,0,0,18,0,874,624,0,16,1429,1430,693,126,22,73,5,14,14,9,137,68,154,164,107,11,105,16,13,5,68,60,1,13,38,48,0,15,6,7,33,25,37,48,10,8,6,35,5,0,0,10,0,0,0,0,0,0,0,0,6,7,0,0,0,0,0,0,0,0,0,0,0,0,0,1,0,1,0,0,0,0,31,16,1,1,1,0,0,0,0,0,0,0,0,0,0,0,0,0,0,0,0,0,0,0,0,0,0,0,0,0,0,0,0,0,0,0,0,0,0,0,0,0,0,0,0,0,0,0,0,0,0,0,0,0,0,0,0,0,0,0,0,0,0,0,0,0,0,0,0,0,0,0,0,0,0,0,0,0,0,0,0,0,0,0,0,0,0,0,0,0,0,0,0,0,0,0,0,0,0,0,0,0,0,0,0,0,0,0,0,0,0,0,0,0,0,0,0,0,0,0,0,0,0,0,0,0,0,0,0,0,0,0,0,0,0,0,0,0
0c1e874b93664cdf9b738d6b1658b121,2.2,2,19,73,57,7,19,96,491,2239,366,0,0,2,2,257,13,44,0,1,38,14,1,5,0,0,0,4,1,14,15,9,67,9,134,2,0,0,8,0,1,20,2,3,25,9,0,0,0,0,0,1,0,0,0,3,4,0,0,0,0,0,0,0,0,16,17,4,0,0,0,0,0,0,2,0,0,0,0,0,0,0,0,0,0,1,0,0,0,0,17,0,0,2,0,2,0,111,0,0,21,112,0,2,9,11,0,0,0,0,4,0,7,8,0,1,1,5,0,0,0,0,0,0,0,0,0,0,0,1,5,3,1,0,0,0,0,0,0,0,0,0,0,0,0,0,1,1,2,1,0,0,0,0,0,0,0,0,0,0,0,0,0,0,0,0,0,0,0,0,0,0,0,0,0,0,0,0,0,0,0,0,0,0,0,0,0,0,0,0,0,0,0,0,0,0,0,0,0,0,0,0,0,0,0,0,0,0,0,0,0,0,0,0,0,0,0,0,0,0,0,0,0,0,0,0,0,0,0,0,0,0,0,0,0,0,0,0,0,0,0,0,0,0,0,0,0,0,0,0,0,0,0,0,0,0,0,0,0,0,0,0,0,0,0,0,0,0,0,0,0,0,0,0,0,0,0,0,0,0,0,0,0,0,0,0,0,0,0,0
0c02e4501084e6d5a22c425c24a87a8f,10.4,260,212,1468,319,325,1718,105,1429,974,1345,15,0,364,16,898,63,53,1,3,103,101,0,74,0,8,113,7,23,106,42,42,114,27,249,36,17,76,8,110,0,37,15,2,71,12,18,3,2,25,42,9,82,1,1,6,48,0,0,0,3,1,1,104,411,67,10,69,0,6,0,51,2,2,9,0,300,187,26,11,1000,1895,1053,1133,9,234,0,2,2,3,48,1,24,300,42,6,172,27,0,4,11,30,5,7,56,109,0,11,3,0,0,0,19,10,6,14,32,212,0,0,165,0,46,0,0,4,0,12,20,4,29,13,1,0,0,5,27,47,2,0,0,1,0,0,3,0,0,19,0,0,0,0,0,18,0,0,0,21,12,17,0,0,0,1,5,5,14,1,1,9,38,18,1,5,7,4,1,10,2,45,2,1,1,0,2,22,12,55,1,1,1,1,1,1,0,0,0,2,9,0,0,1,0,0,0,0,0,3,0,0,0,0,0,0,0,0,0,0,0,0,0,0,0,0,0,0,0,0,0,0,0,0,0,0,0,1,0,0,0,0,0,0,0,0,0,0,0,0,0,0,0,0,0,0,0,0,0,0,0,0,0,0,0,0,0,0,0,0,0,0,0,0,0,0,0,4,0,0,0,0,0,0,0,0,0,0,0,0,0,0
0c3db34d5393b58e1a148b188fa296c0,3.6,62,74,419,66,130,64,4,640,404,669,3,0,236,2,269,10,31,1,0,36,19,0,6,1,3,3,0,0,0,23,6,28,0,34,11,13,2,0,10,0,0,3,0,8,0,16,0,1,7,8,0,0,0,0,3,30,0,0,0,0,1,0,0,0,13,10,25,0,1,0,19,1,1,2,0,2,0,14,4,0,1731,3379,225,1,47,0,0,0,0,14,0,9,67,9,8,85,0,0,2,25,0,2,2,4,9,0,0,3,0,0,0,4,0,0,1,5,45,0,0,141,0,15,0,0,2,6,0,6,3,7,8,0,0,0,0,12,12,1,0,0,1,0,0,0,0,0,17,0,0,1,0,0,0,0,0,0,900,27,43,0,0,0,0,3,3,3,0,0,0,0,9,0,3,0,8,0,5,1,12,2,0,0,0,0,10,0,60,1,1,1,1,0,0,0,0,0,0,0,0,5,0,0,0,0,0,2,3,0,0,0,0,0,0,0,0,6,0,0,0,0,0,0,0,0,0,0,0,0,0,1,0,0,0,0,0,0,0,0,0,0,0,0,0,0,0,0,0,0,0,0,0,0,0,0,0,0,0,0,0,0,0,0,0,0,0,0,0,0,0,0,0,0,0,0,0,0,0,0,0,0,0,0,0,0,0,0,0,0,0
0c4b4bed9b8a944f12490243c91baf1e,2.2,0,207,0,252,0,0,0,0,0,0,0,0,0,0,0,0,0,0,0,0,0,0,0,0,19,0,0,0,0,0,0,367,0,0,0,0,84,0,0,0,0,0,0,69,0,0,1,0,0,0,0,0,0,0,0,0,0,0,0,0,0,0,0,5,107,0,48,0,0,0,0,0,0,0,0,0,0,0,0,0,0,0,0,0,0,0,0,0,0,91,0,0,0,0,0,0,0,0,0,286,0,0,0,0,0,0,0,0,0,0,0,0,0,0,0,0,0,0,0,0,0,0,0,0,0,0,0,0,4,0,0,0,0,0,0,0,0,0,0,0,2,0,0,0,0,0,6,0,0,0,0,0,0,0,0,0,0,0,0,0,0,0,0,0,0,0,0,0,0,0,0,0,0,0,0,0,0,0,0,0,1,0,0,0,0,0,0,0,0,0,0,0,0,0,0,0,0,0,0,0,0,0,0,0,0,0,0,0,0,0,0,0,0,0,0,0,0,0,0,0,0,0,0,0,0,0,0,0,0,0,0,0,0,0,0,0,0,0,0,0,0,0,0,0,0,0,0,0,0,0,0,0,0,0,0,0,0,0,0,0,0,0,0,0,0,0,0,0,0,3,0,0,0,0,0,0,0,0,0,0,0,0,0,0,0,0,0,0,0
0c4b66822f7ccddb9d4661883ac31eb0,3.6,343,1092,7538,3269,285,359,123,614,2325,997,79,0,48,4,3601,193,626,0,1,327,533,1,27,0,0,0,4,1,41,380,1086,364,9,172,54,4,404,1,1,0,103,1,49,192,9,0,90,0,4,1,78,0,0,0,132,564,0,0,0,0,77,0,0,51,26,2224,8,0,0,0,0,0,0,0,0,4,60,0,1,4,1557,0,46,1,4,0,0,0,2,70,0,3,339,3,134,55,216,0,0,377,565,0,258,178,206,0,0,0,0,26,0,72,8,0,263,78,522,3,0,0,54,0,0,0,0,46,0,0,78,7,6,2,0,0,78,5,10,0,0,0,0,0,0,0,0,0,0,0,0,300,0,133,1,0,0,4,0,370,330,0,0,0,0,0,0,0,0,0,0,123,0,0,46,77,0,0,0,0,0,0,0,0,0,0,0,0,0,0,0,0,0,0,0,0,0,0,0,0,0,78,0,0,0,67,0,0,66,0,0,0,0,0,0,0,0,0,0,0,0,0,0,0,0,0,0,0,0,0,0,0,0,0,0,0,0,0,0,0,0,0,0,0,0,0,0,0,0,0,0,0,0,0,0,0,0,0,0,0,0,0,0,0,0,0,0,0,0,0,0,0,0,0,0,0,0,0,0,0,0,0,0,0,0,0,0,0,0,0,0
0c4d10c782b72f1ea11692b381965120,1.8,0,203,0,222,0,0,0,0,0,0,0,0,0,0,0,0,0,0,0,0,0,0,0,0,17,0,0,0,0,0,0,372,0,0,0,0,84,0,0,0,0,0,0,62,0,0,1,0,0,0,0,0,0,0,0,0,0,0,0,0,0,0,0,5,106,0,77,0,0,0,0,0,0,0,0,0,0,0,0,0,0,0,0,0,0,0,0,0,0,90,0,0,0,0,0,0,0,0,0,279,0,0,0,0,0,0,0,0,0,0,0,0,0,0,0,0,0,0,0,0,0,0,0,0,0,0,0,0,4,0,0,0,0,0,0,0,0,0,0,0,2,0,0,0,0,0,6,0,0,0,0,0,0,0,0,0,0,0,0,0,0,0,0,0,0,0,0,0,0,0,0,0,0,0,0,0,0,0,0,0,1,0,0,0,0,0,0,0,0,0,0,0,0,0,0,0,0,0,0,0,0,0,0,0,0,0,0,0,0,0,0,0,0,0,0,0,0,0,0,0,0,0,0,0,0,0,0,0,0,0,0,0,0,0,0,0,0,0,0,0,0,0,0,0,0,0,0,0,0,0,0,0,0,0,0,0,0,0,0,0,0,0,0,0,0,0,0,0,0,0,0,0,0,0,0,0,0,0,0,0,0,0,0,0,0,0,0,0,0
0c4edfe2f013574203064d84d42f0426,11.4,279,305,1786,574,350,131,310,4196,3222,4516,25,0,376,25,3099,276,52,0,4,1181,807,1,76,6,9,139,19,23,63,67,102,448,41,4701,72,15,110,13,155,1,62,15,0,72,33,18,7,2,28,57,9,3,0,0,8,68,24,21,901,0,1,0,1,871,211,20,349,2,3,1,71,3,3,126,0,726,493,26,43,60,10988,853,28,11,497,2,9,9,8,180,34,148,420,128,20,1262,741,5,5,59,164,5,27,309,336,2,15,9,4,13,10,43,40,20,13,273,5935,2,0,167,24,15,0,0,4,0,12,0,5,37,24,2,0,1,5,26,46,2,0,0,1,0,0,0,1,0,257,0,0,1,0,124,31,0,1,1,4,59,69,3,50,6,1,4,4,15,1,1,9,38,18,1,4,6,6,1,13,3,40,4,1,1,1,4,19,12,55,1,1,1,1,1,1,1,1,1,2,9,0,0,0,0,0,0,0,0,0,0,0,0,0,0,0,0,0,0,0,0,0,0,0,0,0,0,0,0,0,0,0,0,0,0,0,0,0,0,0,0,0,0,0,0,0,0,0,0,0,0,0,0,0,0,0,0,0,0,0,0,0,0,0,0,0,0,0,0,0,0,0,0,0,0,0,0,0,0,0,0,0,0,0,0,0,0,0,0,0,0,0
0c5b1c5e03ee379abcd969ff63f0b250,5.0,228,425,4546,2487,345,245,7,544,230,655,57,0,59,12,2326,172,518,0,3,391,508,3,52,0,0,0,36,12,4259,455,208,105,0,249,24,0,285,0,22,0,57,9,61,528,0,0,57,0,0,22,57,0,0,0,170,209,92,92,4259,0,57,0,0,102,50,5,2,2,0,0,0,0,0,0,0,134,98,0,1,0,732,0,56,0,12,0,0,0,0,106,3,0,228,0,3,0,3,0,0,112,3,0,0,117,176,1,0,1,0,4,0,73,96,48,102,59,385,0,0,0,60,6366,0,0,0,112,0,0,58,58,0,0,0,1,57,0,0,0,0,0,0,0,0,0,0,2,58,0,0,0,0,57,0,12,0,0,0,14,14,0,0,0,0,0,0,0,0,0,0,113,0,0,56,57,0,0,0,0,0,0,0,0,0,0,0,0,0,0,0,0,0,0,0,0,0,0,0,0,0,116,0,0,0,2,0,12,1,0,0,0,0,0,6,0,0,0,0,0,0,0,0,0,0,0,0,0,0,0,0,0,0,0,0,0,0,0,0,0,0,0,0,0,0,0,0,0,0,0,0,0,0,0,0,0,0,0,0,0,0,0,0,0,0,0,0,0,0,0,0,0,0,0,0,0,0,0,0,0,0,0,0,0,0,0,0,0,0,0,0
0c5d93f9c4912eec7eeab8b0ca365a3a,8.0,16,89,314,196,9,25,68,82,26,95,8,0,5,6,451,1,5,0,2,69,242,0,18,2,3,6,6,2,11,18,25,12,0,2,23,0,5,4,33,0,3,0,0,0,0,0,3,0,3,12,0,0,1,1,7,17,1,1,23,1,0,0,0,619,25,0,37,0,0,0,3,0,0,7,0,486,346,0,13,1345,586,692,139,6,62,2,6,6,10,23,25,114,129,106,3,85,0,4,0,17,2,1,4,9,9,0,8,2,2,12,10,13,16,2,1,1,2,1,0,0,2,0,0,0,0,1,0,1,1,0,0,0,0,0,1,0,0,0,0,0,0,0,0,1,0,0,0,0,0,0,0,1,0,0,0,0,0,1,0,0,0,0,0,0,0,0,0,0,0,0,0,0,0,0,0,0,0,0,0,0,0,0,0,0,0,0,0,0,0,0,0,0,0,0,0,0,0,0,0,1,0,0,0,0,0,0,0,0,0,0,0,0,0,0,0,0,0,0,96,0,0,0,0,0,0,0,0,0,0,1,0,0,0,0,0,0,0,0,0,0,0,0,0,0,0,0,0,0,0,0,0,0,0,0,0,0,0,0,0,0,0,0,0,0,0,0,0,0,0,0,0,0,0,0,0,0,0,0,0,0,0,0,0,0,0,0,0,0,0
0c5d668a07e1283bfaf4a23fa6d136dd,2.2,2,19,73,60,7,19,96,491,2239,366,0,0,2,2,257,13,48,0,1,38,14,1,5,0,0,0,4,1,14,15,9,67,9,134,2,0,0,8,0,1,20,2,3,25,9,0,0,0,0,0,1,0,0,0,3,4,0,0,0,0,0,0,0,0,16,17,4,0,0,0,0,0,0,2,0,0,0,0,0,0,0,0,0,0,1,0,0,0,0,17,0,0,2,0,2,0,111,0,0,21,112,0,2,9,11,0,0,0,0,4,0,7,8,0,1,1,5,0,0,0,0,0,0,0,0,0,0,0,1,5,3,1,0,0,0,0,0,0,0,0,0,0,0,0,0,1,1,2,1,0,0,0,0,0,0,0,0,0,0,0,0,0,0,0,0,0,0,0,0,0,0,0,0,0,0,0,0,0,0,0,0,0,0,0,0,0,0,0,0,0,0,0,0,0,0,0,0,0,0,0,0,0,0,0,0,0,0,0,0,0,0,0,0,0,0,0,0,0,0,0,0,0,0,0,0,0,0,0,0,0,0,0,0,0,0,0,0,0,0,0,0,0,0,0,0,0,0,0,0,0,0,0,0,0,0,0,0,0,0,0,0,0,0,0,0,0,0,0,0,0,0,0,0,0,0,0,0,0,0,0,0,0,0,0,0,0,0,0,0
0c5ed6d992c7ce93a6837e04abedf928,7.8,42,230,1472,374,26,239,382,756,1229,670,25,0,13,20,1802,21,39,0,7,246,1043,0,64,9,7,15,21,6,59,47,102,113,16,71,104,0,42,5,39,1,22,0,0,1,19,0,10,0,12,20,0,2,0,0,2,33,225,223,11569,0,0,0,1,1065,163,4,121,2,0,0,15,0,0,24,0,1384,979,0,92,89,965,102,13,6,262,7,17,17,14,143,86,150,185,105,18,100,17,15,2,70,60,1,23,45,59,2,14,11,9,47,35,42,48,10,5,7,58,5,0,0,10,0,0,0,0,0,0,0,1,9,7,0,0,1,0,0,0,0,0,0,0,0,0,0,0,0,2,0,0,0,0,93,10,0,1,1,0,36,36,2,49,6,0,0,0,0,0,0,0,0,0,0,0,0,0,0,0,0,0,0,0,0,0,0,0,0,0,0,0,0,0,0,0,0,0,0,0,0,0,0,0,0,0,0,0,0,0,0,0,0,0,0,0,0,0,0,0,0,0,0,0,0,0,0,0,0,0,0,0,0,0,0,0,0,0,0,0,0,0,0,0,0,0,0,0,0,0,0,0,0,0,0,0,0,0,0,0,0,0,0,0,0,0,0,0,0,0,0,0,0,0,0,0,0,0,0,0,0,0,0,0,0,0,0,0,0,0,0,0
8dda093500a23f20b88d4378c7a0b730,7.2,1,45,822,105,77,62,6,83,43,185,3,0,187,1,106,0,38,1,0,4,3,0,3,0,0,4,0,0,47,26,6,39008,1,1,11,12,24,0,0,0,4,3,0,0,0,0,0,0,6,0,0,5,0,0,0,4,359,13,276,1,0,0,0,346,2,5,2,16,0,0,0,0,0,1,0,0,0,0,0,0,22,0,0,0,2,0,4,0,0,2,0,0,0,0,2,0,0,0,0,5,0,2,0,0,4,1,0,0,0,0,0,3,0,0,0,3,1,0,0,0,0,15,0,0,0,0,1,0,0,7,0,0,0,0,6,2,0,0,0,0,0,0,0,4,0,0,0,0,0,0,0,0,1,1,0,0,0,14,20,2,4,0,3,3,3,0,0,0,0,0,0,0,3,0,0,0,5,0,0,0,0,0,0,4,8,0,0,0,0,0,0,0,0,0,0,0,0,0,0,0,0,0,0,0,0,3,3,0,0,0,0,0,0,0,0,0,0,0,0,0,0,3,0,0,0,0,0,0,0,0,0,0,0,0,0,0,0,0,0,0,0,0,0,0,0,0,0,0,0,0,0,0,0,0,0,0,0,0,0,0,0,0,0,0,0,0,0,0,0,0,0,0,0,0,0,0,0,0,0,0,0,0,0,0,0,0,0,0,0
8ef7ddb23852a4572653736abc966105,1.2,0,0,0,0,0,0,0,0,0,0,0,0,0,0,0,0,0,0,0,0,0,0,0,0,0,0,0,0,0,0,0,0,0,0,0,0,0,0,0,0,0,0,0,0,0,0,0,0,0,0,0,0,0,0,0,0,0,0,0,0,0,0,0,0,0,0,0,0,0,0,0,0,0,0,0,0,0,0,0,0,0,0,0,0,0,0,0,0,0,0,0,0,0,0,0,0,0,0,0,0,0,0,0,0,0,0,0,0,0,0,0,0,0,0,0,0,0,0,0,0,0,0,0,0,0,0,0,0,0,0,0,0,0,0,0,0,0,0,0,0,0,0,0,0,0,0,0,0,0,0,0,0,0,0,0,0,0,0,0,0,0,0,0,0,0,0,0,0,0,0,0,0,0,0,0,0,0,0,0,0,0,0,0,0,0,0,0,0,0,0,0,0,0,0,0,0,0,0,0,0,0,0,0,0,0,0,0,0,0,0,0,0,0,0,0,0,0,0,0,0,0,0,0,0,0,0,0,0,0,0,0,0,0,0,0,0,0,0,0,0,0,0,0,0,0,0,0,0,0,0,0,0,0,0,0,0,0,0,0,0,0,0,0,0,0,0,0,0,0,0,0,0,0,0,0,0,0,0,0,0,0,0,0,0,0,0,0,0,0
0b7edd77421336856c0eebce98c94282,1.2,0,0,0,0,0,0,0,0,0,0,0,0,0,0,0,0,0,0,0,0,0,0,0,0,0,0,0,0,0,0,0,0,0,0,0,0,0,0,0,0,0,0,0,0,0,0,0,0,0,0,0,0,0,0,0,0,0,0,0,0,0,0,0,0,0,0,0,0,0,0,0,0,0,0,0,0,0,0,0,0,0,0,0,0,0,0,0,0,0,0,0,0,0,0,0,0,0,0,0,0,0,0,0,0,0,0,0,0,0,0,0,0,0,0,0,0,0,0,0,0,0,0,0,0,0,0,0,0,0,0,0,0,0,0,0,0,0,0,0,0,0,0,0,0,0,0,0,0,0,0,0,0,0,0,0,0,0,0,0,0,0,0,0,0,0,0,0,0,0,0,0,0,0,0,0,0,0,0,0,0,0,0,0,0,0,0,0,0,0,0,0,0,0,0,0,0,0,0,0,0,0,0,0,0,0,0,0,0,0,0,0,0,0,0,0,0,0,0,0,0,0,0,0,0,0,0,0,0,0,0,0,0,0,0,0,0,0,0,0,0,0,0,0,0,0,0,0,0,0,0,0,0,0,0,0,0,0,0,0,0,0,0,0,0,0,0,0,0,0,0,0,0,0,0,0,0,0,0,0,0,0,0,0,0,0,0,0,0,0
1a2b9fb7ce908d09d970fa9aa4c5c4b0,1.4,0,1,43,9,0,34,2,0,0,0,0,0,0,0,1,0,1,0,0,0,0,0,0,0,0,0,0,0,0,2,1,2,0,0,12,0,14,0,0,0,0,0,0,0,0,0,0,0,1,0,0,0,0,0,0,0,0,0,0,0,0,0,0,0,0,0,0,0,0,0,0,0,0,0,0,0,0,0,0,0,0,0,0,0,2,0,0,0,0,0,0,0,0,0,4,0,0,0,0,0,0,0,0,0,0,0,0,2,0,0,0,0,0,0,0,0,0,0,0,0,0,0,0,0,0,0,0,0,0,0,0,0,0,0,0,0,0,0,0,0,0,0,0,0,1,0,0,0,0,0,0,0,0,0,0,0,0,0,0,0,0,0,0,0,0,0,0,0,0,0,0,0,0,0,0,0,0,0,0,0,0,0,0,0,0,0,0,0,0,0,0,0,0,0,0,0,0,0,0,0,0,0,0,0,0,0,0,0,0,0,0,0,0,0,0,0,0,0,0,0,0,0,0,0,0,0,0,0,0,0,0,0,0,0,0,0,0,0,0,0,0,0,0,0,0,0,0,0,0,0,0,0,0,0,0,0,0,0,0,0,0,0,0,0,0,0,0,0,0,0,0,0,0,0,0,0,0,0,0,0,0,0,0,0,0,0,0,0,0
2be3361124b8ba8afc380444e864bead,1.2,0,0,0,0,0,0,0,0,0,0,0,0,0,0,0,0,0,0,0,0,0,0,0,0,0,0,0,0,0,0,0,0,0,0,0,0,0,0,0,0,0,0,0,0,0,0,0,0,0,0,0,0,0,0,0,0,0,0,0,0,0,0,0,0,0,0,0,0,0,0,0,0,0,0,0,0,0,0,0,0,0,0,0,0,0,0,0,0,0,0,0,0,0,0,0,0,0,0,0,0,0,0,0,0,0,0,0,0,0,0,0,0,0,0,0,0,0,0,0,0,0,0,0,0,0,0,0,0,0,0,0,0,0,0,0,0,0,0,0,0,0,0,0,0,0,0,0,0,0,0,0,0,0,0,0,0,0,0,0,0,0,0,0,0,0,0,0,0,0,0,0,0,0,0,0,0,0,0,0,0,0,0,0,0,0,0,0,0,0,0,0,0,0,0,0,0,0,0,0,0,0,0,0,0,0,0,0,0,0,0,0,0,0,0,0,0,0,0,0,0,0,0,0,0,0,0,0,0,0,0,0,0,0,0,0,0,0,0,0,0,0,0,0,0,0,0,0,0,0,0,0,0,0,0,0,0,0,0,0,0,0,0,0,0,0,0,0,0,0,0,0,0,0,0,0,0,0,0,0,0,0,0,0,0,0,0,0,0,0
03ec067bddb5faeee4e2cd8b73cf7f5c,4.2,0,13,86,20,3,60,4,18,22,35,0,0,2,8,103,7,7,0,0,8,7,0,5,1,1,0,3,0,0,5,3,9,0,0,1,0,18,0,0,0,6,0,2,2,0,0,1,0,0,0,0,0,0,0,6,4,0,0,0,0,0,0,0,0,0,7,0,0,0,0,0,0,0,1,0,0,0,0,0,0,0,0,0,0,0,0,3,3,0,0,0,0,0,0,0,0,0,0,0,5,1,1,0,2,2,0,0,2,0,0,0,1,8,0,5,0,0,0,0,2,0,0,0,0,0,0,0,0,0,0,0,0,0,1,0,0,0,0,0,0,0,0,0,0,0,0,0,0,0,0,0,0,1,0,0,0,0,1,3,0,0,0,0,0,0,0,0,0,0,0,0,0,1,0,0,0,0,0,0,0,0,0,0,0,0,0,0,0,0,0,0,0,0,0,0,0,0,0,0,0,0,0,0,0,0,0,0,0,0,0,0,0,0,0,0,0,0,0,0,0,0,0,0,0,0,1,0,0,0,0,0,0,0,0,0,0,0,0,4,0,0,0,0,0,0,0,0,0,0,0,0,0,0,0,0,0,0,0,0,0,0,0,0,0,0,0,0,0,0,0,0,0,0,0,0,0,0,0,0,0,0,0,0,0,0,0,0,0,0
5a3270b10afcd92345fef736a534d8be,11.4,50,65,256,202,53,49,0,22,25,43,9,0,102,2,76,2,72,0,25,14,11,1,5,1,2,0,0,2,0,27,0,18,0,3,0,0,14,4,4,0,0,5,0,0,0,0,1,1,50,0,2,2,1,1,3,3,2,2,2,0,0,0,0,730,0,2,0,0,0,0,23,0,0,0,0,0,0,0,0,2,76,0,6,1,0,0,0,0,0,0,0,0,54,4,3,8,0,0,0,16,0,0,8,2,2,60,0,0,0,0,0,3,0,0,0,0,6,0,4129,0,7,1,0,0,0,0,0,8,0,0,0,0,0,0,0,0,0,1,0,0,0,0,0,0,0,0,0,0,0,277,0,124,0,0,0,0,0,6,6,0,0,0,0,0,0,0,0,0,0,0,0,0,0,0,0,0,0,0,0,0,0,0,0,0,0,4,0,0,0,0,0,0,0,0,0,0,0,0,0,0,0,0,0,0,0,0,0,0,0,0,0,0,0,2,1,0,0,0,0,0,0,0,0,0,0,0,0,0,0,0,0,0,0,0,0,0,0,0,0,0,0,0,0,0,0,0,0,0,0,0,0,0,0,0,0,0,0,0,0,0,0,0,0,0,0,0,0,0,0,0,0,0,0,0,0,0,0,0,0,0,0,0,0,0,0,0,0,0,0
6eea4b9bd2f4dc72e63606561722edb7,1.4,0,13,57,7,0,34,2,0,0,0,1,0,0,0,1,0,1,0,0,0,0,0,0,0,0,0,0,0,0,2,1,2,0,0,10,0,12,0,0,0,0,0,0,0,0,0,0,0,1,0,0,0,0,0,0,0,0,0,0,0,0,0,0,0,0,0,0,0,0,0,0,0,0,0,0,0,0,0,0,0,0,0,0,0,2,0,0,0,0,0,0,0,0,0,4,0,0,0,0,0,0,0,0,0,0,0,0,1,0,0,0,0,0,0,0,0,0,0,0,0,0,0,0,0,0,0,0,0,0,0,0,0,0,0,0,0,0,0,0,0,0,0,0,0,1,0,0,0,0,0,0,0,0,0,0,0,0,0,0,0,0,0,0,0,0,0,0,0,0,0,0,0,0,0,0,0,0,0,0,0,0,0,0,0,0,0,0,0,0,0,0,0,0,0,0,0,0,0,0,0,0,0,0,0,0,0,0,0,0,0,0,0,0,0,0,0,0,0,0,0,0,0,0,0,0,0,0,0,0,0,0,0,0,0,0,0,0,0,0,0,0,0,0,0,0,0,0,0,0,0,0,0,0,0,0,0,0,0,0,0,0,0,0,0,0,0,0,0,0,0,0,0,0,0,0,0,0,0,0,0,0,0,0,0,0,0,0,0,0
7a30183b105b4200fc201925aba4886c,3.8,24,52,501,25,6,17,2,84,116,115,4,0,24,1,143,7,4,1,1,16,9,1,8,0,0,0,3,1,1,2,12,4,0,0,6,1,2,1,10,0,0,1,0,1,0,0,1,1,1,2,1,0,0,0,3,11,0,0,0,0,0,0,0,0,3,10,4,0,0,0,13,0,0,1,0,2,0,0,2,119,655,21,711,1,149,0,0,0,0,0,0,2,26,2,1,50,0,0,0,0,0,2,4,2,3,0,0,0,0,0,0,9,8,0,3,0,1,0,0,0,1,5,0,0,0,0,0,1,1,2,0,0,0,1,0,0,0,1,0,0,0,0,0,0,2,0,0,0,0,0,0,0,0,0,0,0,0,4,13,0,0,0,1,2,2,1,0,0,0,0,0,0,0,0,0,0,4,0,0,2,0,0,0,3,0,0,0,0,0,0,0,0,0,0,0,0,0,0,0,0,0,0,0,0,0,0,0,0,0,0,0,0,0,0,0,0,0,0,0,0,0,1,0,0,0,0,0,0,0,0,0,0,0,0,0,0,0,0,0,0,0,0,0,0,0,0,0,0,0,0,0,0,0,0,0,0,0,0,0,0,0,0,0,0,0,0,0,0,0,0,0,0,0,0,0,0,0,0,0,0,0,0,0,0,0,0,0,0,0
7b80eb4d416b143ee67a476b5f749d82,1.4,0,14,58,7,0,34,2,0,0,0,1,0,0,0,1,0,1,0,0,0,0,0,0,0,0,0,0,0,0,2,1,2,0,0,10,0,12,0,0,0,0,0,0,0,0,0,0,0,1,0,0,0,0,0,0,0,0,0,0,0,0,0,0,0,0,0,0,0,0,0,0,0,0,0,0,0,0,0,0,0,0,0,0,0,2,0,0,0,0,0,0,0,0,0,4,0,0,0,0,0,0,0,0,0,0,0,0,1,0,0,0,0,0,0,0,0,0,0,0,0,0,0,0,0,0,0,0,0,0,0,0,0,0,0,0,0,0,0,0,0,0,0,0,0,1,0,0,0,0,0,0,0,0,0,0,0,0,0,0,0,0,0,0,0,0,0,0,0,0,0,0,0,0,0,0,0,0,0,0,0,0,0,0,0,0,0,0,0,0,0,0,0,0,0,0,0,0,0,0,0,0,0,0,0,0,0,0,0,0,0,0,0,0,0,0,0,0,0,0,0,0,0,0,0,0,0,0,0,0,0,0,0,0,0,0,0,0,0,0,0,0,0,0,0,0,0,0,0,0,0,0,0,0,0,0,0,0,0,0,0,0,0,0,0,0,0,0,0,0,0,0,0,0,0,0,0,0,0,0,0,0,0,0,0,0,0,0,0,0
0c870bb7c15051af0c04027042fa3c58,4.2,0,57,471,11,120,6,0,1,1,28,0,0,23,0,74,2,7,1,1,1,1,0,1,0,0,51,0,0,0,14,0,0,0,2,0,0,6,0,0,0,2,0,0,0,0,0,0,0,0,0,0,0,0,0,3,5,0,0,0,0,0,0,0,0,0,46,0,0,0,0,0,0,0,0,0,0,0,0,0,0,0,0,0,0,0,0,0,0,0,0,0,0,0,0,0,0,0,0,0,2,0,0,4,0,0,0,0,0,0,0,0,0,0,0,0,0,0,0,0,0,0,0,0,0,0,0,0,0,1,0,0,0,0,0,0,0,0,0,0,0,0,0,0,1,0,0,0,0,0,0,0,31,0,0,0,0,0,0,0,0,0,0,0,0,0,0,0,0,0,0,0,0,0,0,0,0,0,0,0,0,0,0,0,0,12,0,0,0,0,0,0,0,0,0,0,0,0,0,0,0,0,1,0,0,0,2,0,0,0,0,0,0,0,0,0,0,0,0,0,0,0,0,1,0,0,0,0,0,0,0,0,0,0,0,0,0,0,0,0,1,0,0,0,0,0,0,0,0,0,0,0,0,0,0,0,0,0,0,0,0,0,0,0,0,0,0,0,0,0,0,0,0,0,0,0,0,0,0,0,0,0,0,0,0,0,0,0,0,0
4e80c948a46555705242b8ee562c46c8,4.2,0,5,24,5,3,7,8,1,1,5,1,1,3,2,49,1,1,0,0,4,8,0,0,0,0,0,0,1,0,5,0,3,0,0,5,0,0,1,0,0,3,2,1,10,0,0,1,0,0,0,1,0,0,0,6,8,1,0,12,0,0,0,0,1,0,0,0,0,0,0,0,0,0,0,0,7,7,0,0,0,0,0,0,0,1,0,0,0,0,0,0,0,15,19,0,0,0,0,0,11,3,0,0,1,1,0,0,1,0,0,0,6,0,0,0,0,0,1,0,0,2,0,0,0,0,0,0,36,0,0,0,0,0,0,0,0,0,0,0,0,0,0,0,0,0,0,0,0,2,0,0,0,0,0,0,0,0,1,1,0,0,0,0,0,0,0,0,0,0,0,0,0,1,0,0,0,0,0,0,0,0,0,0,0,0,3,0,0,0,0,0,0,0,0,0,0,0,0,0,0,0,0,0,0,0,0,1,0,0,0,0,0,0,0,0,0,0,0,0,0,0,0,0,0,0,0,0,0,0,0,0,0,0,0,0,0,0,0,0,0,0,0,0,0,0,0,0,0,0,0,0,0,0,0,0,0,0,0,0,0,0,0,0,0,0,0,0,0,0,0,0,0,0,0,0,0,0,0,0,0,0,0,0,0,0,0,0,0,0
7f6fa04dc8384062c3b2c108108760eb,1.2,0,0,0,0,0,0,0,0,0,0,0,0,0,0,0,0,0,0,0,0,0,0,0,0,0,0,0,0,0,0,0,0,0,0,0,0,0,0,0,0,0,0,0,0,0,0,0,0,0,0,0,0,0,0,0,0,0,0,0,0,0,0,0,0,0,0,0,0,0,0,0,0,0,0,0,0,0,0,0,0,0,0,0,0,0,0,0,0,0,0,0,0,0,0,0,0,0,0,0,0,0,0,0,0,0,0,0,0,0,0,0,0,0,0,0,0,0,0,0,0,0,0,0,0,0,0,0,0,0,0,0,0,0,0,0,0,0,0,0,0,0,0,0,0,0,0,0,0,0,0,0,0,0,0,0,0,0,0,0,0,0,0,0,0,0,0,0,0,0,0,0,0,0,0,0,0,0,0,0,0,0,0,0,0,0,0,0,0,0,0,0,0,0,0,0,0,0,0,0,0,0,0,0,0,0,0,0,0,0,0,0,0,0,0,0,0,0,0,0,0,0,0,0,0,0,0,0,0,0,0,0,0,0,0,0,0,0,0,0,0,0,0,0,0,0,0,0,0,0,0,0,0,0,0,0,0,0,0,0,0,0,0,0,0,0,0,0,0,0,0,0,0,0,0,0,0,0,0,0,0,0,0,0,0,0,0,0,0,0
8b137996b987c854e890ffc39a9036a6,1.2,0,0,0,0,0,0,0,2,2,2,0,0,0,0,0,0,0,0,0,0,0,0,0,0,0,0,0,0,0,0,0,0,0,0,0,0,0,0,0,0,0,0,0,0,0,0,0,0,0,0,0,0,0,0,1,0,0,0,0,0,0,0,0,0,0,0,0,0,0,0,0,0,0,0,0,0,0,0,0,0,0,0,0,0,0,0,0,0,0,0,0,0,0,0,0,0,0,0,0,0,0,0,0,0,0,0,0,0,0,0,0,0,0,0,0,0,0,0,0,0,3,0,0,0,0,0,0,1,0,0,0,0,0,0,0,0,0,0,0,0,0,0,0,0,0,0,0,0,0,0,0,0,0,0,0,0,0,1,0,0,0,0,0,0,0,0,0,0,0,0,0,0,0,0,0,0,0,0,0,0,0,0,0,0,0,0,0,0,0,0,0,0,0,0,0,5,0,0,0,0,0,0,0,0,0,0,0,0,0,0,0,0,0,0,0,0,0,0,0,0,0,0,0,0,0,0,0,0,0,0,0,0,0,0,0,0,0,0,0,0,0,0,0,0,0,0,0,0,0,0,0,0,0,0,0,0,0,0,0,0,0,0,0,0,0,0,0,0,0,0,0,0,0,0,0,0,0,0,0,0,0,0,0,0,0,0,0,0,0
6986c2febf0f4881874c149ed845fc88,4.4,70,77,341,247,21,59,150,360,818,256,6,1,21,5,789,114,147,1,0,91,161,0,77,0,0,27,4,3,90,73,37,116,19,292,5,6,6,7,0,3,90,2,13,117,23,0,4,2,0,0,1,0,0,0,8,11,0,0,0,0,0,0,0,18,74,10,26,0,0,0,0,0,0,0,0,237,173,0,5,159,5155,154,612,47,2,0,0,0,16,72,0,4,97,32,3,697,14,0,0,110,68,1,10,33,121,1,3,1,54,0,0,24,8,0,4,7,40,11,0,0,0,0,0,0,0,0,10,62,0,6,10,0,0,0,4,0,0,2,0,0,0,0,0,0,0,0,0,0,4,0,0,152,0,1,1,3,0,2,20,0,0,0,0,0,0,0,0,0,0,9,0,0,10,1,0,0,0,5,0,0,0,0,0,0,0,15,0,0,0,0,0,0,0,0,0,0,0,0,0,0,0,0,3,3,0,2,0,0,0,0,0,0,2,0,0,112,0,0,0,0,0,0,0,0,0,0,0,0,0,0,0,0,0,0,0,0,0,0,0,1,0,0,0,0,0,0,0,0,3,0,0,0,0,0,0,0,0,0,0,0,0,0,0,0,0,0,0,0,0,0,0,0,0,0,0,1,0,0,0,0,0,0,0,0,0,0,0,0,0
37f523b7fcce4f147794cdc58e8feea3,14.0,8,146,745,364,67,309,137,921,2713,725,87,2,6,13,953,36,75,2,4,240,119,4,19,0,3,5,17,3,18,97,259,127,9,124,16,1,24,2,10,0,26,9,10,51,9,0,14,1,8,11,8,5,1,1,42,33,0,0,0,0,3,2,2,2,21,264,8,0,6,6,12,6,6,1,0,15,34,8,0,73,14,0,144,0,27,0,0,0,0,20,0,0,19,19,5,0,111,0,1,28,110,6,2,41,48,1,0,13,0,0,0,33,16,0,53,15,91,3,0,35,2,36,0,0,0,0,0,36,2,21,13,1,0,2,1,44,71,1,0,0,2,0,1,1,0,0,4,0,2,0,0,3,1,0,0,0,0,1,1,0,0,0,0,0,0,0,0,0,3,0,0,0,5,1,0,0,0,0,0,0,0,0,0,0,45,5,0,0,0,0,0,0,0,0,0,0,0,0,0,4,2,0,0,2,0,0,1,0,0,0,0,0,0,0,0,0,0,0,0,0,0,0,12,0,0,22,2,1,1,1,0,0,0,0,2,0,0,0,0,0,0,0,0,0,0,0,0,0,0,0,0,0,0,0,0,0,0,0,0,0,0,0,0,0,0,0,0,0,0,0,0,0,2,0,0,0,0,0,0,0,0,0,0,0,0,0,0,0,0
48bc80580308e62815fe2772f8f19698,1.2,0,0,0,0,0,0,0,0,0,0,0,0,0,0,0,0,0,0,0,0,0,0,0,0,0,0,0,0,0,0,0,0,0,0,0,0,0,0,0,0,0,0,0,0,0,0,0,0,0,0,0,0,0,0,0,0,0,0,0,0,0,0,0,0,0,0,0,0,0,0,0,0,0,0,0,0,0,0,0,0,0,0,0,0,0,0,0,0,0,0,0,0,0,0,0,0,0,0,0,0,0,0,0,0,0,0,0,0,0,0,0,0,0,0,0,0,0,0,0,0,0,0,0,0,0,0,0,0,0,0,0,0,0,0,0,0,0,0,0,0,0,0,0,0,0,0,0,0,0,0,0,0,0,0,0,0,0,0,0,0,0,0,0,0,0,0,0,0,0,0,0,0,0,0,0,0,0,0,0,0,0,0,0,0,0,0,0,0,0,0,0,0,0,0,0,0,0,0,0,0,0,0,0,0,0,0,0,0,0,0,0,0,0,0,0,0,0,0,0,0,0,0,0,0,0,0,0,0,0,0,0,0,0,0,0,0,0,0,0,0,0,0,0,0,0,0,0,0,0,0,0,0,0,0,0,0,0,0,0,0,0,0,0,0,0,0,0,0,0,0,0,0,0,0,0,0,0,0,0,0,0,0,0,0,0,0,0,0,0
50b28f7d71f5bc9e737e835ea1ce31b4,11.6,69,159,1395,2407,28,440,24,301,525,238,200,3,15,22,593,56,303,6,5,53,77,327,30,3,11,7,9,4,6,91,156,94,0,22,15,2,40,2,4,0,43,6,8,49,0,0,11,0,17,12,7,22,2,2,24,19,0,0,0,0,4,3144,1572,20,12,46,0,0,17,0,4,0,0,10,0,23,51,0,0,4,253,0,0,0,16,0,0,0,0,5,0,0,64,21,12,20,0,0,0,16,3,0,22,63,63,2,0,9,148,2,0,37,24,5,10,55,0,2,0,46,0,100,0,0,0,0,0,38,0,4,8,0,0,1,62,12,8,0,0,0,2,0,2,71,0,0,0,0,2,0,0,147,2,0,0,0,0,13,3,0,0,0,0,0,0,0,0,0,0,0,0,0,2,0,0,0,0,0,0,0,0,0,0,0,0,3,0,0,0,0,0,0,0,0,0,0,0,0,0,2,0,0,0,0,0,0,1,0,0,0,0,0,0,0,0,0,0,0,0,0,0,0,15,0,0,4,0,0,0,0,0,0,0,0,2,0,0,0,0,0,0,0,0,0,0,0,0,0,0,0,0,0,0,0,0,0,0,0,0,0,0,0,0,0,0,0,0,0,0,0,0,0,0,0,0,0,0,0,0,0,0,0,0,0,0,0,0,0,0
4fef7c78f2336481091880daa527bd53,6.8,0,28,213,20,19,20,70,407,586,247,1,1,52,6,199,16,22,0,1,32,25,1,6,1,1,2,4,2,4,18,26,29,0,4,8,0,1,2,0,0,10,4,5,4,0,0,3,1,1,4,1,0,0,0,12,21,0,0,0,0,0,0,0,39,3,25,4,0,0,0,0,0,0,1,0,7,7,8,0,1,0,0,0,0,26,0,0,0,0,3,0,0,15,19,1,0,20,0,1,17,78,3,2,13,18,0,0,3,0,0,0,16,8,0,13,0,3,1,0,12,1,10,0,0,0,0,0,36,1,12,5,1,0,1,0,3,6,1,0,0,0,0,0,0,0,0,0,0,2,1,0,0,1,1,0,0,0,6,13,0,0,0,1,2,2,0,0,0,0,0,0,0,2,0,0,0,0,0,0,0,0,0,0,1,0,3,0,0,0,0,0,0,0,0,0,0,0,0,0,0,0,0,0,1,0,0,1,0,0,0,0,0,0,0,0,0,0,0,0,0,0,1,0,0,0,10,0,0,0,0,0,0,0,0,0,0,0,0,0,0,0,0,0,0,0,0,0,0,0,0,0,0,0,0,0,0,0,0,0,0,0,0,0,0,0,0,0,0,0,0,0,0,0,0,0,0,0,0,0,0,0,0,0,0,0,0,0,0,0
55da827a2e1e53de9a99a5a7be8e6e80,2.8,82,43,259,111,7,30,27,296,351,235,3,1,3,5,331,38,11,1,1,94,127,1,7,1,1,0,4,2,4,8,22,47,0,7,6,4,0,2,0,0,14,1,0,210,0,0,1,1,0,0,2,0,0,0,0,5,0,0,0,0,0,0,0,0,5,18,5,0,0,0,0,0,0,0,0,7,7,0,5,2,15644,903,2408,1,94,0,0,0,0,4,0,85,150,61,2,1267,5,0,0,67,140,0,16,40,42,0,0,1,52,0,0,14,8,0,0,0,2,2,0,0,0,0,0,0,1,0,0,28,2,5,1,2,0,0,24,0,0,1,0,0,0,0,0,23,0,0,0,0,1,0,0,0,0,0,0,0,0,1,1,0,0,0,0,0,0,0,0,0,0,0,0,0,1,0,0,0,0,0,0,0,0,0,0,0,0,3,0,0,0,0,0,0,0,0,0,0,0,0,0,0,0,0,0,0,0,0,0,0,0,0,0,0,0,0,0,1,0,0,0,0,0,0,0,0,0,0,0,0,0,0,0,0,0,0,0,0,0,0,0,0,0,0,0,0,0,0,0,0,0,0,0,0,0,0,0,0,0,0,0,0,0,0,0,0,0,0,0,0,0,0,0,0,0,0,0,0,0,0,0,0,0,0,0,0,0,0,0,0,0
58e249abfd86fb07616372720cd9d392,2.0,12,26,102,650,0,8,133,10,2,2,1,0,0,1,253,8,232,0,2,14,205,1,5,1,1,1,4,1,1,16,2,48,1,192,2,0,0,0,0,0,7,0,8,16,1,0,0,0,0,0,15,0,0,0,3,5,1,1,37,0,0,0,0,240,1,0,1,0,0,0,0,0,0,0,0,209,157,0,20,0,14,0,0,0,1,0,1,0,0,1,0,1,13,0,2,0,2,0,0,14,21,0,1,4,7,2,1,1,0,0,0,6,8,0,25,3,317,8,242,0,0,0,0,0,0,0,0,0,0,2,0,8,0,0,0,0,0,0,0,0,0,0,0,0,0,0,0,0,0,0,0,0,0,0,0,0,0,0,0,0,0,0,0,0,0,0,0,0,0,2,0,0,7,1,0,0,0,0,0,0,0,0,0,0,0,0,0,0,0,0,0,0,0,0,0,0,0,0,0,0,0,0,0,0,0,0,0,0,0,0,0,0,0,0,0,0,0,0,0,0,0,0,0,0,0,0,0,0,0,0,0,0,0,0,1,0,0,0,0,0,0,0,0,0,0,0,0,0,0,0,0,0,0,0,0,0,0,0,0,0,0,0,0,0,0,0,0,0,0,0,0,0,0,0,0,0,0,0,0,0,0,0,0,0,0,0,0,0,0
067bed758bf971259c2c039ae8ed7193,2.0,0,5,572,5,1,562,9,1,1,3,1,1,2,2,22,0,2,0,0,2,6,0,0,0,0,0,0,1,0,6,0,4,0,0,2,0,13,1,0,0,3,2,0,70,0,0,1,0,1,0,1,0,0,0,0,2,0,0,0,0,0,0,0,0,0,0,0,0,0,0,0,0,0,0,0,7,7,0,0,0,0,0,0,0,1,0,0,0,0,0,0,0,543,14,0,0,0,0,0,9,0,0,0,1,1,0,0,2,0,0,0,6,0,0,0,0,0,1,0,0,29637,0,0,0,0,0,0,560,0,0,0,0,0,0,0,0,0,0,0,0,0,0,0,0,0,0,0,0,1,0,0,0,0,0,0,0,0,1,1,0,0,0,0,0,0,0,0,0,0,0,0,0,2,0,0,0,0,0,0,0,0,0,0,0,0,3,0,0,0,0,0,0,0,0,0,0,0,0,0,0,0,0,0,0,0,0,0,0,0,0,0,0,0,0,0,0,0,0,0,0,0,0,0,0,0,0,0,0,0,7405,0,0,0,0,0,0,0,0,0,0,0,0,0,0,0,0,0,0,0,0,0,0,0,0,0,0,0,0,0,0,0,0,0,0,0,0,0,0,0,0,0,0,0,0,0,0,0,0,0,0,0,0,0,0,0,0,0,0,0
69afb814ffd217c8cff57a8b0fd099e1,1.4,1,15,82,24,0,28,5,5,0,1,18,0,0,2,102,0,5,0,1,9,69,1,4,0,2,0,0,0,14,0,2,13,0,0,7,0,0,0,0,0,0,0,0,0,0,0,0,0,3,0,0,0,0,0,0,3,0,0,0,0,0,0,0,0,1,0,13,0,0,0,0,0,0,1,0,60,60,0,0,0,7,0,2,0,0,0,1,1,0,0,0,2,1,1,4,0,0,0,0,0,0,2,0,1,1,0,169,1,0,0,18,0,0,0,0,0,0,0,0,0,0,0,0,0,3,0,0,0,0,0,0,0,0,0,0,0,0,0,0,0,0,0,0,0,0,0,0,0,0,0,0,0,0,0,0,0,0,0,0,0,0,0,0,0,0,0,0,0,0,0,0,0,0,0,0,0,0,0,0,0,0,0,0,0,0,0,0,0,0,0,0,0,0,0,0,0,0,0,0,0,0,0,0,0,0,0,0,0,0,0,0,0,0,0,0,0,0,0,0,0,0,0,0,0,0,0,0,0,0,0,0,0,0,0,0,0,0,0,0,0,0,0,0,0,0,0,1,0,0,0,0,0,0,0,0,0,0,0,0,0,0,0,0,0,0,0,0,0,0,0,0,0,0,0,0,0,0,0,0,0,0,0,0,0,0,0,0,0,0
74a9d2afe4c02a48f68b7ae8c1bedbbf,1.8,31,7,70,31,3,28,4,7,5,11,2,0,46,1,25,0,4,0,0,5,7,0,1,0,0,0,0,0,0,0,0,4,1,1,0,2,2,0,0,0,0,0,0,0,0,0,0,0,0,0,0,0,0,0,0,0,0,0,0,0,0,0,0,0,1,0,0,0,0,0,0,0,0,0,0,6,6,0,0,2,119,0,0,0,0,0,0,0,0,1,0,0,33,1,2,17,0,0,0,4,0,0,0,3,5,1,0,2,0,0,0,1,0,0,0,0,0,0,0,4,0,0,0,0,0,0,0,2,1,1,0,0,0,0,0,2,41,0,0,0,0,0,0,0,0,0,0,0,0,0,0,0,0,1,0,0,0,4,1,0,0,0,0,0,0,0,0,0,1,0,0,0,0,0,0,0,0,0,0,0,0,0,0,0,0,0,1,0,0,0,0,0,0,0,0,0,0,0,0,1,0,0,0,0,0,0,0,0,0,0,0,0,0,0,0,0,0,0,0,0,0,0,0,0,0,0,0,0,0,2,0,0,0,0,0,0,0,0,0,0,0,0,0,0,0,0,0,0,0,0,0,0,0,0,0,0,0,0,0,0,0,0,0,0,0,0,0,0,0,0,0,0,0,0,0,0,0,0,0,0,0,0,0,0,0,0,0,0,0
05b6f4b41231d437216c87f7c752dc8d,3.4,12,88,368,202,1,42,57,24,45,28,5,0,1,7,1297,25,102,2,5,309,337,1,18,1,2,0,3,1,0,14,41,54,0,507,11,3,7,7,6,6,6,3,1,55,0,0,6,3,6,0,1,0,0,0,9,29,0,0,0,0,0,0,0,15,10,74,66,0,0,0,36,2,2,4,2,1346,898,0,0,1,181,27,0,0,7,0,0,0,0,8,0,0,11,0,2,5,20,0,0,33,31,1,4,33,34,0,3,3,192,3,135,6,8,0,34,27,301,7,0,0,1,0,0,0,0,0,0,1,1,1,0,0,0,1,0,0,0,3,0,0,3,0,0,0,0,6,15,4,0,0,0,8,0,0,0,0,0,0,0,0,0,0,0,0,0,0,0,0,4,2,0,0,2,3,0,0,2,0,0,0,0,0,0,0,0,6,0,0,0,0,0,0,0,0,0,0,0,0,0,0,0,0,0,0,0,0,0,4,2,0,0,0,0,0,0,0,0,0,0,1,0,0,0,0,0,5,0,0,0,1,0,0,1,0,0,0,0,0,0,0,0,0,0,0,0,0,0,0,0,0,0,0,0,0,0,0,0,0,0,0,0,0,0,0,0,0,0,0,0,0,0,0,0,0,0,0,3,0,0,0,0,0,0,0,0,0,0,0,0
78f8a28871449eee80df24df4d09bf74,3.0,14,26,98,55,0,5,16418,24,2,5,2,0,0,2,189,2,3,0,1,18,97,1,16,1,1,0,4,1,0,1,0,14,1,40,2,2,0,0,0,1,0,0,0,2,1,0,1,2,1,0,1,0,0,0,3,3,0,0,0,0,0,0,0,5873,3,0,2,0,0,0,0,0,0,0,0,194,142,0,0,2576,5133,0,2232,0,1,0,1,0,0,1,0,0,12,0,2,734,2,0,0,3,7,0,0,3,6,2,0,2,0,0,0,6,8,0,4,0,68,0,6749,0,0,0,0,0,0,0,0,0,0,2,0,0,0,0,0,1,41,2,0,0,1,0,0,0,0,0,0,0,0,0,0,0,0,0,0,0,0,0,0,0,0,0,0,0,0,0,0,0,0,0,0,0,0,0,0,0,0,0,0,0,0,0,0,0,0,0,0,0,0,0,0,0,0,0,0,0,0,0,0,0,0,0,0,1,0,0,0,0,0,0,0,0,0,0,0,0,0,0,0,0,4456,0,0,0,0,0,0,0,0,0,0,0,0,0,0,0,0,0,0,0,0,0,0,0,0,0,0,0,0,0,0,0,0,0,0,0,0,0,0,0,0,0,0,0,0,0,0,0,0,0,0,0,0,0,0,0,0,0,0,0,0,0,0,0,0,0,0,0,0
85b8504e8c075d2a1cb20319dbde1ece,2.6,2,40,282,184,3,71,24,105,193,70,88,2,2,7,322,16,42,0,1,9,13,4,2,0,2,2,0,1,2,45,120,43,0,11,4,1,64,1,1,0,20,2,0,102,0,0,1,0,3,0,2,0,0,0,0,3,0,0,0,0,0,0,0,0,2,0,0,0,0,0,0,0,0,0,0,16,14,0,0,0,56,0,0,0,1,0,0,0,0,0,0,0,12,14,3,5,0,0,0,248,237,0,0,23,23,1,0,2,74,1,0,8,0,0,4,26,0,0,0,21,0,0,0,0,0,0,0,28,0,2,5,0,0,0,31,6,5,0,0,0,0,1,1,0,0,0,0,0,1,0,0,0,1,0,0,0,0,1,1,0,0,0,0,0,0,0,0,0,0,0,0,0,2,0,0,0,0,0,0,0,0,0,0,0,0,3,0,0,0,0,0,0,0,0,0,0,0,0,0,0,0,0,0,0,0,0,0,0,0,0,0,0,0,0,0,0,0,0,0,0,0,0,0,0,0,0,0,0,0,0,0,0,0,0,0,0,0,0,0,0,0,0,0,0,0,0,0,0,0,0,0,0,0,0,0,0,0,0,0,0,0,0,0,0,0,0,0,0,0,0,0,0,0,0,0,0,0,0,0,0,0,0,0,0,0,0,0,0,0
87ca29e17722011cf27d54e57065f8a5,2.6,4,20,87,45,3,13,10,1,1,5,2,1,3,3,82,3,14,0,0,28,21,0,1,0,0,0,0,1,0,5,2,8,0,14,2,2,36,1,0,0,5,2,2,32,0,0,1,0,1,0,2,0,0,0,6,5,0,0,0,0,0,0,0,0,1,2,0,0,0,0,0,0,0,0,0,14,14,0,0,1,73,0,0,0,1,0,0,0,0,1,0,1,18,19,0,10,0,0,0,11,3,0,0,2,4,1,0,1,2,0,2,6,0,0,0,0,16,1,4,0,0,0,1,0,0,0,0,36,0,1,0,0,0,0,0,0,0,0,0,0,0,1,0,0,1,0,0,0,2,0,0,0,0,0,0,0,0,1,1,0,0,0,0,0,0,0,0,0,0,0,0,0,1,0,0,0,0,0,0,0,0,0,0,0,0,3,0,0,0,0,0,0,0,0,0,0,0,0,0,0,0,0,0,0,0,0,1,0,0,0,0,0,0,0,0,0,0,0,0,0,0,0,0,0,0,0,0,0,0,0,0,0,0,0,0,0,0,0,0,0,0,0,0,0,0,0,0,0,0,0,0,0,0,0,0,0,0,0,0,0,0,0,0,0,0,0,0,0,0,0,0,0,0,0,0,0,0,0,0,0,0,0,0,0,0,0,0,0,0
89aa9cf40eea5af42a3f98e606990f1c,1.8,1,11,59,20,0,33,5,15,4,10,4,0,0,2,118,2,7,0,1,10,12,1,4,0,8,0,0,0,0,0,2,1,0,0,9,0,0,0,4,0,0,0,0,0,0,0,0,0,6,0,0,0,0,0,3,2,0,0,0,0,0,0,0,2,0,0,0,0,0,0,0,0,0,0,0,7,7,0,0,0,7,0,4,0,0,0,0,0,0,1,0,8,7,7,4,0,0,0,0,0,0,0,0,1,1,0,0,1,0,0,0,0,0,0,0,0,0,0,0,6,0,0,0,0,5,5,0,0,1,0,0,0,0,0,0,0,0,0,0,0,0,0,0,0,0,0,0,0,0,0,0,0,0,0,0,0,0,0,0,0,0,0,0,0,0,0,0,0,0,0,0,0,0,0,0,0,0,0,0,0,0,0,0,0,0,0,0,0,0,0,0,0,0,0,0,0,0,0,0,0,0,0,0,0,0,0,0,0,0,0,0,0,0,0,0,0,0,0,0,0,0,0,0,0,0,0,0,0,0,0,0,0,0,0,0,0,0,0,0,0,0,0,0,0,0,0,3,0,0,0,0,0,0,0,0,0,0,0,0,0,0,0,0,0,0,0,0,0,0,0,0,0,0,0,0,0,0,0,0,0,0,0,0,0,0,0,0,0,0
93fff21615665e21817ccb6e94f7eca8,2.8,244,20,157,46,10,125,10,141,34,44,22,1,6,4,83,1,14,1,0,10,14,0,3,0,0,2,0,1,0,8,0,5,0,0,4,4,0,1,0,0,4,3,0,40,0,0,3,1,1,0,2,0,0,0,3,3,0,0,0,0,0,0,0,8,2,2,0,0,7,7,0,0,0,0,0,14,14,0,0,4,374,114,1154,52,1,0,0,0,0,1,0,1,260,21,2,1241,0,0,0,9,0,0,4,2,5,1,0,1,0,0,0,8,0,0,0,0,0,2,0,0,0,0,1,0,0,0,0,39,0,2,0,0,0,0,0,0,0,1,0,0,0,0,0,0,0,0,0,0,1,0,0,96,0,0,0,0,0,3,3,0,0,0,0,0,0,0,0,0,0,0,0,0,2,0,0,0,0,7,0,0,0,0,0,0,0,3,0,0,0,0,0,0,0,0,0,0,0,0,0,1,0,0,0,0,0,1,0,0,0,0,0,0,0,0,1,16,0,0,0,3,147,0,7,0,0,0,0,0,0,0,0,0,0,0,0,0,0,0,0,0,0,0,0,0,0,0,0,0,0,0,0,0,0,0,0,0,0,0,0,0,0,0,0,0,0,0,0,0,0,0,0,0,0,0,0,0,0,0,0,0,0,0,0,0,0,0,0,0,0
118f67cfdbed578a729ef633cc19325a,4.2,14,107,318,363,1,9,46,320,54,331,4,0,3,3,510,5,27,1,1,40,313,1,9,0,0,0,4,1,1,5,6,16,1,106,9,2,0,0,9,10,7,0,0,1,1,0,1,0,1,3,0,0,0,0,0,58,0,0,0,0,0,0,0,4145,4,0,21,0,0,0,13,0,0,3,0,634,438,0,124,1679,374,0,3,0,1,0,0,0,0,1,12,0,12,0,2,23,14,0,0,15,15,2,0,6,9,2,0,1,0,15,0,6,8,0,2,4,162,7,4850,16,0,0,0,0,0,0,0,0,1,3,0,7,0,0,0,5,259,0,0,0,0,0,0,0,0,2,8,2,0,0,0,0,0,0,0,0,0,2,7,0,0,0,0,2,2,3,0,0,0,0,1,0,0,0,0,0,4,0,0,2,0,0,0,3,0,0,0,0,1,0,1,1,1,0,0,0,0,1,0,0,0,0,10,0,0,0,0,0,0,0,0,0,0,0,0,0,0,0,0,0,4,0,1,0,0,0,0,0,0,0,0,0,0,0,0,0,0,0,0,0,0,0,0,0,0,0,0,0,0,0,0,0,0,0,0,0,0,0,0,0,0,0,0,0,0,0,0,0,0,0,0,0,0,0,0,0,0,0,0,0,0,0,0,0,0,0,0,0,0
126e17d9b096b8ecf9afcb89a43d35b7,1.8,12,20,62,40,0,4,36,4,1,1,1,0,0,1,173,7,21,0,1,11,88,1,5,1,1,0,4,1,0,0,0,10,1,45,2,0,0,0,0,0,0,0,0,0,1,0,0,0,1,0,0,0,0,0,3,4,0,0,0,0,0,0,0,100,1,0,1,0,0,0,0,0,0,0,0,188,136,0,0,0,14,0,0,0,1,0,1,0,0,2,0,1,13,0,2,0,2,0,0,0,6,0,0,1,4,2,0,1,0,0,0,6,8,0,2,0,80,0,101,0,0,0,0,0,0,0,0,0,0,2,0,0,0,0,0,0,0,0,0,0,0,0,0,0,1,0,0,0,0,0,0,0,0,0,0,0,0,0,0,0,0,0,0,0,0,0,0,0,0,0,0,0,0,0,0,0,0,0,0,0,0,0,0,0,0,0,0,0,0,0,0,0,0,0,0,0,0,0,0,0,0,0,0,1,0,0,0,0,0,0,0,0,0,0,0,0,0,0,0,0,0,0,0,0,0,0,0,0,0,0,0,0,0,0,0,0,0,0,0,0,0,0,0,0,0,0,0,0,0,0,0,0,0,0,0,0,0,0,0,0,0,0,0,0,0,0,0,0,0,0,0,0,0,0,0,0,0,0,0,0,0,0,0,0,0,0,0,0,0
199a96e64e86492bb1c3a617decd66d8,1.2,14,23,82,65,0,3,19,4,1,2,1,0,0,2,170,1,19,0,1,10,193,1,4,0,0,0,4,1,1,1,2,13,1,37,2,2,0,0,0,0,0,0,0,0,1,0,0,0,0,0,0,0,0,0,0,2,0,0,0,0,0,0,0,7749,2,0,1,0,0,0,0,0,0,0,0,211,159,0,167,2608,105,0,24,0,8,0,0,0,0,1,0,0,12,0,2,112,2,0,0,5,11,0,0,1,4,2,0,1,0,0,0,6,8,0,2,0,60,0,0,0,0,0,0,0,0,0,0,0,0,2,0,0,0,0,0,0,0,0,0,0,0,0,0,0,0,0,0,0,0,0,0,0,0,0,0,0,0,0,0,0,0,0,0,0,0,0,0,0,0,0,0,0,0,0,0,0,0,0,0,0,0,0,0,0,0,0,0,0,0,0,0,0,0,0,0,0,0,0,0,0,0,0,0,0,0,0,0,0,0,0,0,0,0,0,0,0,0,0,0,0,36,0,0,0,0,0,0,0,0,0,0,0,0,0,0,0,0,0,0,0,0,0,0,0,0,0,0,0,0,0,0,0,0,0,0,0,0,0,0,0,0,0,0,0,0,0,0,0,0,0,0,0,0,0,0,0,0,0,0,0,0,0,0,0,0,0,0,0,0
299b40e3abdd646f64888cbc450fc637,1.4,12,23,63,204,0,2,19,3,2,3,1,0,0,1,137,1,13,0,1,10,87,1,6,1,1,0,4,1,0,0,0,10,1,35,3,0,0,0,1,0,0,0,0,0,1,0,0,0,0,1,0,0,0,0,0,4,0,0,0,0,0,0,0,0,1,0,1,0,0,0,0,0,0,0,0,188,136,0,0,0,14,0,0,99966,1,0,1,0,0,1,0,0,12,0,2,0,2,0,0,0,6,0,0,1,4,2,0,1,0,0,0,6,8,0,2,0,60,0,0,0,0,0,0,0,0,0,0,0,0,2,0,0,0,0,0,0,0,0,0,0,0,0,0,0,0,0,0,0,0,0,0,0,0,0,0,0,0,0,0,0,0,0,0,0,0,0,0,0,0,0,0,0,0,0,0,0,0,0,0,0,0,0,0,0,0,0,0,0,0,0,0,0,0,0,0,0,0,0,0,0,0,0,0,0,0,0,0,0,0,0,0,0,0,0,0,0,0,0,0,0,0,0,0,0,0,0,0,0,0,0,0,0,0,0,0,0,0,0,0,0,0,0,0,0,0,0,0,0,0,0,0,0,0,0,0,0,0,0,0,0,0,0,0,0,0,0,0,0,0,0,0,0,0,0,0,0,0,0,0,0,0,0,0,0,0,0,0,0,0
398aa52575995a05003e696d30469a08,2.8,0,39,146,37,0,10,23,74,73,43,4,0,0,6,196,2,14,3,2,13,86,1,4,0,0,2,0,0,1,241,6,13,1,0,2,0,0,2,1,1,0,13,5,55,0,0,1,137,2,1,1,0,0,0,6,13,0,0,0,0,0,0,0,1,1,0,0,1,0,0,15,0,0,4,0,32,33,1,0,0,1,0,0,0,31,0,1,1,0,1,0,36,37,36,0,0,0,0,0,63,65,1,1,2,2,19,0,1,2,0,0,3,0,0,0,0,0,0,0,0,0,0,0,0,0,0,0,0,0,2,0,0,0,0,0,0,0,137,0,0,0,0,0,0,0,0,0,0,0,0,0,0,1,1,0,0,0,0,0,0,0,0,0,0,0,0,0,0,0,0,0,0,0,0,0,0,0,0,0,4,0,0,0,0,0,0,0,0,0,0,0,0,0,0,0,0,0,0,0,0,0,0,0,0,0,0,0,0,0,2,0,0,0,0,0,0,0,0,0,0,0,0,0,0,0,0,0,0,0,0,0,0,0,0,1,0,0,0,0,0,0,0,0,0,0,1,0,0,0,0,0,0,0,0,0,0,0,0,0,0,0,0,0,0,0,0,0,0,0,0,0,0,0,0,0,0,0,0,0,0,0,0,0,0,0,0,0,0,0
0410d705efb224a007bd5b675ef42169,2.8,0,34,382,101,4,59,22,89,140,59,63,2,3,7,75,3,27,0,2,7,12,1,2,1,3,8,0,2,2,14,28,25,0,15,6,1,63,1,1,0,6,2,0,23,0,0,2,0,2,0,1,0,0,0,1,2,0,0,0,0,0,0,0,0,2,0,0,0,0,0,0,0,0,0,0,9,10,0,0,0,0,0,0,0,1,0,0,0,0,0,0,0,13,16,2,0,0,0,0,32,17,0,0,8,8,1,0,2,0,0,0,8,0,0,2,6,10996,3,0,17,1,0,0,0,0,0,0,32,0,2,5,0,0,0,0,6,5,0,0,0,0,1,1,0,0,0,0,0,1,0,0,0,1,0,0,0,0,1,1,0,0,0,0,1,1,0,0,0,0,0,0,0,2,0,0,0,0,0,0,0,0,0,0,0,0,3,0,0,0,0,0,0,0,0,0,0,0,0,0,0,0,0,0,0,0,0,0,0,0,0,1,0,0,0,0,0,0,0,0,0,0,0,0,0,0,0,0,0,0,0,0,0,0,0,0,0,0,0,0,0,0,0,0,0,0,0,0,0,0,0,0,0,0,0,0,0,0,0,0,0,0,0,0,0,0,0,0,0,0,0,0,0,0,0,0,0,0,0,0,0,0,0,0,0,0,0,0,0,0
415b1760a16e726ed41d51dbeaa4838f,3.6,3,48,172,53,1,14,32,72,70,40,5,27,0,7,238,2,16,3,3,25,100,2,6,1,1,2,0,0,1,89,9,17,1,43,2,2,0,4,0,1,0,10,6,70,0,0,2,48,3,0,1,0,0,0,9,13,0,0,0,0,0,0,0,1,2,0,0,1,0,0,15,0,0,1,0,41,42,0,0,1,124,0,0,0,31,0,2,2,0,1,0,34,37,34,0,16,0,0,0,29,31,1,1,3,4,19,0,1,2,0,0,2,0,0,0,0,20,0,0,0,0,0,0,0,0,0,0,0,0,2,0,0,0,0,0,0,0,48,0,0,0,0,0,0,0,0,0,0,2,0,0,2,1,1,0,0,0,0,0,0,0,0,0,0,0,0,0,0,0,2,0,0,2,0,0,0,0,0,0,4,0,0,0,0,0,2,0,0,0,0,0,0,0,0,0,0,0,0,0,0,1,0,0,0,0,0,0,0,0,2,0,0,0,0,0,0,0,0,0,0,0,0,0,0,0,0,0,0,0,1,0,0,0,0,1,0,0,0,0,0,0,0,0,0,0,1,0,0,0,0,0,0,0,0,0,0,0,0,0,0,0,0,0,0,0,0,0,0,0,0,0,0,0,0,0,0,0,0,0,0,0,0,0,0,0,0,0,0,0
425faea3000b09d41cae5dab7b2f1a88,8.2,145,111,938,186,2,27,194,146,102,102,4,0,1,17,2051,40,49,7,1,39,2292,1,17,0,1,95,8,2,23,23,18,146,9,113,11,9,2,2,1,1,7,0,1,4,21,0,2,0,4,0,3,2,1,1,9,106,0,0,0,0,0,0,0,177,160,1,159,0,0,0,0,0,0,6,0,2637,1761,2,5,462,2244,373,52,26,345,0,0,0,1,153,24,25,169,22,5,220,165,0,1,19,93,0,28,27,41,3,4,1,42,45,0,15,16,0,3,3,128,1,0,0,1,1,0,0,0,0,0,2,2,15,4,0,0,1,4,1,2,0,0,0,0,0,0,1,0,0,6,0,0,0,0,0,0,1,0,0,0,0,0,0,0,0,0,0,0,0,0,0,0,0,0,0,1,0,0,0,0,0,0,0,0,0,0,0,0,0,0,0,0,0,0,0,0,0,0,0,0,0,0,0,0,0,0,1,0,0,0,0,0,0,0,0,0,0,0,0,0,0,0,0,0,0,0,0,0,0,0,0,0,0,0,0,0,0,1,0,0,0,0,0,0,0,0,0,0,0,0,0,0,0,0,0,0,0,0,0,0,0,0,0,0,0,0,0,0,0,0,0,0,0,0,0,0,0,0,0,0,1,0,0,0,0,0,0,0,0,0,0,0
472f8afad528637170f19b23349c2a0a,8.0,78,121,1813,121,21,74,46,190,266,197,8,2,48,13,14386,11,44,37,2,270,332,1,12,2,2,2,4,2,3,6867,6840,6856,1,12595,9,8,3,2,28,0,2278,9,4547,228,0,0,11,0,9,4,2,0,0,0,20,24,18,18,1026,0,0,0,0,3,7,4559,2,0,8,0,18,3,0,0,3,263,325,8,0,2,354,0,3,0,4,0,4,2,0,8,0,1,44,17,6,16,2,0,1,2285,2267,2,16,14,19,1,0,8,12,0,20,19,8,0,49929,2266,43124,2,0,0,1,0,1,0,0,0,2,38,2,7,1,0,0,2,0,0,0,0,0,0,0,0,0,0,0,0,0,0,1,7,0,167,2,1,0,0,0,60,71,0,0,0,0,68,102,0,0,0,2,0,0,0,4,0,0,0,0,2,0,1,0,0,0,0,5,10,0,0,0,0,0,0,0,0,0,3,0,0,34,2,0,0,0,0,0,1,0,0,0,1,0,0,2,18,38,0,0,0,0,0,0,0,26,0,0,31745,0,0,0,0,0,0,0,0,0,0,0,0,0,0,0,0,0,0,0,0,0,0,0,0,2,0,0,0,0,0,0,0,0,0,0,0,0,0,0,0,0,0,0,0,0,0,0,0,0,0,0,0,136,0,0,0,0,0,0,0,0,0,0
505db1b1035e0fae5de4960923c479b2,2.2,12,20,64,133,0,4,24,7,3,2,1,0,0,1,194,5,71,0,1,11,190,1,5,1,1,0,4,1,1,2,2,10,1,35,2,0,0,0,0,0,0,0,0,0,1,0,0,0,0,0,1,0,0,0,3,4,0,0,0,0,0,0,0,369,1,0,1,0,0,0,0,0,0,0,0,205,153,0,19,0,14,0,0,0,1,0,1,0,0,1,0,1,13,0,2,0,2,0,0,6,12,0,0,1,4,2,0,1,0,0,0,6,8,0,2,0,60,0,370,0,0,0,0,0,0,0,0,0,0,2,0,0,0,0,0,0,0,0,0,0,0,0,0,0,0,0,0,0,0,0,0,0,0,0,0,0,0,0,0,0,0,0,0,0,0,0,0,0,0,0,0,0,0,0,0,0,0,0,0,0,0,0,0,0,0,0,0,0,0,0,0,0,0,0,0,0,0,0,0,0,0,0,0,1,0,0,0,0,0,0,0,0,0,0,0,0,0,0,0,0,0,0,0,0,0,0,0,0,0,0,0,0,0,0,0,0,0,0,0,0,0,0,0,0,0,0,0,0,0,0,0,0,0,0,0,0,0,0,0,0,0,0,0,0,0,0,0,0,0,0,0,0,0,0,0,0,0,0,0,0,0,0,0,0,0,0,0,0,0
537bdf5599a0cd626ce23cb8b88942c2,9.2,39,138,948,104,40,41,19,71,52,108,4,2,92,6,221,5,23,0,0,27,36,0,9,0,1,0,0,2,0,31,134,9,0,0,5,4,8,2,9,0,7,9,5,33,0,0,5,2,2,2,2,5,1,1,15,29,0,0,0,0,0,0,0,5,5,7,4,0,6,4,24,6,6,1,0,23,21,0,0,1,857,2,10,0,2,0,0,0,0,5,0,1,66,41,2,74,0,0,0,26,6,2,4,3,5,2,0,2,0,0,0,14,0,0,0,0,0,3,0,0,123,10,1,0,0,2,0,77,2,7,0,0,0,4,2,14,0,2,0,0,0,0,0,0,0,0,0,0,5,0,0,107,0,0,0,0,0,21,21,0,0,0,0,2,2,1,0,0,0,0,0,0,4,0,1,0,10,6,14,2,4,0,0,0,0,6,0,0,0,0,0,0,0,5,5,5,0,0,0,2,0,0,0,0,0,0,2,0,0,0,0,0,0,0,0,26,0,0,0,0,0,0,0,0,0,0,0,0,0,0,0,0,0,0,0,0,0,0,0,0,0,0,0,0,0,0,0,0,0,0,0,0,0,0,0,0,0,0,0,0,0,0,0,0,0,0,0,0,0,0,0,0,0,0,0,0,0,0,0,0,0,0,0,0,0,0,0,0,0
0c13353757f58e953336a63de3e821fd,4.6,0,7,142,9,3,3,0,1,0,6,0,0,44,0,26,2,2,1,1,6,5,1,3,1,1,2,2,0,0,0,1,1,1,1,0,0,3,0,0,0,0,0,0,0,0,0,1,0,1,0,0,0,1,1,3,5,0,0,0,0,0,0,0,0,0,0,0,0,0,0,0,0,0,1,0,0,0,0,0,0,0,0,0,0,0,0,0,0,0,0,0,0,0,0,0,0,0,0,0,0,0,2,0,0,0,0,0,4,0,0,0,0,0,0,0,0,0,0,0,0,2,10,0,0,0,0,0,0,0,0,0,0,0,0,0,0,0,0,0,0,0,0,0,0,0,0,0,0,0,0,1,0,0,0,0,0,0,5,12,0,0,0,0,2,2,0,0,0,0,0,0,0,0,0,0,0,0,0,0,0,0,0,0,0,0,0,0,1,0,0,0,0,0,0,0,0,0,0,0,0,0,0,0,0,0,0,0,0,0,0,0,0,0,0,0,0,0,0,5,0,0,0,0,0,0,0,0,0,0,0,0,0,0,0,0,0,0,0,0,0,0,0,0,0,0,0,0,0,0,0,0,0,0,0,0,0,0,0,0,0,0,0,0,0,0,0,0,0,0,0,0,0,0,0,0,0,0,0,0,0,0,0,0,0,0,0,0,0,0
5a52b06836d60bae062ac4dcb9443134,8.2,3,13,95,43,4,38,10,1,1,6,1,1,4,3,95,4,23,0,0,9,14,0,1,0,2,0,0,1,2,6,0,7,0,154,8,2,0,1,0,0,4,3,2,10,0,0,4,0,1,0,1,303636,2,2,15,13,2,0,24,0,0,0,0,2,1,0,0,0,0,0,0,0,0,0,0,13,13,0,0,1,103,0,0,0,1,0,0,0,0,1,0,1,19,20,0,17,0,0,0,11,3,0,0,1,3,1,0,3,0,0,0,6,0,0,2,2,2,2,0,0,4,4,1,0,0,0,0,38,0,1,0,0,0,0,0,0,0,0,0,0,0,0,0,0,0,0,0,0,2,0,0,0,0,0,0,0,0,1,1,0,0,0,0,0,0,0,0,0,0,0,0,0,1,0,0,0,0,0,0,0,0,0,0,0,0,3,0,0,0,0,0,0,0,0,0,0,0,0,0,0,0,0,0,0,0,6,1,0,0,0,0,0,0,0,0,0,0,0,0,0,0,0,0,0,0,0,0,0,0,0,0,0,0,0,0,0,0,0,0,0,0,0,0,0,0,0,0,0,0,0,0,0,0,0,0,0,0,0,0,0,0,0,0,0,0,0,0,0,0,0,0,0,0,0,0,0,0,0,0,0,0,0,0,0,0,0,0,0,0
821e4c194c721f6f40b6a63b71229677,7.6,25,149,763,343,49,237,77,196,304,164,115,4,7,21,527,43,98,3,13,41,158,3,17,1,3,4,3,5,4,68,136,67,0,11,18,3,69,1,2,0,5,4,5,172,0,0,5,32,31,1,3,2,3,0,3,22,2,0,0,2,0,0,1,187,7,1,1,0,0,0,15,0,0,1,0,63,65,0,0,91,321,0,1,1,35,0,1,1,0,4,0,8,46,23,9,78,0,0,0,203,190,5,8,48,50,1,1,3,2,0,0,21,8,1,0,39,0,2,2,21,2,1716,0,0,0,0,0,33,0,11,3,0,0,0,1,6,5,32,0,0,0,1,1,0,0,0,0,0,1,0,0,0,2,0,0,0,12,1,1,2,64,0,0,0,0,0,0,0,0,0,0,0,2,0,0,0,0,0,0,4,0,0,0,0,0,4,0,0,0,0,0,0,0,0,0,0,0,0,0,0,0,0,35703,0,0,0,0,0,0,2,0,0,0,0,0,0,0,0,0,0,0,0,0,0,0,0,0,0,0,0,0,0,0,0,0,1,591,0,0,0,0,0,0,0,0,1,3,0,0,0,0,0,0,0,0,0,0,0,0,0,0,0,0,0,0,0,0,0,0,0,0,0,0,0,0,0,0,0,0,0,0,0,0,0,0,0,0,0,0
941f3287588ec29e5837b0d491997d85,1.2,14,24,78,156,0,3,130,4,1,2,1,0,0,2,3829,1,3089,0,1,10,90,1,4,0,0,0,4,1,0,3648,0,46,1,236,2,2,0,0,0,0,11,0,7,50,1,0,0,0,0,0,7,0,0,0,0,2,0,0,0,0,0,0,0,3628,2,0,1,0,0,0,0,0,0,0,0,193,141,0,0,2505,133,0,26,0,1,0,0,0,0,1,0,0,12,0,2,20,2,0,0,3642,3649,0,0,1,4,2,0,1,0,0,0,6,8,0,24,0,314,15,0,0,0,0,0,0,0,0,0,0,0,2,0,15,0,0,0,0,0,0,0,0,0,0,0,0,0,0,0,0,0,0,0,0,0,0,0,0,0,0,0,0,0,0,0,0,0,0,0,0,0,0,0,0,6,0,0,0,0,0,0,0,0,0,0,0,0,0,0,0,0,0,0,0,0,0,0,0,0,0,0,0,0,0,0,0,0,0,0,0,0,0,0,0,0,0,0,0,0,0,0,0,50,0,0,0,0,0,0,0,0,0,0,0,0,0,1,0,0,0,0,0,0,0,0,0,0,0,0,0,0,0,0,0,0,0,0,0,0,0,0,0,0,0,0,0,0,0,0,0,0,0,0,0,0,0,0,0,0,0,0,0,0,0,0,0,0,0,0,0,0
973eb04047271413b719e2518e421362,8.8,8,73,430,133,16,20,8,1,1,12,3,1,6,2,102,3,73,0,0,13,23,0,0,0,2,0,0,1,0,22,66,9,0,2,8,0,10,1,0,0,4,3,2,27,0,0,4,0,0,0,1,0,2,2,15,25,2,0,24,0,0,0,0,4,0,0,0,0,0,0,0,0,0,0,0,7,7,0,0,0,16,0,2,0,1,0,0,0,0,2,0,0,24,20,0,0,0,0,0,15,3,0,0,1,1,0,0,1,0,0,0,6,0,0,2,0,6,2,0,0,8,0,0,0,0,2,0,37,2,0,0,0,0,0,2,0,0,0,0,0,0,0,0,0,0,0,0,0,2,0,0,2,0,0,0,0,0,1,1,0,0,0,0,0,0,0,0,0,0,0,0,0,1,0,0,0,0,0,0,0,0,0,0,0,0,3,0,0,0,0,0,0,0,0,0,0,0,0,0,2,0,0,0,0,0,0,1,0,0,0,0,0,0,0,0,0,0,0,10,0,0,0,0,0,0,0,0,0,0,0,0,0,0,0,0,0,0,0,0,0,0,0,0,0,0,0,0,0,0,0,0,0,0,0,0,0,0,0,0,0,0,0,0,0,0,0,0,0,0,0,0,0,0,0,0,0,0,0,0,0,0,0,0,0,0,0,0,0,0
0979d6e554e66a421ee7b6675ab409a9,5.4,5,81,753,296,5,197,16,109,201,71,104,2,3,9,627,16,49,0,1,48,120,0,7,0,10,7,0,1,3,120,260,48,0,54,7,3,22,1,1,1,22,2,0,8,0,0,2,1,13,0,1,0,1,0,3,5,1,0,12,0,4,6,3,10839,10,376,5,0,0,0,0,0,0,18,0,110,122,1,2,1,138,0,0,0,174,0,0,0,0,6,5,1,18,17,5,34,0,0,0,9,0,0,5,26,29,2,0,2,77,1,4,9,0,0,6,29,24,2,0,23,3,0,1,0,2,0,0,34,1,4,20,0,0,0,31,8,4,1,0,0,1,0,1,1,0,1,9,0,1,0,0,0,1,0,0,0,0,1,1,0,0,0,0,0,0,0,0,0,0,0,0,0,2,0,0,0,0,0,0,0,0,0,0,0,0,4,0,0,0,0,0,0,0,0,0,0,0,0,0,0,0,0,0,0,0,0,1,0,0,0,0,0,0,0,0,0,0,0,0,0,1410,0,0,0,0,0,2,2,1,0,0,0,0,0,0,0,0,0,0,0,0,0,1,0,0,0,1,0,0,0,0,0,0,0,0,0,0,0,0,0,0,0,0,0,0,0,0,0,0,0,0,0,0,0,0,0,0,0,0,0,0,0,0,0,0,0,0,0,0
987fef059b1de2791ae99876c864d26b,9.0,4,19,140,65,19,14,8,2,1,13,3,2,9,3,119,4,25,0,1,22,37,1,2,1,2,0,0,1,0,18,3,22,0,2,3,0,3,2,0,0,3,5,3,30,0,0,2,0,0,0,1,0,1,1,9,10,0,0,0,0,0,0,0,3,0,1,1,0,0,0,0,0,0,0,0,56,56,0,0,0,19,0,1,0,1,0,0,0,0,1,0,0,19,19,0,0,0,0,0,13,3,0,0,2,4,0,0,1,0,0,0,7,0,0,7,2,1,1,0,0,16384,0,0,0,0,1,0,36,1,2,0,0,0,0,1,0,0,0,0,0,0,0,0,0,0,0,0,0,2,0,0,1,0,0,0,0,0,1,1,0,0,0,0,0,0,0,0,0,0,0,0,0,2,0,0,0,0,0,0,0,0,0,0,0,0,3,0,0,0,0,0,0,0,0,0,0,0,0,0,1,0,0,0,0,0,0,1,0,0,0,0,0,0,0,1,0,0,0,6,0,0,0,0,0,0,0,0,0,0,0,0,0,0,0,0,0,0,0,0,0,0,0,0,0,0,0,0,0,0,0,0,0,0,0,1,0,0,0,0,0,0,0,0,0,0,0,0,0,0,0,0,0,0,0,0,0,0,0,0,0,0,0,0,0,0,0,0,0,0
988f08c71b487bb22b9228638056f698,7.2,75,48,276,58,37,60,11,45,32,107,4,1,16,8,518,14,13,6,3,32,34,3,17,3,4,2,6,3,0,32,0,12,0,0,243,2,0,3,0,0,7,4,1,21,0,0,4,0,8,0,7,19,0,0,9,9,0,0,0,1,0,0,0,252,8,0,0,0,6,5,0,0,0,0,0,14,14,0,0,3,172,0,0,0,97,0,0,0,0,5,0,1,71,21,1,21,0,0,0,14,3,0,12,10,13,1,0,2,0,0,0,22,16,3,0,5,0,2,0,0,0,0,1,0,0,0,0,39,0,2,0,0,0,1,0,0,0,0,0,0,0,0,0,69,0,0,0,0,2,0,0,147,0,0,0,0,0,7,16,0,0,0,0,0,0,0,0,0,0,0,0,0,1,0,0,0,0,5,0,0,0,0,0,0,0,3,0,0,0,0,0,0,0,0,0,0,0,0,0,1,0,0,0,0,0,0,1,0,0,0,0,0,0,0,1,0,5,0,0,0,0,0,0,0,0,0,0,0,0,0,0,0,0,0,0,0,0,0,0,0,0,0,0,0,0,0,0,0,0,0,1,0,0,0,0,0,0,0,0,0,0,0,0,0,0,0,0,0,0,0,0,0,0,0,0,0,0,0,0,0,0,0,0,0,0,0,0,0,0
1690cab8d0502df13ac27e15867c806f,12.0,59,82,468,193,18,217,297,679,1170,572,85,1,10,8,3134,104,48,0,2,190,1795,3,48,1,4,29,3,2,107,155,180,408,20,6868,57,7,23,8,3,3,29,51,30,260,35,0,3,0,5,1,35,6,1,1,12,64,0,0,0,0,1,0,0,239,167,22,64,18,0,0,0,0,0,1,0,3833,2502,0,8,699,2860,744,72,36,28,0,0,0,6,167,19,69,140,59,19,311,37,0,2,45,106,1,91,100,114,2,19,3,80,1,0,16,8,2,7,85,120,6,0,19,0,1,0,0,0,0,0,36,2,2,12,1,0,0,32,6,4,0,0,0,1,0,1,2,0,0,0,0,3,0,0,0,1,0,1,3,0,6,6,0,0,0,0,0,0,0,0,0,1,7,0,0,48,0,0,0,0,0,0,0,0,0,0,0,0,3,0,0,0,0,0,0,0,0,0,0,0,0,0,0,0,0,0,0,0,0,1,0,0,0,0,0,0,0,1,0,0,0,0,0,0,0,0,3,0,0,0,0,0,0,0,0,0,0,0,0,0,0,0,0,0,0,0,0,0,0,0,0,2,0,0,0,0,0,1,0,0,0,0,0,0,0,0,0,0,0,0,0,0,0,0,0,0,0,0,0,0,0,0,0,0,0,0,0,0,0,0,0,0
2465ac937f8d6fc512af438665ecb5c4,8.8,8,55,374,104,20,14,8,25,23,36,3,1,6,2,104,7,47,0,0,19,23,0,0,0,2,0,0,1,0,26,30,9,0,2,4,0,10,1,0,0,4,3,2,8,0,0,4,0,0,0,1,10,2,2,15,9,2,0,24,0,0,0,0,1118,0,2,2,0,0,0,0,0,0,0,0,11,7,0,0,0,16,0,2,0,1,0,0,0,0,2,0,0,24,20,0,0,0,0,0,15,3,0,0,1,5,0,0,1,0,0,0,6,0,0,2,0,0,2,0,0,6,0,0,0,0,2,0,37,2,4,0,0,0,0,2,0,0,0,0,0,0,0,0,2,0,0,0,0,2,0,0,2,0,0,0,0,0,1,1,0,0,0,0,0,0,0,0,0,0,0,0,0,1,0,0,0,0,0,0,0,0,0,0,0,0,5,0,0,0,0,0,0,0,0,0,0,0,0,0,2,0,0,0,0,0,0,3,0,0,0,0,0,0,0,0,0,0,0,0,0,0,0,0,0,0,0,0,0,0,0,0,0,0,0,0,0,0,0,0,0,0,0,0,0,0,0,0,0,0,0,0,0,0,0,0,0,0,0,0,0,0,0,0,0,0,0,0,0,0,0,0,0,0,0,0,0,0,0,0,0,0,0,0,0,0,0,0,0,0
2826ec1db9dd35d4dcfe718a8a4f2115,7.6,53,89,493,109,11,50,9,92,46,36,8,1,5,4,181,5,23,1,0,82,128,0,2,0,1,0,0,2,0,26,93,23,0,723,2,2,12,4,0,0,5,2,0,62,0,0,4,3,0,0,1,0,1,1,3,7,0,0,0,0,0,0,0,245,4,1,0,0,0,1,0,0,0,0,0,7,7,0,0,7,1758,18,161,7,85,0,0,0,1,1,0,19,75,25,2,262,2,0,0,12,2,0,14,14,17,1,0,1,52,0,0,9,0,0,0,7,35,2,0,0,9,0,0,0,0,1,0,33,3,2,0,0,0,0,6,0,0,3,0,0,0,0,0,0,0,0,0,0,1,0,0,2,0,0,0,0,0,2,1,0,0,0,0,0,0,0,0,0,0,1,0,0,2,0,0,0,0,0,0,0,0,0,0,0,0,3,0,0,0,0,0,0,0,0,0,114,0,0,0,2,0,0,0,0,0,0,0,0,0,0,0,0,0,0,0,0,0,0,20,0,0,0,1,0,0,0,0,0,0,1,0,0,0,0,0,0,0,0,0,0,0,0,0,0,0,0,0,0,1,0,0,0,0,0,0,0,0,0,0,0,0,0,0,0,0,0,0,0,0,0,0,0,0,0,0,0,0,0,0,0,0,0,0,0,0,0,0,0,0
03201a9f9c06e42159d98ccf2719d8af,2.8,0,0,4,9,0,2,1,0,0,0,0,0,0,0,15,0,1,0,0,0,0,0,0,0,0,0,0,0,0,0,0,10,0,25,0,0,0,0,0,0,0,0,1,1,0,0,0,0,0,0,1,0,0,0,3,0,0,0,0,0,0,1,23,1,0,0,0,0,0,0,0,0,0,0,0,0,0,0,0,0,0,0,0,0,0,0,0,0,0,0,0,0,0,0,0,0,0,0,0,8,0,0,0,0,0,0,0,1,0,0,0,0,0,0,3,0,0,0,0,0,0,0,0,0,0,0,1,0,0,0,0,0,0,0,0,0,0,0,0,0,0,0,0,1,0,0,0,0,0,0,0,0,0,0,0,0,0,0,0,0,0,0,0,6,5,0,0,0,0,0,0,0,0,0,0,0,0,0,0,0,0,0,0,0,0,0,0,0,0,0,0,0,0,0,0,0,0,0,1,0,1,0,0,0,0,0,0,0,0,0,154,0,0,0,0,0,0,0,0,0,0,0,0,0,0,0,0,0,0,0,0,0,0,0,0,0,0,0,0,0,0,0,0,0,0,0,0,0,0,0,0,0,0,0,0,0,0,0,0,0,0,0,0,0,0,1,1,0,0,0,0,0,0,0,0,0,0,0,0,0,0,0,0,0,0,0,0,0,0
5b69fb3ed4b2343067462fe275b6a417,9.0,7,130,1025,383,33,364,49,257,481,207,201,3,40,17,1138,51,41,2,3,47,684,0,17,0,5,15,3,2,6,168,408,108,0,181,38,12,47,1,2,2,41,7,6,26,0,0,4,2,12,0,1,0,0,0,12,12,0,0,0,0,8,1,1,2,7,615,0,0,0,6,25,0,0,2,0,94,178,0,0,1,89,0,0,0,14,0,0,0,0,1,0,2,20,19,6,10,0,0,1,17,5,1,7,56,64,3,0,5,148,17,0,19,8,0,45,59,127,2,0,56,29,0,1,0,0,0,0,36,0,10,42,0,0,1,62,25,11,2,0,0,2,0,2,0,0,0,6,0,2,0,0,0,2,0,0,2,0,2,1,0,0,0,0,0,0,0,0,0,0,0,0,0,5,0,0,0,1,0,0,5,0,0,0,0,5,3,0,0,0,0,0,0,0,0,0,0,0,0,0,0,1,0,0,4,0,1,1,6,4,4,0,0,0,0,0,0,0,0,0,0,0,0,0,0,0,0,0,8,4,0,0,0,0,0,1,0,0,0,4,0,0,0,2,0,0,0,0,0,0,0,0,0,0,0,0,0,0,0,0,0,0,0,0,0,0,0,0,0,0,0,0,0,0,0,0,0,0,0,0,0,0,0,0,0,0,0,0,0,0
3816c598720a93d8135cbe4ba530de37,2.0,15,38,110,242,75,117,71,4,4,68,13,0,64,1,491,1,11,13,1,61,402,1,8,1,1,0,4,1,1,100,2,37,1,94,2,0,12,4,3,0,0,0,0,0,1,0,0,0,6,2,0,0,0,0,0,39,0,0,0,0,0,0,0,382,1,0,58,0,0,0,0,0,0,12,0,597,463,0,127,1857,1367,0,1240,0,6,0,1,0,0,1,0,0,15,0,2,493,2,0,0,22,19,0,20,14,20,2,0,1,0,4,0,6,8,0,2,3,123,3,0,0,0,0,0,0,0,0,0,0,1,10,0,3,0,0,0,0,0,0,6,6,0,0,0,0,6,0,0,0,0,0,0,0,0,0,0,0,0,2,0,0,0,3,0,0,0,0,0,0,0,0,0,0,0,0,0,0,12,0,0,0,0,0,0,0,0,0,0,0,0,0,0,0,0,0,0,0,0,0,0,0,0,0,0,7,0,0,0,0,0,0,0,0,0,0,0,0,0,0,0,0,2480,0,0,0,0,0,0,0,0,0,0,0,0,0,0,0,0,0,0,0,0,0,0,0,0,0,0,0,0,0,0,0,0,0,0,0,0,0,0,0,0,0,0,0,0,0,0,0,0,0,0,0,0,0,0,0,0,0,0,0,0,0,0,0,0,0,0,0,0
03831a13d480daed3d2b63201cb6bcc5,1.4,0,0,0,0,0,0,0,0,0,0,0,0,0,0,0,0,0,0,0,0,0,0,0,0,0,0,0,0,0,0,0,0,0,0,0,0,0,0,0,0,0,0,0,0,0,0,0,0,0,0,0,0,0,0,0,0,0,0,0,0,0,0,0,0,0,0,0,0,0,0,0,0,0,0,0,0,0,0,0,0,0,0,0,0,0,0,0,0,0,0,0,0,0,0,0,0,0,0,0,0,0,0,0,0,0,0,0,0,0,0,0,0,0,0,0,0,0,0,0,0,1,0,0,0,0,0,0,0,0,0,0,0,0,0,0,0,0,0,0,0,0,0,0,0,0,0,0,0,0,0,0,0,0,0,0,0,0,0,0,0,0,0,0,0,0,0,0,0,0,0,0,0,0,0,0,0,0,0,0,0,0,0,0,0,0,0,0,0,0,0,0,0,0,0,0,0,0,0,0,0,0,0,0,0,0,0,0,0,0,0,0,0,0,0,0,0,0,0,0,0,0,0,0,0,0,0,0,0,0,0,0,0,0,0,0,0,0,0,0,0,0,0,0,0,0,0,0,0,0,0,0,0,0,0,0,0,0,0,0,0,0,0,0,0,0,0,0,0,0,0,0,0,0,0,0,0,0,0,0,0,0,0,0,0,0,0,0,0,0
4289d22df5d1cc0954855cf2deb8334c,5.6,54,102,1030,93,4,28,75,203,117,162,1,0,2,6,437,50,30,15,1,20,137,1,42,0,0,7,11,2,25,19,6,55,2,92,7,4,17,1,7,0,5,0,7,17,8,0,5,0,5,6,6,0,0,0,6,24,0,0,0,0,0,0,0,456,14,0,7,0,133,0,198,0,0,0,0,205,153,0,7,1191,774,617,126,7,12,0,1,1,4,14,1,48,105,51,7,131,4,0,0,6,23,1,5,14,54,4,0,1,0,0,0,16,16,0,8,0,134,3,0,0,0,0,0,0,0,0,0,5,0,17,4,0,0,1,0,1,2,0,0,0,0,0,0,3,0,0,0,0,0,0,0,0,0,0,0,0,0,7,8,0,0,0,0,0,0,0,0,0,0,0,0,0,3,0,0,0,0,66,0,0,0,0,0,0,0,0,0,0,0,0,0,0,0,0,0,0,0,0,0,2,0,0,0,0,0,0,0,0,0,0,0,0,0,0,0,0,0,0,0,0,0,0,11,0,0,0,0,0,0,0,0,0,0,0,1,0,0,0,0,0,0,0,0,0,0,0,0,0,0,0,0,0,0,0,0,0,0,0,0,0,0,0,0,0,0,0,0,0,0,0,0,0,0,0,0,0,0,0,0,0,0,0,0,0,0,0,0,0,0
4675b57fad56fd88bf34de076a7f39a0,2.8,0,39,146,36,0,10,23,74,73,43,4,0,0,6,196,2,14,3,2,13,86,1,4,0,0,2,0,0,1,241,6,13,1,0,2,0,0,2,1,1,0,13,5,55,0,0,1,137,2,1,1,0,0,0,6,13,0,0,0,0,0,0,0,1,1,0,0,1,0,0,15,0,0,4,0,32,33,1,0,0,1,0,0,0,31,0,1,1,0,1,0,36,37,36,0,0,0,0,0,63,65,1,1,2,2,19,0,1,2,0,0,3,0,0,0,0,0,0,0,0,0,0,0,0,0,0,0,0,0,2,0,0,0,0,0,0,0,137,0,0,0,0,0,0,0,0,0,0,0,0,0,0,1,1,0,0,0,0,0,0,0,0,0,0,0,0,0,0,0,0,0,0,0,0,0,0,0,0,0,4,0,0,0,0,0,0,0,0,0,0,0,0,0,0,0,0,0,0,0,0,0,0,0,0,0,0,0,0,0,2,0,0,0,0,0,0,0,0,0,0,0,0,0,0,0,0,0,0,0,0,0,0,0,0,1,0,0,0,0,0,0,0,0,0,0,1,0,0,0,0,0,0,0,0,0,0,0,0,0,0,0,0,0,0,0,0,0,0,0,0,0,0,0,0,0,0,0,0,0,0,0,0,0,0,0,0,0,0,0
4890ddcfd7270850711d8a00e8882f33,3.2,62,81,411,215,106,35,53,573,292,581,3,0,164,2,497,2,23,1,1,43,400,1,15,1,2,6,4,1,0,53,54,53,1,60,15,14,2,0,3,0,0,5,7,14,1,28,0,1,5,6,0,0,0,0,0,25,0,0,0,0,0,0,0,6433,17,0,26,0,1,0,19,1,1,1,0,543,371,8,6,1169,2234,205,1135,0,56,0,0,0,0,11,12,16,76,16,5,365,2,0,2,15,16,2,44,5,14,2,0,1,7,12,17,9,8,0,2,6,92,0,0,123,0,0,0,0,2,0,0,0,1,12,21,0,0,0,0,6,3,1,0,0,0,0,0,0,0,0,15,0,0,0,0,0,0,0,0,0,0,11,9,0,0,0,0,3,3,7,0,0,0,0,27,0,5,0,0,0,9,1,22,2,0,0,0,4,5,0,68,1,1,1,2,2,2,0,0,0,4,0,0,0,0,0,15,0,0,2,3,0,0,0,0,0,0,0,0,0,0,0,0,0,2186,0,0,0,0,0,0,0,0,0,0,0,0,0,0,0,0,0,0,0,0,0,0,0,0,0,0,0,0,0,0,0,0,0,0,0,0,0,0,0,0,0,0,0,0,0,0,0,0,6,0,0,0,0,0,0,0,0,0,2,0,0,0,0,0,0,0,0,0
4970b1306b05839117f41ad8e89af98f,1.2,14,23,80,69,0,3,19,2,1,1,1,0,0,2,169,1,11,0,1,10,192,1,4,0,0,0,4,1,1,1,2,10,1,37,2,2,0,0,0,0,0,0,0,0,1,0,0,0,0,0,0,0,0,0,0,2,0,0,0,0,0,0,0,6769,2,0,1,0,0,0,0,0,0,0,0,210,158,0,169,2577,273,0,32,0,1,0,0,0,0,1,0,0,12,0,2,44,2,0,0,5,11,0,0,1,4,2,0,1,0,0,0,6,8,0,2,0,60,0,0,0,0,0,0,0,0,0,0,0,0,2,0,0,0,0,0,0,0,0,0,0,0,0,0,0,0,0,0,0,0,0,0,0,0,0,0,0,0,0,0,0,0,0,0,0,0,0,0,0,0,0,0,0,0,0,0,0,0,0,0,0,0,0,0,0,0,0,0,0,0,0,0,0,0,0,0,0,0,0,0,0,0,0,0,0,0,0,0,0,0,0,0,0,0,0,0,0,0,0,0,0,46,0,0,0,0,0,0,0,0,0,0,0,0,0,0,0,0,0,0,0,0,0,0,0,0,0,0,0,0,0,0,0,0,0,0,0,0,0,0,0,0,0,0,0,0,0,0,0,0,0,0,0,0,0,0,0,0,0,0,0,0,0,0,0,0,0,0,0,0
5085bf6efd8c1a0d8ae451cb98ceb589,1.8,4,9,76,33,3,5,8,1,1,3,2,1,2,2,27,0,2,0,0,5,12,0,0,0,0,0,0,1,0,10,3,8,0,269854,2,0,3,1,0,0,3,2,0,87737,0,0,1,0,0,0,2,0,0,0,0,2,0,0,0,0,0,0,0,0,0,0,0,0,0,0,0,0,0,0,0,7,7,0,0,0,8,0,0,0,1,0,0,0,0,0,0,0,15,14,0,0,0,0,0,9,0,0,0,1,1,0,0,1,0,0,0,6,0,0,2,0,3,1,0,0,0,0,0,0,0,0,0,28,1,0,0,0,0,0,1,0,0,0,0,0,0,0,0,0,0,0,0,0,1,0,0,1,0,0,0,0,0,1,1,0,0,0,0,0,0,0,0,0,0,0,0,0,2,0,0,0,0,0,0,0,0,0,0,0,0,3,0,0,0,0,0,0,0,0,0,0,0,0,0,1,0,0,0,0,0,0,0,0,0,0,0,0,0,0,0,0,0,0,0,0,0,0,0,0,0,0,0,0,0,0,0,0,0,0,0,0,0,0,0,0,0,0,0,0,0,0,0,0,0,0,0,0,0,0,0,0,0,0,0,0,0,0,0,0,0,0,0,0,0,0,0,0,0,0,0,0,0,0,0,0,0,0,0,0,0,0,0,0,0
9b2ede6c7180ed4c6883c37d847adddf,3.4,0,20,59,8,523,8,2,40,21,82,0,0,79,0,57,0,4,1,0,2,2,0,9,0,0,188,0,3,0,23,0,82,0,2,1,5,0,0,0,0,2,3,0,0,0,0,0,1,0,0,2,0,0,0,0,0,0,0,0,0,0,0,0,3,0,202,1,0,3,2,0,0,0,1,0,0,0,0,0,0,0,0,0,0,0,0,1,2,0,0,0,0,0,0,0,0,0,0,1,2,16,0,0,1,4,0,0,1,0,0,0,1,0,0,0,3,0,0,0,0,0,0,0,0,0,0,0,0,1,3,0,0,0,0,0,0,0,1,0,0,0,0,0,8,0,0,0,0,0,0,0,0,0,0,0,0,0,2,1,0,0,0,0,0,0,0,0,0,0,0,0,0,3,0,6,0,0,2,0,0,0,0,0,0,21,0,0,0,0,0,0,0,0,0,0,0,0,0,0,0,0,0,0,0,0,2,0,0,0,0,1,1,0,0,0,0,0,0,0,0,0,0,0,0,0,0,0,0,0,0,0,0,0,0,0,0,0,0,0,0,0,0,0,0,0,0,0,0,0,0,0,0,0,0,0,0,0,0,0,0,0,0,0,0,0,0,0,0,0,0,0,0,0,0,0,0,0,0,0,0,0,0,0,0,0,0,0,0,0
9b459abee280b768ff1a4aec933b35f7,1.2,0,18,260,8,3,4,4,5,4,9,0,1,3,0,32,1,4,1,1,6,5,1,2,1,1,2,1046,0,0,0,1,1,1,1,615,0,2,0,0,0,0,0,0,0,0,0,0,0,0,0,0,0,0,0,3,1,0,0,0,0,0,0,0,0,0,0,0,0,0,0,0,0,0,0,0,0,0,0,0,0,0,0,0,0,0,0,0,0,0,0,0,0,0,0,0,0,0,0,0,0,0,0,0,0,0,0,0,0,0,0,0,0,0,0,0,0,0,0,0,0,0,0,0,0,0,0,0,0,0,0,0,0,0,0,0,0,0,0,0,0,0,0,0,0,0,0,0,0,0,0,0,0,0,0,0,0,0,0,0,0,0,0,0,0,0,0,0,0,0,0,0,0,0,0,0,0,0,0,0,0,0,0,0,0,0,0,0,0,0,0,0,0,0,0,0,0,0,0,0,0,0,0,0,0,0,0,0,0,0,0,0,0,0,0,0,0,0,0,0,0,0,0,0,0,0,0,0,0,0,0,0,0,0,0,0,0,0,0,0,0,0,0,0,0,0,0,0,0,0,0,0,0,0,0,0,0,0,0,0,0,0,0,0,0,0,0,0,0,0,0,0,0,0,0,0,0,0,0,0,0,0,0,0,0,0,0,0,0,0
9b7746ebc63bb032f38a14301d269d66,3.4,0,7,139,0,0,1,1,3,4,3,1,1,0,0,29,0,0,0,0,22,10,0,1,0,0,3,0,0,1,0,0,3,0,0,1,1,5,0,1,0,1,3,1,1,0,0,0,0,0,1,0,0,0,0,0,0,2,2,81,0,0,0,0,3575,0,0,0,0,0,0,0,0,0,0,0,0,0,0,0,0,0,0,0,0,0,0,0,0,0,0,0,0,0,0,0,0,0,0,1,0,0,0,0,1,1,0,0,0,2,0,2,1,0,0,0,0,1,0,0,0,0,1,0,0,0,0,0,0,0,0,0,0,0,0,0,0,0,0,0,0,0,0,0,1,0,0,0,0,0,0,0,0,0,0,0,0,0,0,0,0,0,0,0,0,0,0,0,0,0,0,0,0,1,0,0,0,0,0,0,0,0,0,0,0,0,0,0,0,0,0,0,0,0,0,0,0,0,0,0,0,0,0,0,0,0,0,0,0,0,0,0,0,0,0,0,0,0,0,0,0,0,0,0,0,0,0,0,0,0,0,0,0,0,0,1,0,0,0,0,0,0,0,0,0,0,0,0,0,0,0,0,0,0,0,0,0,0,0,0,0,0,0,0,0,0,0,0,0,0,0,0,0,0,0,0,0,0,0,0,0,0,0,0,0,0,0,0,0,0
9b64582f233a0830591f6f1d5229e534,1.4,0,4,157,2,0,0,0,0,0,0,0,0,0,0,0,0,2,0,0,0,0,0,0,0,0,0,0,0,0,0,0,0,0,0,0,0,2,0,0,0,0,0,0,0,0,0,0,0,0,0,0,0,0,0,0,0,0,0,0,0,0,0,0,0,0,0,0,0,0,0,0,0,0,0,0,0,0,0,0,0,0,0,0,0,0,0,0,0,0,0,0,0,0,0,0,0,0,0,0,0,0,0,0,0,0,0,0,0,0,0,0,0,0,0,0,0,0,0,0,0,0,0,0,0,0,0,0,0,0,0,0,0,0,0,0,0,0,0,0,0,0,0,0,0,0,0,0,0,0,0,0,0,0,0,0,0,0,0,0,0,0,0,0,0,0,0,0,0,0,0,0,0,0,0,0,0,0,0,0,0,0,0,0,0,0,0,0,0,0,0,0,0,0,0,0,0,0,0,0,0,0,0,0,0,0,0,0,0,0,0,0,0,0,0,0,0,0,0,0,0,0,0,0,0,0,0,0,0,0,0,0,0,0,0,0,0,0,0,0,0,0,0,0,0,0,0,0,0,0,0,0,0,0,0,0,0,0,0,0,0,0,0,0,0,0,0,0,0,0,0,0,0,0,0,0,0,0,0,0,0,0,0,0,0,0,0,0,0,0
9bb0d16115340c7c5823109ad5640a16,5.8,0,4,37,11,1,4,1,1,0,3,0,0,1,0,32,2,3,1,1,7,6,1,2,1,2,2,2,0,0,0,1,1,1,1,0,0,4,0,0,0,0,0,0,0,0,0,1,0,0,0,0,11,1,1,6,2,0,0,0,0,0,0,0,0,0,0,0,0,0,0,0,0,0,0,0,0,0,0,0,0,0,0,0,0,0,0,0,0,0,0,0,0,23,23,0,0,0,0,0,0,0,0,0,0,0,0,0,1,0,0,0,0,0,0,0,0,0,0,0,0,0,4,0,0,0,0,0,23,0,0,0,0,0,0,0,0,0,0,0,0,0,0,0,0,0,0,0,0,0,0,0,0,0,0,0,0,0,0,0,0,0,0,0,0,0,0,0,0,0,0,0,0,0,0,0,0,0,0,0,0,0,0,0,0,0,0,0,0,0,0,0,0,0,0,0,0,0,0,0,0,0,0,0,0,0,0,0,0,0,0,0,0,0,0,0,0,0,0,0,0,0,0,0,0,0,0,0,0,0,0,0,0,0,0,0,0,0,0,0,0,0,0,0,0,0,0,0,0,0,0,0,0,0,0,0,0,0,0,0,0,0,0,0,0,0,0,0,0,0,0,0,0,0,0,0,0,0,0,0,0,0,0,0,0,0,0,0,0,0
9c0d07cf85c2aad74ea5658c3754b065,2.2,27,33,849,21,4,25,2,24,7,8,3,0,2,4,24,1,4,0,1,7,6,0,1,0,0,1,0,0,0,0,4,1,0,0,1,2,12,0,1,0,0,0,0,0,0,0,0,1,0,0,0,0,0,0,0,0,0,0,0,0,0,0,0,0,2,4,0,0,0,0,0,0,0,0,0,0,0,0,0,0,582,10,491,0,157,0,0,0,0,0,0,4,27,2,2,47,0,0,0,0,0,0,0,2,3,0,0,0,0,0,0,2,0,0,3,0,0,0,0,0,0,0,0,0,0,0,0,0,1,2,0,0,0,0,0,0,0,1,0,0,0,0,0,0,0,0,0,0,0,0,0,0,0,0,0,0,0,0,0,0,0,0,0,0,0,0,0,0,0,0,0,0,0,0,0,0,0,0,0,0,0,0,0,0,0,0,0,0,0,0,0,0,0,0,0,0,0,0,0,0,0,0,0,1,0,0,0,0,0,0,0,0,0,0,0,0,0,0,0,0,0,0,0,0,0,0,0,0,0,0,0,0,0,0,0,0,0,0,0,0,0,0,0,0,0,0,0,0,0,0,0,0,0,0,0,0,0,0,0,0,0,0,0,0,0,0,0,0,0,0,0,0,0,0,0,0,0,0,0,0,0,0,0,0,0,0,0,0,0
9c1dcb2369ae8c9321bde9e1544063cb,2.0,0,21,556,9,5,5,2,5,3,8,2,1,3,1,31,1,4,1,2,6,5,1,2,1,1,2,2,0,0,0,1,1,1,1,0,0,6,0,0,0,0,0,0,0,0,0,0,0,0,0,0,0,0,0,3,1,0,0,0,0,0,0,0,0,0,0,0,0,0,0,0,0,0,0,0,0,0,0,0,0,0,0,0,0,0,0,0,0,0,0,0,0,0,0,0,0,0,0,0,0,0,0,0,0,0,0,0,0,0,0,0,0,0,0,0,0,0,0,0,0,0,0,0,0,0,0,0,0,0,0,0,0,0,0,0,0,0,0,0,0,0,0,0,0,0,0,0,0,0,0,0,0,0,0,0,0,0,0,0,0,0,0,0,0,0,0,0,0,0,0,0,0,0,0,0,0,0,0,0,0,0,0,0,0,0,0,0,0,0,0,0,0,0,0,0,0,0,0,0,0,0,0,0,0,0,0,0,0,0,0,0,0,0,0,0,0,0,0,0,0,0,0,0,0,0,0,0,0,0,0,0,0,0,0,0,0,0,0,0,0,0,0,0,0,0,0,0,0,0,0,0,0,0,0,0,0,0,0,0,0,0,0,0,0,0,0,0,0,0,0,0,0,0,0,0,0,0,0,0,0,0,0,0,0,0,0,0,0,0
7c124c89827990234e7e1154aa3c3797,1.6,0,17,2519,12,7,2093,2,5,3,8,2,1,3,1,27,2,2,1,1,6,5,1,2,1,1,2,2,1,0,0,1,2,1,1,0,0,0,0,0,0,0,0,0,0,0,0,0,0,0,0,0,0,0,0,3,1,0,0,0,0,0,0,0,0,0,0,0,0,0,0,0,0,0,0,0,0,0,0,0,0,0,0,0,0,0,0,0,0,0,0,0,0,0,0,0,0,0,0,0,0,0,0,0,0,0,0,0,0,0,0,0,0,0,0,0,0,0,0,0,0,0,0,0,0,0,0,0,0,0,0,0,0,0,0,0,0,0,0,0,0,0,0,0,0,0,0,0,0,0,0,0,0,0,0,0,0,0,0,0,0,0,0,0,0,0,0,0,0,0,0,0,0,0,0,0,0,0,0,0,0,0,0,0,0,0,0,0,0,0,0,0,0,0,0,0,0,0,0,0,0,0,0,0,0,0,0,0,0,0,0,0,0,0,0,0,0,0,0,0,0,0,0,0,0,0,0,0,0,0,0,0,0,0,0,0,0,0,0,0,0,0,0,0,0,0,0,0,0,0,0,0,0,0,0,0,0,0,0,0,0,0,0,0,0,0,0,0,0,0,0,0,0,0,0,0,0,0,0,0,0,0,0,0,0,0,0,0,0,0
7c503d7e6d3aa2ef708b41458480a0df,1.4,0,4,223,1,0,0,0,0,0,0,0,0,0,0,0,0,0,0,0,0,0,0,0,0,0,0,0,0,0,0,0,0,0,0,0,0,2,0,0,0,0,0,0,0,0,0,0,0,0,0,0,0,0,0,0,0,0,0,0,0,0,0,0,1,0,0,0,0,0,0,0,0,0,0,0,0,0,0,0,0,1,0,0,0,0,0,0,0,0,0,0,0,0,0,0,0,0,0,0,0,0,0,0,0,0,0,0,0,0,0,0,0,0,0,0,0,0,0,0,0,0,0,0,0,0,0,0,0,0,0,0,0,0,0,0,0,0,0,0,0,0,0,0,0,0,0,0,0,0,0,0,0,0,0,0,0,0,0,0,0,0,0,0,0,0,0,0,0,0,0,0,0,0,0,0,0,0,0,0,0,0,0,0,0,0,0,0,0,0,0,0,0,0,0,0,0,0,0,0,0,0,0,0,0,0,0,0,0,0,0,0,0,0,0,0,0,0,0,0,0,0,0,0,0,0,0,0,0,0,0,0,0,0,0,0,0,0,0,0,0,0,0,0,0,0,0,0,0,0,0,0,0,0,0,0,0,0,0,0,0,0,0,0,0,0,0,0,0,0,0,0,0,0,0,0,0,0,0,0,0,0,0,0,0,0,0,0,0,0
7ca6a54e4b092443770b84e1e6129c61,8.8,0,40,80,32,523,9,2,40,21,82,0,0,79,0,57,1,6,1,0,2,2,0,9,0,1,188,0,3,0,23,0,82,0,2,1,5,0,0,0,0,2,3,0,0,0,0,1,1,1,0,2,5,1,1,0,0,0,0,0,0,0,0,0,61,0,202,1,0,4,3,0,0,0,1,0,0,0,0,0,0,3,0,0,0,0,0,1,2,0,0,0,0,1,2,0,0,0,0,1,2,16,0,0,2,6,1,0,1,0,0,0,1,0,0,0,3,0,0,0,0,0,1,0,0,0,0,0,1,1,3,0,0,0,0,0,0,0,1,0,0,0,0,0,8,0,0,0,0,0,0,0,0,0,0,0,0,0,2,1,0,0,0,0,0,0,0,0,0,0,0,0,0,3,0,8,0,0,3,0,0,0,0,0,0,21,0,0,0,0,0,0,0,0,0,0,0,0,0,0,0,0,0,0,0,0,2,0,0,0,0,1,1,0,0,0,0,0,0,0,0,0,0,0,0,0,0,0,0,0,0,0,0,0,0,0,0,0,0,0,0,0,0,0,0,0,0,0,0,0,0,0,0,0,0,0,0,0,0,0,0,0,0,0,0,0,0,0,0,0,0,0,0,0,0,0,0,0,0,0,0,0,0,0,0,0,0,0,0,0
7cc90c7780f1c778a8a93164bc7a0e8f,2.0,0,21,492,11,5,4,2,5,3,8,3,1,3,1,29,1,4,1,2,6,5,1,2,1,1,2,2,0,0,0,1,1,1,1,0,0,11,0,0,0,0,0,0,0,0,0,0,0,0,0,0,6,0,0,3,1,0,0,0,0,0,0,0,0,0,0,0,0,0,0,0,0,0,0,0,0,0,0,0,0,0,0,0,0,0,0,0,0,0,0,0,0,0,0,0,0,0,0,0,0,0,0,0,0,0,0,0,0,0,0,0,0,0,0,0,0,0,0,0,0,0,4,0,0,0,0,0,0,0,0,0,0,0,0,0,0,0,0,0,0,0,0,0,0,0,0,0,0,0,0,0,0,0,0,0,0,0,0,0,0,0,0,0,0,0,0,0,0,0,0,0,0,0,0,0,0,0,0,0,0,0,0,0,0,0,0,0,0,0,0,0,0,0,0,0,0,0,0,0,0,0,0,0,0,0,0,0,0,0,0,0,0,0,0,0,0,0,0,0,0,0,0,0,0,0,0,0,0,0,0,0,0,0,0,0,0,0,0,0,0,0,0,0,0,0,0,0,0,0,0,0,0,0,0,0,0,0,0,0,0,0,0,0,0,0,0,0,0,0,0,0,0,0,0,0,0,0,0,0,0,0,0,0,0,0,0,0,0,0
5c8846befc08e672ca2997f443819d07,1.2,15,12,54,19,0,3,1,0,0,0,0,0,0,1,51,1,0,0,0,4,15,0,2,0,0,2,0,0,0,2,0,1,0,0,0,2,0,0,0,0,0,0,0,0,0,0,0,0,0,0,0,0,0,0,0,4,0,0,0,0,0,0,0,0,2,0,0,0,0,0,0,0,0,0,0,16,16,0,0,3,241,87,0,0,0,0,0,0,0,0,0,0,50,34,1,38,0,0,0,9,6,0,0,1,2,1,0,0,0,0,0,0,0,0,0,0,0,0,0,0,0,0,0,0,0,0,0,34,0,1,0,0,0,0,0,0,0,0,0,0,0,0,0,1,0,0,0,0,0,0,0,19,0,0,0,0,0,0,0,0,0,0,0,0,0,0,0,0,0,0,0,0,0,0,0,0,0,0,0,0,0,0,0,0,0,0,0,0,0,0,0,0,0,0,0,0,0,0,0,0,0,0,0,0,0,0,0,0,0,0,0,0,0,0,0,1,0,0,0,0,0,0,0,0,0,0,0,0,0,3,0,0,0,0,0,0,0,0,0,0,0,0,0,0,0,0,0,0,0,0,0,0,0,0,0,0,0,0,0,0,0,0,0,0,0,0,0,0,0,0,0,0,0,0,0,0,0,0,0,0,0,0,0,0,0,0,0,0,0
7d2b75e1f3fa42f00c3861499a22d308,10.8,17,150,2079,1141,16,80,114,355,266,524,14,2,12,13,18243,1,1661,5,8,365,12971,4,76,8,8,48,6,2,266,8082,8071,8096,9,16172,329,1,322,6,211,1,2691,1,5374,5778,0,0,6,0,34,187,1,382,0,0,2,17,8,8,338,13,0,0,0,654,28,5402,81,0,0,0,0,0,0,10,0,727,572,1,18,1116,1261,591,120,2,55,4,11,11,5,22,36,106,120,106,5,110,1,7,2,2697,2726,1,3,8,8,22,163,5,4,20,15,12,0,0,29563,2687,59129,0,0,0,0,5753,0,0,1,1,0,0,0,0,0,0,0,0,0,0,0,0,0,0,0,0,0,1,0,0,0,0,0,0,0,0,0,0,0,0,0,0,0,0,0,0,0,0,0,0,0,0,1,0,0,0,2,0,0,0,0,0,0,0,0,0,0,0,0,0,0,0,0,0,0,0,0,0,0,0,0,0,0,0,0,1,0,0,0,0,0,0,0,0,0,0,0,0,0,0,0,0,0,0,0,0,0,0,1,5374,0,0,0,0,0,0,0,0,0,0,0,0,0,0,0,0,0,0,0,0,0,0,0,0,0,0,0,0,0,0,0,0,0,0,0,0,0,0,0,0,0,0,0,0,0,0,0,0,0,0,0,0,0,0,0,0,0,0,0,0,0,0,0
7daa0a04d5a8a5490fb38cbbfd3679cc,1.6,1,5,194,1,0,0,0,0,0,0,0,0,0,0,0,0,0,0,0,0,0,0,0,0,0,0,0,0,0,0,0,0,0,0,0,0,2,0,0,0,0,0,0,0,0,0,0,0,0,0,0,0,0,0,0,0,0,0,0,0,0,0,0,0,0,0,0,0,0,0,0,0,0,0,0,0,0,0,0,0,0,0,0,0,0,0,0,0,0,0,0,0,0,0,0,0,0,0,0,0,0,0,0,0,0,0,0,0,0,0,0,0,0,0,0,0,0,0,0,0,4,0,0,0,0,0,0,0,0,0,0,0,0,0,0,0,0,0,0,0,0,0,0,0,0,0,0,0,0,0,0,0,0,0,0,0,0,0,0,0,0,0,0,0,0,0,0,0,0,0,0,0,0,0,0,0,0,0,0,0,0,0,0,0,0,0,0,0,0,0,0,0,0,0,0,0,0,0,0,0,0,0,0,0,0,0,0,0,0,0,0,0,0,0,0,0,0,0,0,0,0,0,0,0,0,0,0,0,0,0,0,0,0,0,0,0,0,0,0,0,0,0,0,0,0,0,0,0,0,0,0,0,0,0,0,0,0,0,0,0,0,0,0,0,0,0,0,0,0,0,0,0,0,0,0,0,0,0,0,0,0,0,0,0,0,0,0,0,0
7db57a2e6c751c9488655690b77beeb6,1.8,26,53,857,118,13,24,108,661,2205,426,2,1,44,2,333,47,65,0,1,41,13,0,5,0,0,0,4,0,14,4,24,114,9,2031,0,2,11,1,0,0,25,0,0,0,9,0,0,1,1,0,1,0,0,0,0,11,0,0,0,0,0,0,0,0,18,11,4,0,0,0,0,0,0,1,0,0,0,0,0,2,792,119,51,0,0,0,0,0,0,16,0,30,55,17,3,96,219,0,0,22,257,2,25,49,50,0,0,0,0,0,0,2,8,0,0,0,1994,0,0,0,0,10,0,0,1,0,0,2,0,4,3,3,0,0,28,3,6,1,0,0,0,0,0,0,0,0,0,0,0,0,0,109,0,0,0,0,0,5,12,0,0,0,0,2,2,1,0,0,0,0,0,0,0,0,0,0,0,0,0,0,0,0,0,0,0,0,0,0,0,0,0,0,0,0,0,0,0,0,0,0,0,0,0,0,0,0,0,0,0,0,0,0,0,0,0,0,0,0,0,0,0,0,0,0,0,0,0,0,0,0,0,0,0,0,0,0,0,0,0,0,0,0,0,0,0,0,0,0,0,0,0,0,0,0,0,0,0,0,0,0,0,0,0,0,0,0,0,0,0,0,0,0,0,0,0,0,0,0,0,0,0,0,0,0,0,0,0,0,0
7dc661711e78657256f6d7c36d53c239,10.0,1,198,1916,77,16,35,53,330,260,586,8,2,12,5,21252,1,45,5,5,178,307,4,60,5,5,133,9,1,408,9507,9496,9515,9,19018,541,1,319,6,288,1,3166,1,6324,5988,0,0,3,0,40,265,43,372,0,0,2,13,103,103,4501,11,0,0,0,447,16,6351,23,0,0,0,0,0,0,4,0,394,330,1,4,1090,1832,413,81,0,53,1,4,4,3,16,12,105,105,105,2,175,0,2,0,3278,3200,1,1,3,3,23,177,2,1,8,5,6,6,0,34777,3161,69557,0,0,0,0,6036,0,0,0,0,0,0,0,0,0,0,0,0,0,0,0,0,0,0,0,0,0,1,0,0,0,0,0,0,0,0,0,0,0,0,0,0,0,0,0,0,0,0,0,0,0,0,1,0,0,0,2,0,0,0,0,0,0,0,0,0,0,0,0,0,0,0,0,0,0,0,0,0,0,0,0,0,0,0,0,1,0,0,0,0,0,0,0,0,0,0,0,0,0,0,0,0,0,0,0,0,0,0,1,6322,0,0,0,0,0,0,0,0,0,0,0,0,0,0,0,0,0,0,0,0,0,0,0,0,0,0,0,0,0,0,0,0,0,0,0,0,0,0,0,0,0,0,0,0,0,0,0,0,0,0,0,0,0,0,0,0,0,0,0,0,0,0,0
7dd72b5215812c2f05d7b6ff984a8cac,1.6,0,17,413,15,7,5,2,5,3,8,3,1,3,1,29,2,2,1,1,6,5,1,2,1,1,2,2,0,0,0,1,1,1,1,0,0,4,0,0,0,0,0,0,0,0,0,0,0,0,0,0,6,0,0,3,1,0,0,0,0,0,0,0,0,0,0,0,0,0,0,0,0,0,0,0,0,0,0,0,0,0,0,0,0,0,0,0,0,0,0,0,0,0,0,0,0,0,0,0,0,0,0,0,0,0,0,0,0,0,0,0,0,0,0,0,0,0,0,0,0,0,4,0,0,0,0,0,0,0,0,0,0,0,0,0,0,0,0,0,0,0,0,0,0,0,0,0,0,0,0,0,0,0,0,0,0,0,0,0,0,0,0,0,0,0,0,0,0,0,0,0,0,0,0,0,0,0,0,0,0,0,0,0,0,0,0,0,0,0,0,0,0,0,0,0,0,0,0,0,0,0,0,0,0,0,0,0,0,0,0,0,0,0,0,0,0,0,0,0,0,0,0,0,0,0,0,0,0,0,0,0,0,0,0,0,0,0,0,0,0,0,0,0,0,0,0,0,0,0,0,0,0,0,0,0,0,0,0,0,0,0,0,0,0,0,0,0,0,0,0,0,0,0,0,0,0,0,0,0,0,0,0,0,0,0,0,0,0,0
7dda660e1c1b34bab1f71ca1681e529a,2.2,27,33,849,25,4,25,2,24,7,8,3,0,2,4,24,1,4,0,1,7,6,0,1,0,0,1,0,0,0,0,4,1,0,0,1,2,12,0,1,0,0,0,0,0,0,0,0,1,0,0,0,0,0,0,0,0,0,0,0,0,0,0,0,0,2,4,0,0,0,0,0,0,0,0,0,0,0,0,0,0,531,14,536,0,157,0,0,0,0,0,0,4,27,2,2,47,0,0,0,0,0,0,0,2,3,0,0,0,0,0,0,2,0,0,3,0,0,0,0,0,0,0,0,0,0,0,0,0,1,2,0,0,0,0,0,0,0,1,0,0,0,0,0,0,0,0,0,0,0,0,0,0,0,0,0,0,0,0,0,0,0,0,0,0,0,0,0,0,0,0,0,0,0,0,0,0,0,0,0,0,0,0,0,0,0,0,0,0,0,0,0,0,0,0,0,0,0,0,0,0,0,0,0,1,0,0,0,0,0,0,0,0,0,0,0,0,0,0,0,0,0,0,0,0,0,0,0,0,0,0,0,0,0,0,0,0,0,0,0,0,0,0,0,0,0,0,0,0,0,0,0,0,0,0,0,0,0,0,0,0,0,0,0,0,0,0,0,0,0,0,0,0,0,0,0,0,0,0,0,0,0,0,0,0,0,0,0,0,0
7df2c190139c7d673a8da7e4c6b1f6f5,1.6,0,19,2524,16,5,2097,3,8,4,9,2,1,3,3,45,2,2,1,2,27,14,1,2,1,1,2,2,1,0,0,1,2,1,1,0,0,3,0,0,0,0,0,0,0,0,0,0,0,0,0,0,0,0,0,3,1,0,0,0,0,0,0,0,0,0,0,0,0,0,0,0,0,0,0,0,0,0,0,0,0,0,0,0,0,0,0,0,0,0,0,0,0,0,0,0,0,0,0,0,0,0,0,0,0,0,0,0,0,2,0,2,0,0,0,0,0,0,0,0,0,0,0,0,0,0,0,0,0,0,0,0,0,0,0,0,0,0,0,0,0,0,0,0,0,0,0,0,0,0,0,0,0,0,0,0,0,0,0,0,0,0,0,0,0,0,0,0,0,0,0,0,0,0,0,0,0,0,0,0,0,0,0,0,0,0,0,0,0,0,0,0,0,0,0,0,0,0,0,0,0,0,0,0,0,0,0,0,0,0,0,0,0,0,0,0,0,0,0,0,0,0,0,0,0,0,0,0,0,0,0,0,0,0,0,0,0,0,0,0,0,0,0,0,0,0,0,0,0,0,0,0,0,0,0,0,0,0,0,0,0,0,0,0,0,0,0,0,0,0,0,0,0,0,0,0,0,0,0,0,0,0,0,0,0,0,0,0,0,0
7e0ce718a4f151f9f941c17bd4805a92,2.2,0,25,600,5,2,0,1,1,1,3,2,0,2,0,25,0,3,1,3,1,1,0,0,0,0,0,0,0,1,0,1,3,0,0,1,0,7,0,0,0,1,1,2,0,0,0,1,0,0,0,0,0,0,0,3,1,0,0,0,0,0,0,0,1,0,2,0,0,0,0,0,0,0,0,0,0,0,0,0,0,0,0,0,0,0,0,0,0,0,0,0,0,0,0,0,0,0,0,0,1,3,0,0,0,0,0,0,0,0,0,0,0,0,0,0,0,0,0,0,0,0,0,0,0,0,0,0,0,0,0,1,0,0,0,0,0,0,0,0,0,0,0,0,0,0,0,0,0,0,0,0,0,0,0,0,0,0,0,0,0,0,0,0,0,0,0,0,0,0,0,0,0,1,0,0,0,0,0,0,0,0,0,0,0,0,4,0,0,0,0,0,0,0,0,0,0,0,0,0,0,0,0,0,0,0,0,0,0,0,0,0,0,0,0,2,0,0,0,0,0,0,0,0,0,0,0,0,0,0,0,0,0,0,0,0,0,0,0,0,0,0,0,0,0,0,0,0,0,0,0,0,0,0,0,0,0,0,0,0,0,0,0,0,0,0,0,0,0,0,0,0,0,0,0,0,0,0,0,0,0,0,0,0,0,0,0,0,0,0
7e2e8136fffd5686fe19ff1b1ee61e51,1.6,0,19,368,10,3,4,4,5,4,9,1,0,3,0,28,1,4,1,1,6,5,1,2,1,1,2,2,0,0,0,1,1,1,1,0,0,2,0,0,0,0,0,0,0,0,0,0,0,0,0,3212,0,0,0,3,1,0,0,0,0,0,0,0,0,0,0,0,0,0,0,0,0,0,0,0,0,0,0,0,0,0,0,0,0,0,0,0,0,0,0,0,0,0,0,0,0,0,0,0,0,0,0,0,0,0,0,0,0,0,0,0,0,0,0,0,0,0,1799,0,0,0,0,0,0,0,0,0,0,0,0,0,0,0,0,0,0,0,0,0,0,0,0,0,0,0,0,0,0,0,0,0,0,0,0,0,0,0,0,0,0,0,0,0,0,0,0,0,0,0,0,0,0,0,0,0,0,0,0,0,0,0,0,0,0,0,0,0,0,0,0,0,0,0,0,0,0,0,0,0,0,0,0,0,0,0,0,0,0,0,0,0,0,0,0,0,0,0,0,0,0,0,0,0,0,0,0,0,0,0,0,0,0,0,0,0,0,0,0,0,0,0,0,0,0,0,0,0,0,0,0,0,0,0,0,0,0,0,0,0,0,0,0,0,0,0,0,0,0,0,0,0,0,0,0,0,0,0,0,0,0,0,0,0,0,0,0,0,0,0
7e4e7d8b7765e031fe9be6021efb202d,2.0,1,21,855,11,1,4,2,0,0,1,3,1,1,2,44,1,6,1,2,9,10,1,2,1,1,2,2,0,0,0,1,2,1,1,0,0,6,0,0,0,0,0,0,0,0,0,0,0,0,0,0,0,0,0,3,1,0,0,0,0,0,0,0,0,0,0,0,0,0,0,0,0,0,0,0,4,12,0,0,0,0,0,0,0,0,0,0,0,0,0,0,0,1,0,0,0,0,0,0,0,0,0,0,0,0,0,0,0,0,0,0,0,0,0,0,0,0,0,0,0,0,0,0,0,0,0,0,0,0,0,0,0,0,0,0,0,0,0,0,0,0,0,0,0,0,0,0,0,0,0,0,0,0,0,0,0,0,0,0,0,0,0,0,0,0,0,0,0,0,0,0,0,0,0,0,0,0,0,0,0,0,0,0,0,0,0,0,0,0,0,0,0,0,0,0,0,0,0,0,0,0,0,0,0,0,0,0,0,0,0,0,0,0,0,0,0,0,0,0,0,0,0,0,0,0,0,0,0,0,0,0,0,0,0,0,0,0,0,0,0,0,0,0,0,0,0,0,0,0,0,0,0,0,0,0,0,0,0,0,0,0,0,0,0,0,0,0,0,0,0,0,0,0,0,0,0,0,0,0,0,0,0,0,0,0,0,0,0,0
7e6bd6edda59034bc5ef8225cb1bed7d,1.4,0,24,2588,14,8,2246,4,22,67,21,2,1,3,1,33,2,2,1,1,8,5,1,2,1,1,1,2,1,2,2,1,1,1,1,0,0,0,0,0,0,0,0,0,0,0,0,0,0,0,0,0,0,0,0,3,1,0,0,0,0,0,0,0,0,0,0,0,0,0,0,0,0,0,0,0,0,0,0,0,0,0,0,0,0,0,0,0,0,0,0,0,0,0,0,0,0,0,0,0,0,0,0,0,0,0,0,0,0,0,0,0,0,0,0,0,0,0,0,0,0,0,0,0,0,0,0,0,0,0,0,0,0,0,0,0,0,0,0,0,0,0,0,0,0,0,0,0,0,0,0,0,0,0,0,0,0,0,0,0,0,0,0,0,0,0,0,0,0,0,0,0,0,0,0,0,0,0,0,0,0,0,0,0,0,0,0,0,0,0,0,0,0,0,0,0,0,0,0,0,0,0,0,0,0,0,0,0,0,0,0,0,0,0,0,0,0,0,0,0,0,0,0,0,0,0,0,0,0,0,0,0,0,0,0,0,0,0,0,0,0,0,0,0,0,0,0,0,0,0,0,0,0,0,0,0,0,0,0,0,0,0,0,0,0,0,0,0,0,0,0,0,0,0,0,0,0,0,0,0,0,0,0,0,0,0,0,0,0,0
7e7b002cd713e0b17a2dc85b6e366060,11.8,1,140,2090,3956,13,63,73,160,90,421,15,4,11,13,12764,5,5174,5,10,264,547,4,79,6,6,50,9,2,320,5178,5165,5188,14,10358,409,1,330,6,296,1,1724,5,3438,9849,0,0,4,0,35,272,1,382,0,0,6,26,10,10,430,13,1,1,1,499,24,3472,40,0,0,0,13,0,0,8,0,778,671,1,5,1217,1390,349,75,1,53,2,6,6,4,22,36,105,105,105,3,99,0,3,0,1729,1767,4,1,6,6,26,184,3,2,27,11,8,6,0,18883,1716,37767,0,0,0,0,10052,0,0,0,0,0,0,0,1,0,5,0,0,0,0,0,0,0,0,0,0,0,3,0,0,0,0,0,0,0,0,0,0,0,0,0,2,7,0,0,0,4,0,0,5,0,0,1,0,12,0,2,0,1,0,4,0,0,2,0,0,0,12,0,0,0,0,0,0,0,0,0,0,0,0,0,0,0,0,0,1,0,1,0,0,0,0,0,0,0,0,0,0,0,0,0,0,0,0,0,4,0,1,1,3432,0,0,0,0,4,4,0,0,0,0,0,0,0,0,0,0,0,0,1,0,0,0,0,0,0,0,0,0,0,0,0,0,0,0,0,0,0,0,0,0,0,0,0,0,0,0,0,0,0,0,0,0,0,0,0,0,0,0,0,0,0,0,0
7e21a4ae2ac195a7cb804e2d1feb61eb,3.8,743,638,4209,898,886,299,575,5681,6125,5085,62,1,907,38,3570,247,198,1,7,426,596,5,287,5,31,306,22,25,282,138,232,424,102,2736,87,63,279,19,445,0,131,33,54,354,26,126,6,7,64,104,17,0,0,0,0,220,0,0,0,0,5,0,0,393,270,41,435,0,7,2,160,7,7,50,0,1077,681,58,24,159,37836,4014,466,149,996,0,7,7,3,214,61,176,912,171,23,4866,614,0,9,50,339,23,27,168,370,0,6,11,0,49,0,63,54,18,21,104,2943,0,2,580,3,65,0,0,21,0,12,6,40,98,128,4,0,32,31,81,91,7,0,0,6,0,0,0,0,0,86,0,0,3,0,72,18,0,0,2,0,41,38,0,0,0,0,14,14,97,1,1,9,142,151,5,18,6,25,23,36,5,56,4,2,0,0,14,46,12,259,4,4,4,9,9,9,0,6,0,14,65,0,0,0,0,0,2,0,1,6,0,0,0,0,0,0,3,0,0,2,0,0,0,4,0,2,0,0,0,0,0,0,0,0,0,0,0,0,0,0,0,0,0,0,0,0,0,0,0,0,0,0,0,0,0,0,0,0,0,0,0,0,0,0,0,0,0,0,0,0,0,0,0,0,0,0,0,0,0,0,4,0,0,0,0,0,0,0,0,0,0,0
7e69ed952d26f0892fcd79129a80c7b7,3.6,0,39,231,69,15,20,24,436,628,256,1,0,11,5,241,15,23,1,0,53,652,0,12,1,2,5,7,3,4,899,26,121,0,16,8,0,4,2,1,0,7,0,261,13,0,0,2,0,0,6,0,0,0,0,6,8,9,9,378,0,0,0,0,4,3,35,4,0,0,0,0,0,0,0,0,0,0,8,1,1,0,0,0,0,23,0,0,0,0,4,0,0,0,0,2,0,20,0,593,247,125,0,2,12,17,0,0,4,0,0,0,18,16,0,0,1,2,0,0,12,0,0,0,0,0,0,0,0,1,12,5,1,0,2,1,3,6,0,0,0,0,0,0,0,0,0,0,0,22,0,0,0,0,0,0,0,0,0,0,0,0,0,0,0,0,0,0,0,0,0,0,0,0,0,0,0,6,0,0,0,0,0,0,0,0,0,0,0,0,0,0,0,0,0,0,0,0,0,0,0,0,0,0,0,0,0,0,0,0,0,0,0,0,0,0,0,0,0,0,0,0,0,0,0,0,0,0,0,0,0,0,0,0,1,0,0,0,0,0,0,0,0,0,0,0,0,0,0,0,0,0,0,0,0,0,0,0,0,0,0,0,0,0,0,0,0,0,0,0,0,0,0,0,0,0,0,0,0,0,0,0,0,0,0,0,0,0,0,0
7eaa41ede0c6fd43421b3edc3fa6e4a2,1.6,0,17,413,15,7,5,2,5,3,8,3,1,3,1,29,2,2,1,1,6,5,1,2,1,1,2,2,0,0,0,1,1,1,1,0,0,4,0,0,0,0,0,0,0,0,0,0,0,0,0,0,6,0,0,3,1,0,0,0,0,0,0,0,0,0,0,0,0,0,0,0,0,0,0,0,0,0,0,0,0,0,0,0,0,0,0,0,0,0,0,0,0,0,0,0,0,0,0,0,0,0,0,0,0,0,0,0,0,0,0,0,0,0,0,0,0,0,0,0,0,0,4,0,0,0,0,0,0,0,0,0,0,0,0,0,0,0,0,0,0,0,0,0,0,0,0,0,0,0,0,0,0,0,0,0,0,0,0,0,0,0,0,0,0,0,0,0,0,0,0,0,0,0,0,0,0,0,0,0,0,0,0,0,0,0,0,0,0,0,0,0,0,0,0,0,0,0,0,0,0,0,0,0,0,0,0,0,0,0,0,0,0,0,0,0,0,0,0,0,0,0,0,0,0,0,0,0,0,0,0,0,0,0,0,0,0,0,0,0,0,0,0,0,0,0,0,0,0,0,0,0,0,0,0,0,0,0,0,0,0,0,0,0,0,0,0,0,0,0,0,0,0,0,0,0,0,0,0,0,0,0,0,0,0,0,0,0,0,0
7ebcb97497396e1e08f98f67189304a7,3.0,4,89,539,276,194,19,34,155,222,295,4,0,99,5,413,12,18,4,0,54,35,0,12,1,7,1,0,1,0,36,2,67,0,25,5,2,2,0,4,3,4,0,3,9,0,0,0,1,9,0,1,0,0,0,0,41,0,0,0,0,0,8,6,8,10,8,6,0,0,0,125,0,0,3,0,0,0,0,0,1,7,0,0,0,169,0,3,3,0,9,5,1,4,2,0,1,0,0,0,74,0,1,0,10,15,1,3,1,0,0,0,8,0,0,0,13,14,0,0,8,0,0,1,0,0,0,0,1,0,7,2,0,0,0,0,44,86,1,0,0,2,0,0,0,0,2,2,2,0,0,0,0,2,0,0,0,0,0,0,0,0,0,0,0,0,0,0,0,0,2,0,0,1,0,0,0,8,0,0,32,0,0,0,0,86,1,0,0,0,0,0,0,0,0,0,0,0,0,0,0,2,0,0,0,0,0,0,0,0,16,0,0,0,1,0,0,0,0,0,0,0,0,0,0,0,0,0,0,0,0,0,0,0,5,0,0,0,0,0,0,0,0,0,0,0,4,0,0,0,0,0,0,0,0,0,0,203,21,1,0,0,0,0,0,0,0,0,0,0,0,0,0,0,0,0,0,0,0,0,0,0,0,0,0,0,0,0,0,0
7f2d99468493207b81ae96b55ed09c6b,1.2,0,18,258,10,3,2,4,5,4,9,1,0,3,0,67,1,4,1,1,45,45799,1,2,1,1,2,2,0,0,0,1,1,1,1,0,0,2,0,0,0,0,0,0,0,0,0,0,0,0,0,0,0,0,0,3,1,0,0,0,0,0,0,0,0,0,0,0,0,0,0,0,0,0,0,0,0,0,0,0,0,0,0,0,0,0,0,0,0,0,0,0,0,0,0,0,0,0,0,0,0,0,0,0,0,0,0,0,0,0,0,0,0,0,0,0,0,0,0,0,0,0,0,0,0,0,0,0,0,0,0,0,0,0,0,0,0,0,0,0,0,0,0,0,0,0,0,0,0,0,0,0,0,0,0,0,0,0,0,0,0,0,0,0,0,0,0,0,0,0,0,0,0,0,0,0,0,0,0,0,0,0,0,0,0,0,0,0,0,0,0,0,0,0,0,0,0,0,0,0,0,0,0,0,0,0,0,0,0,0,0,0,0,0,0,0,0,0,0,0,0,0,0,0,0,0,0,0,0,0,0,0,0,0,0,0,0,0,0,0,0,0,0,0,0,0,0,0,0,0,0,0,0,0,0,0,0,0,0,0,0,0,0,0,0,0,0,0,0,0,0,0,0,0,0,0,0,0,0,0,0,0,0,0,0,0,0,0,0,0
7f7d8c49be74792affa623849e3712ac,6.2,0,38,47,20,1,22,0,1,0,3,0,0,1,0,40,2,10,1,1,9,8,1,2,1,2,2,2,0,0,0,1,3,1,2,0,0,4,0,0,0,0,0,0,0,0,0,1,0,0,0,0,11,1,1,6,38,0,0,0,0,0,0,0,0,1,0,0,0,0,0,0,0,0,0,0,0,0,0,0,0,0,0,0,0,0,0,0,0,0,0,0,0,0,0,0,0,0,0,0,0,0,0,0,1,1,0,0,0,0,0,0,1,0,0,0,1,0,0,0,0,0,4,0,0,0,0,0,0,0,0,0,0,0,0,0,0,0,0,0,0,0,0,0,0,0,0,0,0,0,0,0,0,0,0,0,0,0,0,0,0,0,0,0,0,0,0,0,0,0,0,0,0,0,0,0,0,0,0,0,0,0,0,0,0,0,0,0,0,0,0,0,0,0,0,0,0,0,0,0,0,0,0,0,0,0,0,0,0,0,0,0,0,0,0,0,0,0,0,0,0,0,0,0,0,0,0,0,0,0,0,0,0,0,0,0,0,0,0,0,0,0,0,0,0,0,0,0,0,0,0,0,0,0,0,0,0,0,0,0,0,0,0,0,0,0,0,0,0,0,0,0,0,0,0,0,0,0,0,0,0,0,0,0,0,0,0,0,0,0
7f14ef950e1628a40bbb19da799134c0,11.2,255,308,1845,531,328,1998,193,1579,1061,1490,27,0,391,25,1405,63,71,1,6,185,395,0,103,3,11,119,16,26,112,64,99,132,27,400,96,17,81,12,155,0,45,15,2,72,12,18,6,2,30,59,64,80,1,1,9,61,0,0,0,2,1,1,249,726,104,15,156,0,5,0,60,2,2,18,0,752,507,26,10,1214,2780,1093,160,11,286,3,12,12,5,77,38,162,410,133,10,13183,29,8,8,42,28,4,8,70,126,1,8,6,3,20,15,37,34,12,1782,36,216,3,0,167,12,47,0,0,6,2,12,0,4,33,13,1,0,0,5,27,47,2,0,0,2,0,0,3,0,0,19,0,0,0,0,0,18,0,0,0,10,15,23,0,0,0,1,5,5,15,1,1,9,36,18,1,5,6,6,1,14,2,52,4,1,1,0,2,22,12,55,1,1,1,1,1,1,0,0,0,2,9,0,0,1,0,0,0,0,0,3,0,0,0,0,0,0,0,0,3,0,0,0,0,0,0,0,0,0,0,0,0,0,0,0,0,0,0,1,0,0,0,0,0,0,0,0,0,0,0,0,0,0,0,0,0,0,0,0,0,0,0,0,0,0,0,0,0,0,0,0,0,0,0,0,0,0,0,3,0,0,0,0,0,0,0,0,0,0,0,0,0,0
7f544bcd8cd8d455588d05fc52f16ff8,1.8,0,17,542,11,5,5,2,5,3,8,2,1,3,1,31,1,6,1,2,6,5,1,2,1,1,2,2,0,0,0,1,1,1,1,0,0,6,0,0,0,0,0,0,0,0,0,0,0,0,0,0,0,0,0,3,1,0,0,0,0,0,0,0,0,0,0,0,0,0,0,0,0,0,0,0,0,0,0,0,0,0,0,0,0,0,0,0,0,0,0,0,0,0,0,0,0,0,0,0,0,0,0,0,0,0,0,0,5,0,0,0,0,0,0,0,0,0,0,0,0,0,0,0,0,0,0,0,0,0,0,0,0,0,0,0,0,0,0,0,0,0,0,0,0,0,0,0,0,0,0,0,0,0,0,0,0,0,0,0,0,0,0,0,0,0,0,0,0,0,0,0,0,0,0,0,0,0,0,0,0,0,0,0,0,0,0,0,0,0,0,0,0,0,0,0,0,0,0,0,0,0,0,0,0,0,0,0,0,0,0,0,0,0,0,0,0,0,0,0,0,0,0,0,0,0,0,0,0,0,0,0,0,0,0,0,0,0,0,0,0,0,0,0,0,0,0,0,0,0,0,0,0,0,0,0,0,0,0,0,0,0,0,0,0,0,0,0,0,0,0,0,0,0,0,0,0,0,0,0,0,0,0,0,0,0,0,0,0,0
7f782e57b1a2aafe17a73f0f275cbab6,3.0,0,11,176,1,2,4,3,2,4,5,0,0,2,2,34,0,0,0,1,23,11,0,1,0,0,3,0,0,1,0,1,3,0,0,1,1,8,0,1,0,1,3,1,1,0,0,0,0,0,1,0,0,0,0,0,0,2,2,84,0,0,0,0,3507,0,0,0,0,0,0,0,0,0,0,0,0,0,0,0,0,0,0,0,0,0,0,0,0,0,0,0,0,0,0,0,0,0,0,0,0,0,0,0,1,1,0,0,0,2,0,2,1,0,0,0,0,1,0,0,0,0,1,0,0,0,0,0,0,0,0,0,0,0,0,0,0,0,0,0,0,0,0,0,1,0,0,0,0,0,0,0,0,0,0,0,0,0,0,0,0,0,0,0,0,0,0,0,0,0,0,0,0,1,0,0,0,0,0,0,0,0,0,0,0,0,0,0,0,0,0,0,0,0,0,0,0,0,0,0,0,0,0,0,0,0,0,0,0,0,0,0,0,0,0,0,0,0,0,0,0,0,0,0,0,0,0,0,0,0,0,0,0,0,0,1,0,0,0,0,0,0,0,0,0,0,0,0,0,0,0,0,0,0,0,0,0,0,0,0,0,0,0,0,0,0,0,0,0,0,0,0,0,0,0,0,0,0,0,0,0,0,0,0,0,0,0,0,0,0
7f999db1926e0206ac0d39ebbcc18506,4.8,0,3,25,17,1,3,0,1,0,3,0,0,1,0,34,2,4,1,1,8,7,1,2,1,1,2,2,0,0,0,1,1,1,1,0,0,10,0,0,0,0,0,0,0,0,0,1,0,1,0,0,6,1,0,3,1,0,0,0,0,0,0,0,0,0,0,0,0,0,0,0,0,0,0,0,0,0,0,0,0,6,0,0,0,0,0,0,0,0,0,0,0,0,0,0,0,0,0,0,0,0,0,0,0,1,1,0,2,0,0,0,0,0,0,0,0,0,0,0,0,2,2,0,0,0,0,0,0,0,0,0,0,0,0,0,0,0,0,0,0,0,1,0,0,0,0,0,0,0,0,1,0,0,0,0,0,0,0,0,0,0,0,0,0,0,0,0,0,0,0,0,0,0,0,0,0,0,0,0,0,0,0,0,0,0,0,0,0,0,0,0,0,0,0,0,0,0,0,0,0,0,0,0,0,0,0,0,0,0,0,0,0,0,0,0,0,0,0,5,0,0,0,0,0,0,0,0,0,0,0,0,0,0,0,0,0,0,0,0,0,0,0,0,0,0,0,0,0,0,0,0,0,0,0,0,0,0,0,0,0,0,0,0,0,0,0,0,0,0,0,0,0,0,0,0,0,0,0,0,0,0,0,0,0,0,0,0,0,0
7f22368c49ba2a49f9dab3a8d6b9df81,2.6,0,23,385,20,3,12,8,14,22,21,1,1,3,1,82,2,5,1,1,24,18,1,3,1,1,4,30823,0,0,2,4,4,1,1,3,0,2,0,0,1,0,0,0,1,0,0,2,1,2,0,0,0,0,0,9,4,3,3,129,0,0,0,0,0,1,14,3,0,0,0,0,0,0,1,0,0,0,0,0,0,0,0,0,2,29,0,0,0,0,1,0,0,0,0,0,0,0,0,0,0,0,1,0,2,2,0,0,2,0,0,0,1,0,0,3,0,0,0,0,0,0,0,0,0,0,0,0,0,0,0,0,0,0,0,0,1,0,1,0,0,1,0,0,1,0,1,1,1,0,0,0,0,0,0,0,0,0,0,0,0,0,0,0,0,0,0,0,0,0,0,0,0,0,0,0,66,0,0,0,0,0,0,0,0,0,0,0,0,0,0,0,0,0,0,0,0,0,0,0,0,0,0,0,0,0,0,0,0,0,0,0,0,0,0,0,0,0,0,0,0,0,0,0,0,0,0,0,0,0,0,0,0,0,0,0,0,0,0,4,0,0,0,0,0,0,0,0,0,0,0,0,0,0,0,0,0,0,0,0,0,0,0,0,0,0,0,0,0,0,0,0,0,0,0,0,0,0,0,0,0,0,0,0,0,0,0,0,0,0
7ffd32a848582b7538028ca43dbaea2a,2.0,0,16,392,10,5,3,2,5,3,8,159993,1,3,1,33,1,3,1,1,6,5,1,2,1,1,2,2,0,0,0,1,1,1,1,0,0,10,0,0,0,0,0,0,0,0,0,0,0,0,0,0,6,0,0,3,1,0,0,0,0,0,0,0,0,0,0,0,0,0,0,0,0,0,0,0,0,0,0,0,0,0,0,0,0,0,0,0,0,0,0,0,0,0,0,0,0,0,0,0,0,0,0,0,0,0,0,0,0,0,0,0,0,0,0,0,0,0,0,0,0,0,4,0,0,0,0,0,0,0,0,0,0,0,0,0,0,0,0,0,0,0,0,0,0,0,0,0,0,0,0,0,0,0,0,0,0,0,0,0,0,0,0,0,0,0,0,0,0,0,0,0,0,0,0,0,0,0,0,0,0,0,0,0,0,0,0,0,0,0,0,0,0,0,0,0,0,0,0,0,0,0,0,0,0,0,0,0,0,0,0,0,0,0,0,0,0,0,0,0,0,0,0,0,0,0,0,0,0,0,0,0,0,0,0,0,0,0,0,0,0,0,0,0,0,0,0,0,0,0,0,0,0,0,0,0,0,0,0,0,0,0,0,0,0,0,0,0,0,0,0,0,0,0,0,0,0,0,0,0,0,0,0,0,0,0,0,0,0,0
08a17b5d6206b14f2769a5f52eea95ae,10.2,0,37,170,19,460,17,7,48,51,73,1,0,46,1,164,1,13,1,1,41,34,1,8,1,2,185,3,4,0,8,15,88,0,4,2,0,2,0,1,0,2,1,1,2,0,0,5,0,0,1,3,5,1,1,15,9,0,0,0,0,0,0,0,3,0,231,0,0,4,3,0,0,0,1,0,0,0,0,0,0,0,0,0,0,1,0,0,0,0,0,0,0,0,0,0,0,0,0,0,2,17,2,0,6,6,0,0,5,0,0,0,10,8,0,6,0,0,3,0,0,0,0,0,0,0,0,0,0,1,0,0,0,0,2,0,0,2,0,0,0,0,0,0,8,0,0,0,0,0,0,0,0,0,0,0,0,0,1,1,0,0,0,0,0,0,0,0,0,0,0,0,0,1,0,8,0,0,0,0,0,0,0,0,0,14,0,0,0,0,0,0,0,0,0,0,0,0,0,0,0,0,0,0,0,1,1,0,0,0,0,0,1,0,0,0,0,0,0,0,0,0,0,3,0,0,3,0,0,0,0,0,0,0,0,0,0,0,0,0,0,0,0,0,0,0,0,0,0,0,0,0,0,0,0,0,0,0,0,0,0,0,0,0,0,0,0,0,0,0,0,0,0,1,0,0,0,0,0,0,0,0,0,0,0,0,0,0,0,0
08ae32a82a03c7905b901e1669cd59c4,5.8,4,33,264,27,369,11,2,35,19,76,1,2,51,4,67,1,4,0,2,23,16,1,8,0,0,0,3,1,1,0,0,3,1,1,2,2,6,0,0,1,0,0,0,0,0,0,1,1,0,0,0,0,0,0,5,3,0,0,0,0,0,0,0,0,2,0,3,0,0,0,0,0,0,1,0,0,0,0,0,0,13,0,0,2,32,0,0,0,0,1,0,0,0,0,2,15,0,0,0,0,0,0,4,3,5,1,0,1,0,0,0,8,8,0,1,0,0,0,0,4,0,0,0,0,0,0,0,0,0,1,0,0,0,1,0,2,0,1,0,0,1,0,0,1,0,1,1,1,0,0,0,31,0,0,0,0,0,13,18,0,0,0,0,0,0,0,0,0,0,0,0,0,0,0,0,76,0,0,0,0,0,0,0,0,344,0,8,0,0,0,0,0,0,0,0,0,0,0,0,1,0,0,0,0,30,0,0,0,0,0,0,0,174,0,0,0,0,0,0,0,0,0,0,0,0,1,0,0,0,0,0,0,0,0,0,0,0,0,0,0,0,0,0,0,0,0,0,0,0,0,0,0,0,0,0,0,0,0,0,0,0,0,0,0,0,0,0,0,0,0,0,0,0,0,0,0,0,0,0,0,0,0,0,0,0,0,0,0,0
08b504efe1875b30f7ef6410aef68524,10.2,2,135,6491,167,56,4240,82,170,113,468,14,4,42,10,22263,6,27,6,7,283,460,4,78,7,13,34,6,2,219,10163,10150,10177,9,20341,232,11,341,6,295,1,3387,5,6765,3892,0,0,5,0,37,272,1,411,0,0,4,14,6,6,257,14,1,1,1,629,27,6781,50,60,6,4,4,2,2,12,0,787,627,1,6,1279,1093,568,108,1,54,3,8,8,8,23,34,105,105,105,4,98,0,6,0,3395,3396,2,2,6,6,25,174,4,3,20,15,0,0,0,37187,3380,74375,0,0,0,0,4076,1,0,0,0,0,0,0,0,0,5,0,0,0,0,0,0,0,0,0,0,0,3,0,0,0,0,0,0,0,0,0,0,0,0,0,0,0,0,0,0,0,0,0,0,0,0,1,0,0,0,2,0,0,0,0,0,0,0,0,0,0,0,0,0,0,0,0,0,0,0,0,0,0,0,0,0,0,0,0,1,0,2,0,0,0,0,0,0,0,0,0,0,0,0,0,0,0,0,0,0,0,1,1,6760,0,0,0,0,0,0,0,0,0,0,0,0,0,0,0,0,0,0,0,0,0,0,0,0,0,0,0,0,0,0,0,0,0,0,0,0,0,0,0,0,0,0,0,0,0,0,0,0,0,0,0,0,0,0,0,0,0,0,0,0,0,0,0
08f76a452f5b51a47b2578a749a7b31c,11.0,1,114,6425,186,59,4225,57,170,140,380,12,4,45,7,15828,12,44,6,5,179,300,4,61,5,11,34,9,3,301,6972,6970,6980,9,13948,389,11,339,6,203,1,2325,5,4633,5707,0,0,3,0,37,196,1,396,0,0,4,21,9,9,390,11,1,1,1,391,19,4649,22,64,8,6,7,2,2,6,0,361,308,1,4,1566,631,447,71,3,51,1,4,4,1,18,10,114,114,105,2,69,0,3,0,2336,2330,1,1,6,6,26,166,2,1,6,5,6,6,2,25461,2315,50925,1,2,1,0,5729,1,0,0,0,0,0,0,0,0,5,0,0,0,0,0,0,0,0,0,0,0,3,0,0,0,0,0,0,0,0,0,0,0,0,0,0,0,0,0,0,0,0,0,0,0,0,1,0,0,0,2,0,0,0,0,0,0,0,0,0,0,0,0,0,0,0,0,0,0,0,0,0,0,0,0,0,0,0,0,1,0,2,0,0,0,0,0,0,0,0,0,0,0,0,0,0,0,0,0,0,0,1,1,4628,0,0,0,0,0,0,0,0,0,0,0,0,0,0,0,0,0,0,0,0,0,0,0,0,0,0,0,0,0,0,0,0,0,0,0,0,0,0,0,0,0,0,0,0,0,0,0,0,0,0,0,0,0,0,0,0,0,0,0,0,0,0,0
8a7ab3ca847262e07edef492c71587ce,6.2,0,3,29,7,1,4,0,1,0,3,1,0,1,0,47,2,2,1,1,7,6,1,2,1,2,2,2,0,0,0,1,1,1,1,0,0,4,0,0,0,0,0,0,0,0,0,1,0,0,0,0,11,1,1,6,2,0,0,0,0,0,0,0,0,0,0,0,0,0,0,0,0,0,0,0,0,0,0,0,0,0,0,0,0,0,0,0,0,0,0,0,0,0,0,0,0,0,0,0,0,0,0,0,0,0,0,0,0,0,0,0,0,0,0,0,0,0,0,0,0,0,4,0,0,0,0,0,0,0,0,0,0,0,0,0,0,0,0,0,0,0,0,0,0,0,0,0,0,0,0,0,0,0,0,0,0,0,0,0,0,0,0,0,0,0,0,0,0,0,0,0,0,0,0,0,0,0,0,0,0,0,0,0,0,0,0,0,0,0,0,0,0,0,0,0,0,0,0,0,0,0,0,0,0,0,0,0,0,0,0,0,0,0,0,0,0,0,0,0,0,0,0,0,0,0,0,0,0,0,0,0,0,0,0,0,0,0,0,0,0,0,0,0,0,0,0,0,0,0,0,0,0,0,0,0,0,0,0,0,0,0,0,0,0,0,0,0,0,0,0,0,0,0,0,0,0,0,0,0,0,0,0,0,0,0,0,0,0,0
8a52457a5661867fccd578e26bb6cf8b,5.2,0,4,12,7,1,5,2,18,64,16,0,0,1,0,31,2,3,1,1,8,5,1,2,1,2,1,2,1,2,2,1,1,1,1,0,0,0,0,0,0,0,0,0,0,0,0,1,0,0,0,0,5,1,1,6,1,0,0,0,0,0,0,0,0,0,0,0,0,0,0,0,0,0,0,0,0,0,0,0,0,0,0,0,0,0,0,0,0,0,0,0,0,0,0,0,0,0,0,0,0,0,0,0,0,0,0,0,1,0,0,0,0,0,0,0,0,0,0,0,0,0,1,0,0,0,0,0,0,0,0,0,0,0,0,0,0,0,0,0,0,0,0,0,0,0,0,0,0,0,0,0,0,0,0,0,0,0,0,0,0,0,0,0,0,0,0,0,0,0,0,0,0,0,0,0,0,0,0,0,0,0,0,0,0,0,0,0,0,0,0,0,0,0,0,0,0,0,0,0,0,0,0,0,0,0,0,0,0,0,0,0,0,0,0,0,0,0,0,0,0,0,0,0,0,0,0,0,0,0,0,0,0,0,0,0,0,0,0,0,0,0,0,0,0,0,0,0,0,0,0,0,0,0,0,0,0,0,0,0,0,0,0,0,0,0,0,0,0,0,0,0,0,0,0,0,0,0,0,0,0,0,0,0,0,0,0,0,0,0
8a7616551ce19dda50daca2479c2de76,1.4,0,0,0,1,0,1,0,0,0,0,0,1,0,0,0,0,0,0,0,0,0,0,0,0,0,0,0,0,0,0,1,0,0,0,0,1,0,0,0,0,0,0,0,0,0,0,0,0,0,0,0,0,0,0,1,0,1,1,11,0,0,0,0,0,0,0,0,0,0,0,0,0,0,0,0,0,0,0,0,0,0,0,0,0,0,0,0,0,0,0,0,0,0,0,0,0,0,0,0,0,0,0,0,0,0,0,0,0,0,0,0,0,0,0,0,0,0,0,0,0,1,0,0,0,0,0,0,0,0,0,0,0,0,0,0,0,0,0,0,0,0,0,0,0,0,0,0,0,0,0,0,0,0,0,0,0,0,0,0,0,0,0,0,0,0,0,0,0,0,0,0,0,0,0,0,0,0,0,0,0,0,0,0,0,0,0,0,0,0,0,0,0,0,0,0,0,0,0,0,0,0,0,0,0,0,0,0,0,0,0,0,0,0,0,0,0,0,0,0,0,0,0,0,0,0,0,0,0,0,0,0,0,0,0,0,0,0,0,0,0,0,0,0,0,0,0,0,0,0,0,0,0,0,0,0,0,0,0,0,0,0,0,0,0,0,0,0,0,0,0,0,0,0,0,0,0,0,0,0,0,0,0,0,0,0,0,0,0,0
8aa7586a67ee632fa95f6985e3dcbffd,6.8,12,68,453,148,2,31,358,96,58,100,8,0,2,6,7761,10,251,0,59,64,481,0,25,2,2,6,6,2,3637,17,38,47,0,32,52,0,13,5,35,0,7,0,0,28,0,0,3,0,4,30,1,0,0,0,4,23,2,2,35,7,0,0,0,674,28,0,33,0,0,28,36,0,0,7,0,627,515,0,10,1486,1079,753,152,11,60,2,6,8,4,25,23,123,136,108,3,245,0,5,0,25,2,1,4,13,13,0,259,2,2,12,10,13,16,4,2,2,4,2,2,4,2,0,0,0,1,1,0,0,0,0,0,0,0,0,0,0,0,0,0,0,0,0,0,0,0,0,0,0,0,0,0,0,0,1,0,0,0,0,0,0,0,0,0,0,0,0,0,0,0,0,0,0,0,0,0,0,0,0,0,0,0,0,0,0,0,0,0,0,0,0,0,0,0,0,0,0,0,0,0,0,0,0,0,0,0,0,0,0,0,0,0,0,0,0,0,0,0,0,8,0,0,0,0,0,0,0,0,0,0,3,0,0,0,28,0,0,0,0,0,28,0,0,0,0,0,0,0,0,0,0,0,0,0,0,0,0,0,0,0,0,0,0,0,0,0,0,0,0,0,0,0,0,0,0,0,0,0,0,0,0,0,0,0,0,0,0,0,0,0
8ab8c04cb7e1dd0dfb028cf3d8fc31d3,8.8,0,60,622,211,2,375,13,178,311,132,157,3,0,10,317,26,28,0,3,26,47,1,11,0,9,6,6,2,4,34,94,44,0,20,8,3,28,0,3,0,1,0,6,2,0,0,4,0,8,1,2,3,1,1,13,20,1,1,11,0,0,0,0,1,8,49,0,0,0,0,0,0,0,0,0,0,34,0,0,0,0,0,0,0,13,0,0,0,0,6,0,0,0,0,6,0,0,0,0,2,0,1,10,27,27,2,0,6,0,0,0,18,16,0,5,12,0,0,0,38,1,1,0,0,0,0,0,0,0,0,8,0,0,2,0,12,8,0,0,0,0,0,2,0,0,0,0,0,0,0,0,0,2,0,0,0,0,0,0,0,0,0,0,0,0,0,0,0,0,0,0,0,0,0,0,0,0,0,0,0,0,0,0,0,0,0,0,0,0,0,0,0,0,0,0,0,0,0,0,0,0,0,0,0,0,0,0,0,0,0,0,0,0,0,0,0,0,0,0,0,0,0,0,0,0,1,0,0,0,0,0,0,0,0,0,0,0,0,0,0,0,0,0,0,0,0,0,0,0,0,0,0,0,0,0,0,0,0,0,0,0,0,0,0,0,0,0,0,0,0,0,0,0,0,0,0,0,0,0,0,0,0,0,0,0,0,0,0,0
8ab9e7d0d2256f6700c6098b535bb374,1.4,0,5,233,1,0,0,0,0,0,0,0,0,0,0,0,0,0,0,0,0,0,0,0,0,0,0,0,0,0,0,0,0,0,0,0,0,2,0,0,0,0,0,0,0,0,0,0,0,0,0,0,0,0,0,0,0,0,0,0,0,0,0,0,1,0,0,0,0,0,0,0,0,0,0,0,0,0,0,0,0,0,0,0,0,0,0,0,0,0,0,0,0,0,0,0,0,0,0,0,0,0,0,0,0,0,0,0,0,0,0,0,0,0,0,0,0,0,0,0,0,0,0,0,0,0,0,0,0,0,0,0,0,0,0,0,0,0,0,0,0,0,0,0,0,0,0,0,0,0,0,0,0,0,0,0,0,0,0,0,0,0,0,0,0,0,0,0,0,0,0,0,0,0,0,0,0,0,0,0,0,0,0,0,0,0,0,0,0,0,0,0,0,0,0,0,0,0,0,0,0,0,0,0,0,0,0,0,0,0,0,0,0,0,0,0,0,0,0,0,0,0,0,0,0,0,0,0,0,0,0,0,0,0,0,0,0,0,0,0,0,0,0,0,0,0,0,0,0,0,0,0,0,0,0,0,0,0,0,0,0,0,0,0,0,0,0,0,0,0,0,0,0,0,0,0,0,0,0,0,0,0,0,0,0,0,0,0,0,0
8b4e90cc485d558ba59a61de297b1ba8,3.0,0,8,155,1,0,1,1,3,4,3,1,1,0,0,29,0,1,0,0,22,10,0,1,0,0,3,0,0,1,0,0,3,0,0,1,1,5,0,1,0,1,3,1,1,0,0,0,0,0,1,0,0,0,0,0,0,2,2,82,0,0,0,0,3574,0,0,0,0,0,0,0,0,0,0,0,0,0,0,0,0,0,0,0,0,0,0,0,0,0,0,0,0,0,0,0,0,0,0,1,0,0,0,0,1,1,0,0,0,2,0,2,1,0,0,0,0,1,0,0,0,0,1,0,0,0,0,0,0,0,0,0,0,0,0,0,0,0,0,0,0,0,0,0,1,0,0,0,0,0,0,0,0,0,0,0,0,0,0,0,0,0,0,0,0,0,0,0,0,0,0,0,0,1,0,0,0,0,0,0,0,0,0,0,0,0,0,0,0,0,0,0,0,0,0,0,0,0,0,0,0,0,0,0,0,0,0,0,0,0,0,0,0,0,0,0,0,0,0,0,0,0,0,0,0,0,0,0,0,0,0,0,0,0,0,1,0,0,0,0,0,0,0,0,0,0,0,0,0,0,0,0,0,0,0,0,0,0,0,0,0,0,0,0,0,0,0,0,0,0,0,0,0,0,0,0,0,0,0,0,0,0,0,0,0,0,0,0,0,0
8b6b0f89a45cdb72842ec9ff5b7d6e00,2.8,0,20,59,8,523,8,2,40,21,82,0,0,79,0,56,0,4,1,0,2,2,0,9,0,0,188,0,3,0,23,0,82,0,2,1,5,0,0,0,0,2,3,0,0,0,0,0,1,0,0,2,0,0,0,0,0,0,0,0,0,0,0,0,6,0,202,1,0,6,5,0,0,0,1,0,0,0,0,0,0,0,0,0,0,0,0,1,2,0,0,0,0,0,0,0,0,0,0,1,2,16,0,0,1,4,0,0,1,0,0,0,1,0,0,0,3,0,0,0,0,0,0,0,0,0,0,0,0,1,3,0,0,0,0,0,0,0,1,0,0,0,0,0,8,0,0,0,0,0,0,0,0,0,0,0,0,0,2,1,0,0,0,0,0,0,0,0,0,0,0,0,0,3,0,12,0,0,0,0,0,0,0,0,0,21,0,0,0,0,0,0,0,0,0,0,0,0,0,0,0,0,0,0,0,0,2,0,0,0,0,1,1,0,0,0,0,0,0,0,0,0,0,5,0,0,0,0,0,0,0,0,0,0,0,0,0,0,0,0,0,0,0,0,0,0,0,0,0,0,0,0,0,0,0,0,0,0,0,0,0,0,0,0,0,0,0,0,0,0,0,0,0,0,0,0,0,0,0,0,0,0,0,0,0,0,0,0,0,0
8b9ca60cf670d4203230f0383b11414c,2.2,27,33,849,21,4,25,2,24,7,8,3,0,2,4,24,1,4,0,1,7,6,0,1,0,0,1,0,0,0,0,4,1,0,0,1,2,12,0,1,0,0,0,0,0,0,0,0,1,0,0,0,0,0,0,0,0,0,0,0,0,0,0,0,0,2,4,0,0,0,0,0,0,0,0,0,0,0,0,0,0,519,19,545,0,157,0,0,0,0,0,0,4,27,2,2,47,0,0,0,0,0,0,0,2,3,0,0,0,0,0,0,2,0,0,3,0,0,0,0,0,0,0,0,0,0,0,0,0,1,2,0,0,0,0,0,0,0,1,0,0,0,0,0,0,0,0,0,0,0,0,0,0,0,0,0,0,0,0,0,0,0,0,0,0,0,0,0,0,0,0,0,0,0,0,0,0,0,0,0,0,0,0,0,0,0,0,0,0,0,0,0,0,0,0,0,0,0,0,0,0,0,0,0,1,0,0,0,0,0,0,0,0,0,0,0,0,0,0,0,0,0,0,0,0,0,0,0,0,0,0,0,0,0,0,0,0,0,0,0,0,0,0,0,0,0,0,0,0,0,0,0,0,0,0,0,0,0,0,0,0,0,0,0,0,0,0,0,0,0,0,0,0,0,0,0,0,0,0,0,0,0,0,0,0,0,0,0,0,0
8b92496a12473b89a4afe2ffb9059437,1.4,0,18,367,13,2,4,4,4,4,8,1,0,2,0,15707,1,4,1,0,23517,4033,0,1,1,1,2,2,0,0,0,1,1,1,1,0,0,2,0,0,0,0,0,0,0,0,0,0,0,0,0,0,0,0,0,3,1,0,0,0,0,0,0,0,0,0,0,0,0,0,0,0,0,0,0,0,0,0,0,0,0,0,0,0,0,0,0,0,0,0,0,0,0,0,0,0,0,0,0,0,0,0,0,0,0,0,0,0,0,0,0,0,0,0,0,0,0,0,0,0,0,0,0,0,0,0,0,0,0,0,0,0,0,0,0,0,0,0,0,0,0,0,0,0,0,0,0,0,0,0,0,0,0,0,0,0,0,0,0,0,0,0,0,0,0,0,0,0,0,0,0,0,0,0,0,0,0,0,0,0,0,0,0,0,0,0,0,0,0,0,0,0,0,0,0,0,0,0,0,0,0,0,0,0,0,0,31971,0,0,0,0,0,0,0,0,0,0,0,0,0,67768,0,0,0,0,0,0,0,0,0,0,0,0,0,0,0,0,0,0,0,0,0,0,0,0,0,0,0,0,0,0,0,0,0,0,35976,0,0,0,0,0,0,0,0,0,0,0,0,0,0,0,0,0,0,0,0,0,0,0,0,0,0,0,0,0,0,0,0,0,0
8bc6a95b1ae14235357ab87a733f4ddb,2.0,0,21,556,9,5,5,2,5,3,8,2,1,3,1,31,1,4,1,2,6,5,1,2,1,1,2,2,0,0,0,1,1,1,1,0,0,6,0,0,0,0,0,0,0,0,0,0,0,0,0,0,0,0,0,3,1,0,0,0,0,0,0,0,0,0,0,0,0,0,0,0,0,0,0,0,0,0,0,0,0,0,0,0,0,0,0,0,0,0,0,0,0,0,0,0,0,0,0,0,0,0,0,0,0,0,0,0,0,0,0,0,0,0,0,0,0,0,0,0,0,0,0,0,0,0,0,0,0,0,0,0,0,0,0,0,0,0,0,0,0,0,0,0,0,0,0,0,0,0,0,0,0,0,0,0,0,0,0,0,0,0,0,0,0,0,0,0,0,0,0,0,0,0,0,0,0,0,0,0,0,0,0,0,0,0,0,0,0,0,0,0,0,0,0,0,0,0,0,0,0,0,0,0,0,0,0,0,0,0,0,0,0,0,0,0,0,0,0,0,0,0,0,0,0,0,0,0,0,0,0,0,0,0,0,0,0,0,0,0,0,0,0,0,0,0,0,0,0,0,0,0,0,0,0,0,0,0,0,0,0,0,0,0,0,0,0,0,0,0,0,0,0,0,0,0,0,0,0,0,0,0,0,0,0,0,0,0,0,0
8bcd10d4079b451bcd03f91ccf56e32f,5.8,0,3,27,7,1,2,0,1,0,3,1,0,1,0,37,2,2,1,1,7,6,1,2,1,2,2,2,0,0,0,1,1,1,1,0,0,4,0,0,0,0,0,0,0,0,0,1,0,0,0,0,11,1,1,6,2,0,0,0,0,0,0,0,0,0,0,0,0,0,0,0,0,0,0,0,0,0,0,0,0,1,0,0,0,0,0,0,0,0,0,0,0,0,0,0,0,0,0,0,0,0,0,0,0,0,0,0,0,0,0,0,0,0,0,0,0,0,0,0,0,0,4,0,0,0,0,0,0,0,0,0,0,0,0,0,0,0,0,0,0,0,0,0,0,0,0,0,0,0,0,0,0,0,0,0,0,0,0,0,0,0,0,0,0,0,0,0,0,0,0,0,0,0,0,0,0,0,0,0,0,0,0,0,0,0,0,0,0,0,0,0,0,0,0,0,0,0,0,0,0,0,0,0,0,0,0,0,0,0,0,0,0,0,0,0,0,0,0,0,0,0,0,0,0,0,0,0,0,0,0,0,0,0,0,0,0,0,0,0,0,0,0,0,0,0,0,0,0,0,0,0,0,0,0,0,0,0,0,0,0,0,0,0,0,0,0,0,0,0,0,0,0,0,0,0,0,0,0,0,0,0,0,0,0,0,0,0,0,0
8c0afbce25372a92ec7e97aec884b55a,6.0,16,188,985,390,13,119,203,454,344,341,24,0,9,22,1048,14,18,0,7,164,479,0,62,7,8,8,22,7,21,57,127,42,0,43,114,0,12,5,42,0,23,0,2,1,0,0,7,0,11,26,0,0,0,0,6,43,1,1,11,0,0,0,0,1036,58,9,151,0,0,0,16,0,0,19,0,746,545,8,14,1286,826,666,140,7,96,6,16,16,7,46,77,159,169,105,9,105,9,18,8,71,3,2,8,38,47,0,6,8,6,41,34,45,56,12,10,7,36,5,2,12,8,0,0,0,0,0,0,0,1,12,5,0,0,1,0,3,6,0,0,0,0,0,0,0,0,0,1,0,0,0,0,0,1,1,0,0,0,0,0,0,0,0,0,0,0,0,0,0,0,0,0,0,0,0,0,0,0,0,0,0,0,0,0,0,0,0,0,0,0,0,0,0,0,0,0,0,0,0,0,0,0,0,0,0,0,1,0,0,0,0,0,0,0,0,0,0,0,0,0,0,0,0,0,0,0,1,0,0,0,0,0,0,0,0,0,0,0,0,4,0,0,0,0,0,0,0,0,0,0,0,0,0,0,0,0,0,0,0,0,0,0,0,0,0,0,0,0,0,0,0,0,0,0,0,0,0,0,0,0,0,0,0,0,0,0,0,0,0,0
8c96644bb06e33c1dd8ef0390cc919b6,1.6,0,17,412,14,7,4,2,2,1,6,2,0,3,1,29,2,2,1,1,6,5,1,2,1,1,2,2,0,0,0,1,1,1,1,0,0,4,0,0,0,0,0,0,0,0,0,0,0,0,0,0,6,0,0,3,1,0,0,0,0,0,0,0,0,0,0,0,0,0,0,0,0,0,0,0,0,0,0,0,0,0,0,0,0,0,0,0,0,0,0,0,0,0,0,0,0,0,0,0,0,0,0,0,0,0,0,0,0,0,0,0,0,0,0,0,0,0,0,0,0,0,4,0,0,0,0,0,0,0,0,0,0,0,0,0,0,0,0,0,0,0,0,0,0,0,0,0,0,0,0,0,0,0,0,0,0,0,0,0,0,0,0,0,0,0,0,0,0,0,0,0,0,0,0,0,0,0,0,0,0,0,0,0,0,0,0,0,0,0,0,0,0,0,0,0,0,0,0,0,0,0,0,0,0,0,0,0,0,0,0,0,0,0,0,0,0,0,0,0,0,0,0,0,0,0,0,0,0,0,0,0,0,0,0,0,0,0,0,0,0,0,0,0,0,0,0,0,0,0,0,0,0,0,0,0,0,0,0,0,0,0,0,0,0,0,0,0,0,0,0,0,0,0,0,0,0,0,0,0,0,0,0,0,0,0,0,0,0,0
8cb23c3fd9eea3f61edf953d00abd6a7,1.6,0,19,368,10,3,4,4,5,4,9,1,0,3,0,28,1,4,1,1,6,5,1,2,1,1,2,2,0,0,0,1,1,1,1,0,0,2,0,0,0,0,0,0,0,0,0,0,0,0,0,3212,0,0,0,3,1,0,0,0,0,0,0,0,0,0,0,0,0,0,0,0,0,0,0,0,0,0,0,0,0,0,0,0,0,0,0,0,0,0,0,0,0,0,0,0,0,0,0,0,0,0,0,0,0,0,0,0,0,0,0,0,0,0,0,0,0,0,1799,0,0,0,0,0,0,0,0,0,0,0,0,0,0,0,0,0,0,0,0,0,0,0,0,0,0,0,0,0,0,0,0,0,0,0,0,0,0,0,0,0,0,0,0,0,0,0,0,0,0,0,0,0,0,0,0,0,0,0,0,0,0,0,0,0,0,0,0,0,0,0,0,0,0,0,0,0,0,0,0,0,0,0,0,0,0,0,0,0,0,0,0,0,0,0,0,0,0,0,0,0,0,0,0,0,0,0,0,0,0,0,0,0,0,0,0,0,0,0,0,0,0,0,0,0,0,0,0,0,0,0,0,0,0,0,0,0,0,0,0,0,0,0,0,0,0,0,0,0,0,0,0,0,0,0,0,0,0,0,0,0,0,0,0,0,0,0,0,0,0,0
8ce6279e852f2721e6ca788d3c7aa186,1.6,0,8,152,16,2,17,1,0,0,0,1,0,0,1,2,0,3,0,1,0,0,0,0,0,0,0,0,0,0,0,0,1,0,0,0,4,7,0,0,0,0,0,0,0,0,0,0,0,0,0,0,0,0,0,1,0,1,1,41,0,0,0,0,0,0,0,0,0,0,0,0,0,0,0,0,0,0,0,0,0,0,0,0,0,0,0,0,0,0,0,0,0,0,0,0,0,0,0,0,0,0,0,0,0,0,0,0,1,0,0,0,0,0,0,0,0,0,0,0,0,3,0,0,0,0,0,0,0,0,0,0,0,0,0,0,0,0,0,0,0,0,0,0,0,0,0,0,0,0,0,0,0,0,0,0,0,0,0,0,0,0,0,0,0,0,0,0,0,0,0,0,0,0,0,0,0,0,0,0,0,0,0,0,0,0,0,0,0,0,0,0,0,0,0,0,0,0,0,0,0,0,0,0,0,0,0,0,0,0,0,0,0,0,0,0,0,0,0,0,0,0,0,0,0,0,0,0,0,0,0,0,0,0,0,0,0,0,0,0,0,0,0,0,0,0,0,0,0,0,0,0,0,0,0,0,0,0,0,0,0,0,0,0,0,0,0,0,0,0,0,0,0,0,0,0,0,0,0,0,0,0,0,0,0,0,0,0,0,0
8d0fa0013a265c1bffcbbf7005e6b8bd,4.2,0,1,22,7,1,2,0,1,0,3,0,0,1,0,25,2,2,1,1,6,5,1,2,1,1,2,2,0,0,0,1,1,1,1,0,0,3,0,0,0,0,0,0,0,0,0,1,0,0,0,0,0,1,0,3,1,0,0,0,0,0,0,0,0,0,0,0,0,0,0,0,0,0,0,0,0,0,0,0,0,0,0,0,0,0,0,0,0,0,0,0,0,0,0,0,0,0,0,0,0,0,0,0,0,0,0,0,3,0,0,0,0,0,0,0,0,0,0,0,0,2,0,0,0,0,0,0,0,0,0,0,0,0,0,0,0,0,0,0,0,0,2,0,0,0,0,0,0,0,0,1,0,0,0,0,0,0,0,0,0,0,0,0,0,0,0,0,0,0,0,0,0,0,0,0,0,0,0,0,0,0,0,0,0,0,0,0,0,0,0,0,0,0,0,0,0,0,0,0,0,0,0,0,0,0,0,0,0,0,0,0,0,0,1,0,0,0,0,5,0,0,0,0,0,0,0,0,0,0,0,0,0,0,0,0,0,0,0,0,0,0,0,0,0,0,0,0,0,0,0,0,0,0,0,0,0,0,0,0,0,0,0,0,0,0,0,0,0,0,0,0,0,0,0,0,0,0,0,0,0,0,0,0,0,0,0,0,0,0
8d88b6c68351cd312ce2f3858fe85263,1.2,0,17,401,16,1,9,5,0,0,1,4,1,1,3,40,1,3,1,2,8,12,1,2,1,1,2,2,0,0,0,1,1,1,1,1,0,12,0,0,0,0,0,0,0,0,0,0,0,0,0,0,6,0,0,3,1,0,0,0,0,0,0,0,0,0,0,0,0,0,0,0,0,0,0,0,0,11,0,0,0,0,0,0,0,0,0,0,0,0,0,0,0,0,0,0,0,0,0,0,0,0,0,0,0,0,0,0,0,0,0,0,0,0,0,3,0,0,0,0,0,0,4,0,0,0,0,0,0,0,0,0,0,0,0,0,0,0,0,0,0,0,0,0,0,0,0,0,0,0,0,0,0,0,0,0,0,0,0,0,0,0,0,0,0,0,0,0,0,0,0,0,0,0,0,0,0,0,0,0,0,0,0,0,0,0,0,0,0,0,0,0,0,0,0,0,0,0,0,0,0,0,0,0,0,0,0,0,0,0,0,0,0,0,0,0,0,0,0,0,0,0,0,0,0,0,0,0,0,0,0,0,0,0,0,0,0,0,0,0,0,0,0,0,0,0,0,0,0,0,0,0,0,0,0,0,0,0,0,0,0,0,0,0,0,0,0,0,0,0,0,0,0,0,0,0,0,0,0,0,0,0,0,0,0,0,0,0,0,0
8d6224ed6b1a7739ea90f687719adb24,1.6,0,22,2635,15,5,2193,4,23,67,21,2,1,3,1,35,2,2,1,1,8,5,1,2,1,1,1,2,1,2,2,1,4,1,1,0,0,0,0,0,0,0,0,0,0,0,0,0,0,0,0,0,0,0,0,3,1,0,0,0,0,0,0,0,0,0,0,0,0,0,0,0,0,0,0,0,0,0,0,0,0,0,0,0,0,0,0,0,0,0,0,0,0,0,0,0,0,0,0,0,0,0,0,0,0,0,0,0,0,0,0,0,0,0,0,0,0,0,0,0,0,0,0,0,0,0,0,0,0,0,0,0,0,0,0,0,0,0,0,0,0,0,0,0,0,0,0,0,0,0,0,0,0,0,0,0,0,0,0,0,0,0,0,0,0,0,0,0,0,0,0,0,0,0,0,0,0,0,0,0,0,0,0,0,0,0,0,0,0,0,0,0,0,0,0,0,0,0,0,0,0,0,0,0,0,0,0,0,0,0,0,0,0,0,0,0,0,0,0,0,0,0,0,0,0,0,0,0,0,0,0,0,0,0,0,0,0,0,0,0,0,0,0,0,0,0,0,0,0,0,0,0,0,0,0,0,0,0,0,0,0,0,0,0,0,0,0,0,0,0,0,0,0,0,0,0,0,0,0,0,0,0,0,0,0,0,0,0,0,0
8da240f8b9ae8f85913d31027afa5b2c,1.4,0,0,0,1,0,1,0,0,0,0,0,1,0,0,0,0,0,0,0,0,0,0,0,0,0,0,0,0,0,0,1,0,0,0,0,1,0,0,0,0,0,0,0,0,0,0,0,0,0,0,0,0,0,0,1,0,1,1,11,0,0,0,0,0,0,0,0,0,0,0,0,0,0,0,0,0,0,0,0,0,0,0,0,0,0,0,0,0,0,0,0,0,0,0,0,0,0,0,0,0,0,0,0,0,0,0,0,0,0,0,0,0,0,0,0,0,0,0,0,0,1,0,0,0,0,0,0,0,0,0,0,0,0,0,0,0,0,0,0,0,0,0,0,0,0,0,0,0,0,0,0,0,0,0,0,0,0,0,0,0,0,0,0,0,0,0,0,0,0,0,0,0,0,0,0,0,0,0,0,0,0,0,0,0,0,0,0,0,0,0,0,0,0,0,0,0,0,0,0,0,0,0,0,0,0,0,0,0,0,0,0,0,0,0,0,0,0,0,0,0,0,0,0,0,0,0,0,0,0,0,0,0,0,0,0,0,0,0,0,0,0,0,0,0,0,0,0,0,0,0,0,0,0,0,0,0,0,0,0,0,0,0,0,0,0,0,0,0,0,0,0,0,0,0,0,0,0,0,0,0,0,0,0,0,0,0,0,0,0
8db08fa792f4e96e45626e3e0b2b1f4d,1.6,0,19,360,20,3,2,4,5,4,9,1,0,3,0,28,1,4,1,1,6,5,1,2,1,1,2,2,0,0,0,1,1,1,1,0,0,2,0,0,0,0,0,0,0,0,0,0,0,0,0,0,0,0,0,3,1,0,0,0,0,0,0,0,0,0,0,0,0,0,0,0,0,0,0,0,0,0,0,0,0,0,0,0,0,0,0,0,0,0,0,0,0,0,0,0,0,0,0,0,0,0,0,0,0,0,0,0,0,0,0,0,0,0,0,0,0,0,0,0,0,0,0,0,0,0,0,0,0,0,0,0,0,0,0,0,0,0,0,0,0,0,0,0,0,0,0,0,0,0,0,0,0,0,0,0,0,0,0,0,0,0,0,0,0,0,0,0,0,0,0,0,0,0,0,0,0,0,0,0,0,0,0,0,0,0,0,0,0,0,0,0,0,0,0,0,0,0,0,0,0,0,0,0,0,0,0,0,0,0,0,0,0,0,0,0,0,0,0,0,0,0,0,0,0,0,0,0,0,0,0,0,0,0,0,0,0,0,0,0,0,0,0,0,0,0,0,0,0,0,0,0,0,0,0,0,0,0,0,0,0,0,0,0,0,0,0,0,0,0,0,0,0,0,0,0,0,0,0,0,0,0,0,0,0,0,0,0,0,0
8dc37ae8d68882b850639f53d86549e3,11.4,2,121,1074,93,12,50,66,235,207,220,8,2,8,7,26430,3,51,4,6,211,366,4,72,6,14,19,9,5,192,12506,12505,12520,9,25027,195,10,236,1,28,1,4170,5,8335,2259,4,3,6,0,27,26,1,312,2,2,8,15,5,5,224,14,2,2,3,458,21,8344,22,0,0,0,0,0,0,6,0,503,401,1,3,839,644,403,88,0,5,2,6,6,9,19,22,90,92,92,2,59,0,4,0,4170,4173,1,2,7,7,16,130,5,2,16,10,6,8,0,45812,4164,91623,0,0,0,0,2353,0,0,0,1,0,2,0,0,0,3,0,0,0,0,0,0,0,0,0,0,0,0,0,0,0,0,0,0,0,0,0,0,0,0,0,0,0,0,0,0,0,0,0,0,0,0,1,0,0,0,0,0,0,0,0,0,0,0,0,0,0,0,0,0,0,0,0,0,0,0,0,0,0,0,0,0,0,0,0,0,0,1,0,0,0,0,0,0,0,0,0,0,0,0,0,0,0,0,0,0,0,1,1,8330,0,0,0,0,0,0,0,0,0,0,0,0,0,0,0,0,0,0,0,0,0,0,0,0,0,0,0,0,0,0,0,0,0,0,0,0,0,0,0,0,0,0,0,0,0,0,0,0,0,0,0,0,0,0,0,0,0,0,0,0,0,0,0
8dcadb95a9f7e0b2448f65ebc1978a10,1.6,0,17,2519,12,7,2093,2,5,3,8,2,1,3,1,27,2,2,1,1,6,5,1,2,1,1,2,2,1,0,0,1,2,1,1,0,0,0,0,0,0,0,0,0,0,0,0,0,0,0,0,0,0,0,0,3,1,0,0,0,0,0,0,0,0,0,0,0,0,0,0,0,0,0,0,0,0,0,0,0,0,0,0,0,0,0,0,0,0,0,0,0,0,0,0,0,0,0,0,0,0,0,0,0,0,0,0,0,0,0,0,0,0,0,0,0,0,0,0,0,0,0,0,0,0,0,0,0,0,0,0,0,0,0,0,0,0,0,0,0,0,0,0,0,0,0,0,0,0,0,0,0,0,0,0,0,0,0,0,0,0,0,0,0,0,0,0,0,0,0,0,0,0,0,0,0,0,0,0,0,0,0,0,0,0,0,0,0,0,0,0,0,0,0,0,0,0,0,0,0,0,0,0,0,0,0,0,0,0,0,0,0,0,0,0,0,0,0,0,0,0,0,0,0,0,0,0,0,0,0,0,0,0,0,0,0,0,0,0,0,0,0,0,0,0,0,0,0,0,0,0,0,0,0,0,0,0,0,0,0,0,0,0,0,0,0,0,0,0,0,0,0,0,0,0,0,0,0,0,0,0,0,0,0,0,0,0,0,0,0
8dcb451d288099a18ea60fadb930e502,6.4,4,53,482,136,10,81,3,57,114,482,5,0,15,1,325,0,17,6,0,9,3,0,11,1,1,3,0,0,2,1,2,14,0,503,1,2,44,1,0,0,7,0,33,506,0,0,0,0,5,0,0,0,0,0,0,6,252,252,10163,0,0,0,0,125,3,6,2,0,0,1,2,2,0,0,0,0,0,0,5,3,50,0,0,0,0,0,0,0,0,0,0,0,2,0,2,0,0,0,0,7,2,0,0,1,2,0,0,1,0,0,0,3,0,0,0,1,3,2,0,0,1,5,0,0,2,0,0,0,1,1,0,0,0,0,0,0,2,0,0,0,0,0,0,0,0,0,0,0,0,0,0,0,0,0,0,0,0,631,421,0,0,0,0,672,672,0,0,0,0,0,0,0,0,0,0,0,0,0,0,0,0,0,0,0,0,0,0,0,0,0,0,0,0,0,0,0,0,0,0,0,0,0,0,1,0,0,0,2,2,0,0,0,0,0,0,0,0,0,0,0,80,0,0,0,0,0,0,0,0,0,0,0,0,0,0,0,0,0,0,0,0,0,0,0,0,0,0,0,0,0,0,0,0,0,0,0,0,0,0,0,0,0,0,0,0,0,0,0,0,0,0,0,0,0,0,0,0,0,0,0,0,0,0,0,0,0,0,0,0
8dddb9ea31379afbb8924059c3384b8d,6.4,12,91,701,186,7,63,94,379,280,273,9,0,5,9,521,13,18,0,3,73,232,0,27,3,4,8,10,3,18,29,55,20,0,14,46,0,9,5,34,0,11,1,2,1,0,0,3,0,4,18,0,0,0,0,8,21,1,1,11,0,0,0,0,628,33,9,36,0,0,0,6,0,0,7,0,407,293,8,10,1353,874,778,145,7,82,2,6,6,5,29,23,123,133,105,5,95,2,4,1,30,3,2,4,17,26,0,2,4,2,14,10,21,24,4,6,2,4,2,0,12,4,0,0,0,0,0,0,0,1,12,5,0,0,1,0,3,6,0,0,0,0,0,0,0,0,0,0,0,0,0,0,0,1,1,0,0,0,0,0,0,0,0,0,0,0,0,0,0,0,0,0,0,0,0,0,0,0,0,0,0,0,0,0,0,0,0,0,0,0,0,0,0,0,0,0,0,0,0,0,0,0,0,0,0,0,1,0,0,0,0,0,0,0,0,0,0,0,0,0,0,0,0,0,0,0,1,0,0,0,0,0,0,0,0,0,0,0,0,4,0,0,0,0,0,0,0,0,0,0,0,0,0,0,0,0,0,0,0,0,0,0,0,0,0,0,0,0,0,0,0,0,0,0,0,0,0,0,0,0,0,0,0,0,0,0,0,0,0,0
8e23e0f52dbf2876ad3dd73674aa293f,1.6,34,23,2639,13,6,2293,4,22,67,21,3,1,3,1,33,1,2,1,1,8,5,1,2,1,1,1,2,1,2,2,1,1,1,1,0,0,0,0,0,0,0,0,0,0,0,0,0,0,0,0,0,0,0,0,3,1,0,0,0,0,0,0,0,0,0,0,0,0,0,0,0,0,0,0,0,0,0,0,0,0,0,0,0,0,0,0,0,0,0,0,0,0,0,0,0,0,0,0,0,0,0,0,0,0,0,0,0,0,0,0,0,0,0,0,0,0,0,0,0,0,0,0,0,0,0,0,0,0,0,0,0,0,0,0,0,0,0,0,0,0,0,0,0,0,0,0,0,0,0,0,0,0,0,0,0,0,0,0,0,0,0,0,0,0,0,0,0,0,0,0,0,0,0,0,0,0,0,0,0,0,0,0,0,0,0,0,0,0,0,0,0,0,0,0,0,0,0,0,0,0,0,0,0,0,0,0,0,0,0,0,0,0,0,0,0,0,0,0,0,0,0,0,0,0,0,0,0,0,0,0,0,0,0,0,0,0,0,0,0,0,0,0,0,0,0,0,0,0,0,0,0,0,0,0,0,0,0,0,0,0,0,0,0,0,0,0,0,0,0,0,0,0,0,0,0,0,0,0,0,0,0,0,0,0,0,0,0,0,0
8e26d3eb4b3a26c665b93dff5acefa85,1.6,1,5,194,1,0,0,0,0,0,0,0,0,0,0,0,0,0,0,0,0,0,0,0,0,0,0,0,0,0,0,0,0,0,0,0,0,2,0,0,0,0,0,0,0,0,0,0,0,0,0,0,0,0,0,0,0,0,0,0,0,0,0,0,0,0,0,0,0,0,0,0,0,0,0,0,0,0,0,0,0,0,0,0,0,0,0,0,0,0,0,0,0,0,0,0,0,0,0,0,0,0,0,0,0,0,0,0,0,0,0,0,0,0,0,0,0,0,0,0,0,4,0,0,0,0,0,0,0,0,0,0,0,0,0,0,0,0,0,0,0,0,0,0,0,0,0,0,0,0,0,0,0,0,0,0,0,0,0,0,0,0,0,0,0,0,0,0,0,0,0,0,0,0,0,0,0,0,0,0,0,0,0,0,0,0,0,0,0,0,0,0,0,0,0,0,0,0,0,0,0,0,0,0,0,0,0,0,0,0,0,0,0,0,0,0,0,0,0,0,0,0,0,0,0,0,0,0,0,0,0,0,0,0,0,0,0,0,0,0,0,0,0,0,0,0,0,0,0,0,0,0,0,0,0,0,0,0,0,0,0,0,0,0,0,0,0,0,0,0,0,0,0,0,0,0,0,0,0,0,0,0,0,0,0,0,0,0,0,0
5debe91e20fe06cd62a42a89a7464e77,7.8,10,9,298,449,14,293,14,2,1,22,1,1,12,2,183,1,6,0,0,5,19,0,1,0,0,0,0,1,3,14,2,11,0,0,7,0,12,2,1,0,4,4,2,13,0,0,5,0,0,0,2,393,0,0,9,17,0,0,0,111,0,0,0,462,0,1,0,0,0,0,0,0,0,0,0,20,20,0,6,1337,726,661,128,5,7,0,0,0,1,3,1,0,25,19,0,95,0,0,0,16,5,1,2,3,3,1,0,1,0,0,0,7,0,0,3,0,0,2,0,0,0,0,0,0,0,0,0,36,0,0,0,0,0,0,0,0,0,0,0,0,0,0,0,0,0,0,0,0,2,1,0,3,0,0,0,0,0,6,6,0,0,0,0,0,0,0,0,0,0,0,0,0,2,0,0,0,0,0,0,0,0,0,0,0,0,4,0,0,0,0,0,0,0,0,0,0,0,0,0,0,0,0,0,0,0,1,1,0,0,0,0,0,1,0,1,0,0,0,0,0,0,0,0,0,0,0,0,0,0,0,0,0,0,0,0,0,0,0,0,0,0,0,0,0,0,0,0,0,0,0,1,0,0,0,0,0,0,0,0,0,0,0,0,0,0,0,0,0,0,0,0,0,0,0,0,0,0,0,0,0,0,0,0,0,0,0,0,0,0
8e246a578f7aa508436f2256187e006c,6.6,4,53,482,135,10,81,3,57,114,482,5,0,15,1,323,0,17,6,0,9,3,0,10,1,1,3,0,0,2,1,2,14,0,503,1,2,44,1,0,0,7,0,33,506,0,0,0,0,5,0,0,0,0,0,0,6,252,252,10045,0,0,0,0,125,3,6,2,0,0,1,2,2,0,0,0,0,0,0,5,3,50,0,0,0,0,0,0,0,0,0,0,0,2,0,2,0,0,0,0,7,2,0,0,1,2,1,0,1,0,0,0,3,0,0,0,1,3,2,0,0,1,5,0,0,2,0,0,0,1,1,0,0,0,0,0,0,2,0,0,0,0,0,0,0,0,0,0,0,0,0,0,0,0,0,0,0,0,631,421,0,0,0,0,672,672,0,0,0,0,0,0,0,0,0,0,0,0,0,0,0,0,0,0,0,0,0,0,0,0,0,0,0,0,0,0,0,0,0,0,0,0,0,0,1,0,0,0,2,2,0,0,0,0,0,0,0,0,0,0,0,80,0,0,0,0,0,0,0,0,0,0,0,0,0,0,0,0,0,0,0,0,0,0,0,0,0,0,0,0,0,0,0,0,0,0,0,0,0,0,0,0,0,0,0,0,0,0,0,0,0,0,0,0,0,0,0,0,0,0,0,0,0,0,0,0,0,0,0,0
8e71249dd14a6443170240d20c5e5abc,1.4,0,22,672,11,5,3,2,5,3,8,2,1,3,1,97,1,5,1,3,6,5,1,2,1,1,2,2,0,0,0,1,1,1,1,0,0,5,0,0,0,0,0,0,0,0,0,0,0,0,0,0,0,0,0,3,1,0,0,0,0,0,0,0,1,0,0,0,0,0,0,0,0,0,0,0,0,0,0,0,0,1,0,0,0,0,0,0,0,0,0,0,0,0,0,0,0,0,0,0,0,0,0,0,0,0,0,0,0,0,0,0,0,0,0,0,0,0,0,0,0,0,0,0,0,0,0,0,0,0,0,0,0,0,0,0,0,0,0,0,0,0,0,0,0,0,0,0,0,0,0,0,0,0,0,0,0,0,0,0,0,0,0,0,0,0,0,0,0,0,0,0,0,0,0,0,0,0,0,0,0,0,0,0,0,0,0,0,0,0,0,0,0,0,0,0,0,0,0,0,0,0,0,0,0,0,0,0,0,0,0,0,0,0,0,0,0,0,0,0,0,0,0,0,0,0,0,0,0,0,0,0,0,0,0,0,0,0,0,0,0,0,0,0,0,0,0,0,0,0,0,0,0,0,0,0,0,0,0,0,0,0,0,0,0,0,0,0,0,0,0,0,0,0,0,0,0,0,0,0,0,0,0,0,0,0,0,0,0,0
8ee91adcde1e6923fd0ef2fbbf792551,5.6,0,19,173,22,26,78,5,21,36,81,1,0,41,0,289,6,12,1,1,16,13,1,10,2,4,3,3,0,0,54,6,22,0,0,1,4,10,1,0,0,6,0,2,23,0,0,7,1,0,0,2,0,0,0,15,11,0,0,0,0,0,0,0,2,0,14,0,0,5,0,0,0,0,0,0,0,0,0,0,0,2,0,0,0,0,0,0,0,0,0,0,1,14,17,0,0,0,0,0,21,2,2,4,5,8,0,0,2,0,0,0,5,8,0,3,3,0,8,0,0,0,0,0,0,0,0,0,32,0,3,0,0,0,2,0,0,0,1,0,0,0,0,0,0,0,0,0,0,1,0,0,31,2,0,0,0,0,4,2,0,0,0,0,4,4,0,0,0,0,0,0,0,7,0,0,0,0,2,0,0,0,0,0,0,5,11,0,0,0,0,0,0,0,0,0,0,0,0,2,0,0,0,0,0,0,1,0,0,0,0,2,0,0,0,3,0,0,0,0,0,0,0,5,0,0,0,0,0,0,0,0,0,0,0,0,0,0,0,5,0,0,0,0,0,0,0,0,0,0,0,0,0,0,0,2,0,0,0,0,0,0,0,0,0,0,0,0,0,0,0,0,0,0,15,0,0,0,0,0,0,0,0,0,0,0,0,0,0,0
8f1b839753cafa1bd40fcbff12463ee3,6.6,12,209,1287,234,391,121,91,2157,2102,1737,6,0,180,23,1188,47,145,5,2,319,237,0,30,3,4,4,8,3,21,130,176,154,0,70,15,2,16,2,22,0,10,2,3,1,0,0,32,0,4,23,4,0,0,0,95,79,0,0,0,0,1,0,0,70,13,224,39,8,2,2,6,2,2,1,0,0,0,16,0,15,33,0,0,0,304,0,5,5,0,24,53,0,2,0,4,4,280,0,2,12,132,15,26,88,102,2,0,31,0,0,0,56,16,0,21,0,7,0,0,28,2,0,0,0,0,0,0,0,15,28,10,1,0,16,0,39,85,0,0,0,1,0,0,0,0,0,0,0,0,0,0,86,0,0,0,0,0,0,0,0,0,0,0,0,0,0,0,0,0,0,0,0,1,0,0,0,0,0,0,0,0,0,0,0,168,2,0,0,0,0,0,0,0,0,0,0,0,0,0,0,0,1,0,0,164,2,0,0,2,0,0,0,0,0,0,0,2,0,0,0,0,0,2,0,0,17,0,0,0,0,0,0,3,0,0,0,0,0,0,0,0,0,0,0,0,0,0,0,0,0,0,0,0,0,0,0,0,0,0,0,0,0,0,0,0,0,0,0,0,0,0,0,1,0,0,0,0,0,0,0,0,0,0,0,0,0,0,0,0
8f245b47689d8546c1fb868de5fc6982,1.6,0,19,368,10,3,4,4,5,4,9,1,0,3,0,28,1,4,1,1,6,5,1,2,1,1,2,2,0,0,0,1,1,1,1,0,0,2,0,0,0,0,0,0,0,0,0,0,0,0,0,3212,0,0,0,3,1,0,0,0,0,0,0,0,0,0,0,0,0,0,0,0,0,0,0,0,0,0,0,0,0,0,0,0,0,0,0,0,0,0,0,0,0,0,0,0,0,0,0,0,0,0,0,0,0,0,0,0,0,0,0,0,0,0,0,0,0,0,1799,0,0,0,0,0,0,0,0,0,0,0,0,0,0,0,0,0,0,0,0,0,0,0,0,0,0,0,0,0,0,0,0,0,0,0,0,0,0,0,0,0,0,0,0,0,0,0,0,0,0,0,0,0,0,0,0,0,0,0,0,0,0,0,0,0,0,0,0,0,0,0,0,0,0,0,0,0,0,0,0,0,0,0,0,0,0,0,0,0,0,0,0,0,0,0,0,0,0,0,0,0,0,0,0,0,0,0,0,0,0,0,0,0,0,0,0,0,0,0,0,0,0,0,0,0,0,0,0,0,0,0,0,0,0,0,0,0,0,0,0,0,0,0,0,0,0,0,0,0,0,0,0,0,0,0,0,0,0,0,0,0,0,0,0,0,0,0,0,0,0,0
8fcff4afe797a8494989f9dc01c4e2b4,1.4,0,1,5,5,0,1282,0,0,0,0,0,0,0,0,21,0,4,0,0,3,3,0,0,0,0,0,0,0,0,0,0,1,0,0,0,0,4,0,0,0,0,0,0,0,0,0,0,0,0,0,0,0,0,0,3,1,0,0,0,0,0,0,0,0,0,0,0,0,0,0,0,0,0,0,0,0,0,0,0,0,0,0,0,0,0,0,0,0,0,0,0,0,0,0,0,0,0,0,0,0,0,0,0,1,1,0,0,0,0,0,0,1,0,0,0,0,0,0,0,0,0,0,0,0,0,0,0,0,0,0,0,0,0,0,0,0,0,0,0,0,0,0,0,0,0,0,0,0,0,0,0,0,0,0,0,0,0,0,0,0,0,0,0,0,0,0,0,0,0,0,0,0,0,0,0,0,0,0,0,0,0,0,0,0,0,0,0,0,0,0,0,0,0,0,0,0,0,0,0,0,0,0,0,0,0,0,0,0,0,0,0,0,0,0,0,0,0,0,0,0,0,0,0,0,0,0,0,0,0,0,0,0,0,0,0,0,0,0,0,0,0,0,0,0,0,0,0,0,0,0,0,0,0,0,0,0,0,0,0,0,0,0,0,0,0,0,0,0,0,0,0,0,0,0,0,0,0,0,0,0,0,0,0,0,0,0,0,0,0
8fe197eeef5a7345efe53999b8d83cf5,2.0,0,21,492,11,5,4,2,5,3,8,3,1,3,1,29,1,4,1,2,6,5,1,2,1,1,2,2,0,0,0,1,1,1,1,0,0,11,0,0,0,0,0,0,0,0,0,0,0,0,0,0,6,0,0,3,1,0,0,0,0,0,0,0,0,0,0,0,0,0,0,0,0,0,0,0,0,0,0,0,0,0,0,0,0,0,0,0,0,0,0,0,0,0,0,0,0,0,0,0,0,0,0,0,0,0,0,0,0,0,0,0,0,0,0,0,0,0,0,0,0,0,4,0,0,0,0,0,0,0,0,0,0,0,0,0,0,0,0,0,0,0,0,0,0,0,0,0,0,0,0,0,0,0,0,0,0,0,0,0,0,0,0,0,0,0,0,0,0,0,0,0,0,0,0,0,0,0,0,0,0,0,0,0,0,0,0,0,0,0,0,0,0,0,0,0,0,0,0,0,0,0,0,0,0,0,0,0,0,0,0,0,0,0,0,0,0,0,0,0,0,0,0,0,0,0,0,0,0,0,0,0,0,0,0,0,0,0,0,0,0,0,0,0,0,0,0,0,0,0,0,0,0,0,0,0,0,0,0,0,0,0,0,0,0,0,0,0,0,0,0,0,0,0,0,0,0,0,0,0,0,0,0,0,0,0,0,0,0,0
09b9c0f74e399877369a2738e02bb79c,3.4,0,9,171,1,2,0,2,1,3,4,0,0,2,0,31,0,0,0,0,22,10,0,1,0,0,3,0,0,1,0,1,3,0,0,1,1,5,0,1,0,1,3,1,1,0,0,0,0,0,1,0,0,0,0,0,0,2,2,80,0,0,0,0,3622,0,0,0,0,0,0,0,0,0,0,0,0,0,0,0,0,0,0,0,0,0,0,0,0,0,0,0,0,0,0,0,0,0,0,0,0,0,0,0,1,1,0,0,0,2,0,2,1,0,0,0,0,1,0,0,0,0,1,0,0,0,0,0,0,0,0,0,0,0,0,0,0,0,0,0,0,0,0,0,1,0,0,0,0,0,0,0,0,0,0,0,0,0,0,0,0,0,0,0,0,0,0,0,0,0,0,0,0,1,0,0,0,0,0,0,0,0,0,0,0,0,0,0,0,0,0,0,0,0,0,0,0,0,0,0,0,0,0,0,0,0,0,0,0,0,0,0,0,0,0,0,0,0,0,0,0,0,0,0,0,0,0,0,0,0,0,0,0,0,0,1,0,0,0,0,0,0,0,0,0,0,0,0,0,0,0,0,0,0,0,0,0,0,0,0,0,0,0,0,0,0,0,0,0,0,0,0,0,0,0,0,0,0,0,0,0,0,0,0,0,0,0,0,0,0
09c571b20fcb7a716a2093f33cf70560,3.8,0,96,726,19,118,28,6,240,157,424,0,2,348,0,493,4,9,2,0,19,7,0,12,2,3,6,0,0,0,46,8,16,0,4,7,16,4,0,17,0,0,6,0,3,0,0,1,0,2,4,0,0,0,0,3,17,0,0,0,0,0,0,0,6,4,20,8,0,0,0,36,0,0,2,0,4,0,0,0,0,0,0,0,0,0,0,0,0,0,0,0,0,0,0,4,0,0,0,0,306,0,4,0,2,8,0,0,0,0,0,0,6,0,0,0,7,5,0,0,2,0,20,0,0,0,0,0,0,1,10,0,0,0,0,0,4,0,0,0,0,0,0,0,0,0,0,0,0,0,0,0,0,0,0,0,0,0,25,41,0,0,0,0,6,6,2,0,0,0,0,0,0,6,0,0,0,8,0,0,4,0,0,0,0,16,0,0,0,2,0,0,0,0,0,0,0,0,0,0,0,0,0,0,0,0,4,6,0,0,0,0,0,0,0,0,0,0,0,0,0,0,0,0,0,0,0,0,0,0,0,0,0,0,0,0,0,0,5,0,0,0,0,0,0,0,0,0,0,0,0,0,0,0,0,0,0,0,0,0,0,0,0,0,0,0,0,0,0,0,0,0,0,0,0,0,0,0,0,0,0,0,0,0,0,0,0,0,0,0
09d9fe154b44ed261ac8958bee75731a,10.4,2,141,6503,184,64,4241,103,206,113,447,15,4,50,12,19816,7,65,6,7,276,531,4,85,8,14,34,12,4,213,8930,8917,8941,9,17885,246,11,341,6,235,1,2976,5,5943,6026,0,0,6,0,35,209,1,411,0,0,4,22,6,6,262,14,1,1,1,561,28,5958,112,76,9,6,6,3,3,12,1,767,621,1,7,1151,1030,376,67,1,57,4,11,11,5,25,42,105,105,105,4,108,6,9,5,2983,2984,2,2,7,7,23,150,5,3,20,15,12,16,0,32654,2969,65335,0,0,0,0,6069,1,0,0,0,0,0,0,0,0,5,0,0,0,0,0,0,0,0,0,0,0,3,0,0,1,0,0,0,0,0,0,0,0,0,0,0,0,0,0,0,0,0,0,0,0,0,1,0,0,0,2,0,0,0,0,0,0,0,0,0,0,0,0,0,0,0,0,0,0,0,0,0,0,0,0,0,0,0,0,1,0,2,0,0,0,0,0,0,0,0,0,0,0,0,0,0,0,0,0,0,0,1,1,5936,0,0,0,0,0,0,0,0,0,0,0,0,0,0,0,0,0,0,0,0,0,0,0,0,0,0,0,0,0,0,0,0,0,0,0,0,0,0,0,0,0,0,0,0,0,0,0,0,0,0,0,0,0,0,0,0,0,0,0,0,0,0,0
09e23491edae6e78bf7eddd644172bbf,1.4,0,22,672,11,5,3,2,5,3,8,2,1,3,1,97,1,5,1,3,6,5,1,2,1,1,2,2,0,0,0,1,1,1,1,0,0,5,0,0,0,0,0,0,0,0,0,0,0,0,0,0,0,0,0,3,1,0,0,0,0,0,0,0,1,0,0,0,0,0,0,0,0,0,0,0,0,0,0,0,0,1,0,0,0,0,0,0,0,0,0,0,0,0,0,0,0,0,0,0,0,0,0,0,0,0,0,0,0,0,0,0,0,0,0,0,0,0,0,0,0,0,0,0,0,0,0,0,0,0,0,0,0,0,0,0,0,0,0,0,0,0,0,0,0,0,0,0,0,0,0,0,0,0,0,0,0,0,0,0,0,0,0,0,0,0,0,0,0,0,0,0,0,0,0,0,0,0,0,0,0,0,0,0,0,0,0,0,0,0,0,0,0,0,0,0,0,0,0,0,0,0,0,0,0,0,0,0,0,0,0,0,0,0,0,0,0,0,0,0,0,0,0,0,0,0,0,0,0,0,0,0,0,0,0,0,0,0,0,0,0,0,0,0,0,0,0,0,0,0,0,0,0,0,0,0,0,0,0,0,0,0,0,0,0,0,0,0,0,0,0,0,0,0,0,0,0,0,0,0,0,0,0,0,0,0,0,0,0,0
09fd30e98bcaa2c98ff4f14dbad9db82,5.2,6,13,64,30,1,1,2,16,10,15,0,0,0,1,36,2,2,0,0,5,6,0,4,0,1,1,3,1,0,0,0,2,0,0,2,0,1,0,0,0,0,0,0,0,0,0,3,0,0,0,0,6,1,1,3,2,0,0,0,0,0,1,1,1,1,0,0,0,0,0,0,0,0,0,0,2,2,0,0,0,36,0,0,0,95,0,0,0,0,0,0,0,663,657,1,5,0,0,0,0,0,0,0,2,3,0,0,1,0,0,0,7,8,0,6,0,0,0,0,0,0,0,0,0,0,0,0,657,0,1,0,0,0,1,0,0,0,0,0,0,0,0,0,0,0,0,0,0,0,0,0,0,0,0,0,0,0,0,0,0,0,0,0,0,0,0,0,0,0,0,0,0,0,1,0,0,0,0,0,0,0,0,0,0,0,0,0,0,0,0,0,0,0,0,0,0,0,0,0,0,1,0,0,0,0,0,0,0,0,0,0,0,0,0,0,0,0,0,0,0,0,0,0,0,0,0,0,0,0,0,0,0,0,0,0,0,0,0,0,0,0,0,0,0,0,0,0,0,0,0,0,0,0,0,0,0,0,0,0,0,0,0,0,0,0,0,0,0,0,0,0,0,0,0,0,0,0,0,0,0,0,0,0,0,0,0,0,0,0
9a0c137e7a43c53aa7e7586fdcb6f966,1.4,0,15,357,10,5,216,2,5,3,8,2,1,3,1,32,1,4,1,2,6,5,1,2,1,1,2,2,0,0,0,1,2,1,1,0,0,4,0,0,0,0,0,0,0,0,0,0,0,0,0,0,0,0,0,3,1,0,0,0,0,0,0,0,0,0,0,0,0,0,0,0,0,0,0,0,0,0,0,0,0,0,0,0,0,0,0,0,0,0,0,0,0,0,0,0,0,0,0,0,0,0,0,0,0,0,0,0,0,0,0,0,0,0,0,0,0,0,0,0,0,0,0,0,0,0,0,0,0,0,0,0,0,0,0,0,0,0,0,0,0,0,0,0,0,0,0,0,0,0,0,0,0,0,0,0,0,0,0,0,0,0,0,0,0,0,0,0,0,0,0,0,0,0,0,0,0,0,0,0,0,0,0,0,0,0,0,0,0,0,0,0,0,0,0,0,0,0,0,0,0,0,0,0,0,0,0,0,0,0,0,0,0,0,0,0,0,0,0,0,0,0,0,0,0,0,0,0,0,0,0,0,0,0,0,0,0,0,0,0,0,0,0,0,0,0,0,0,0,0,0,0,0,0,0,0,0,0,0,0,0,0,0,0,0,0,0,0,0,0,0,0,0,0,0,0,0,0,0,0,0,0,0,0,0,0,0,0,0,0
9a3bdff8d3d27b2f723e961be7fb7c30,3.8,2,24,949,44,530,792,3,44,24,87,2,1,81,0,58,1,76,1,0,2,2,0,9,0,0,188,0,3,0,23,0,82,0,2,1,5,0,0,0,0,2,3,0,0,0,0,0,1,0,0,2,0,0,0,0,0,0,0,0,0,0,0,0,6,0,202,1,0,6,5,0,0,0,1,0,0,0,0,0,0,0,0,0,0,0,0,1,2,0,0,0,0,0,0,0,0,0,0,1,2,16,0,0,1,4,0,0,1,0,0,0,1,0,0,0,3,0,0,0,0,0,0,0,0,0,0,0,0,1,3,0,0,0,0,0,0,0,1,0,0,0,0,0,8,0,0,0,0,0,0,0,0,0,0,0,0,0,2,1,0,0,0,0,0,0,0,0,0,0,0,0,0,3,0,12,0,0,0,0,0,0,0,0,0,21,0,0,0,0,0,0,0,0,0,0,0,0,0,0,0,0,0,0,0,0,2,0,0,0,0,1,1,0,0,0,0,0,0,0,0,0,0,5,0,0,0,0,0,0,0,0,0,0,0,0,0,0,0,0,0,0,0,0,0,0,0,0,0,0,0,0,0,0,0,0,0,0,0,0,0,0,0,0,0,0,0,0,0,0,0,0,0,0,0,0,0,0,0,0,0,0,0,0,0,0,0,0,0,0
9a5cb2e862628dd50ca8d4130d8b75fc,2.4,0,22,446,14,5,9,4,23,68,22,2,1,3,3,54,1,3,1,2,31,16,1,2,1,1,1,2,1,2,2,1,1,1,1,0,0,10,0,0,0,0,0,0,0,0,0,0,0,0,0,13232,0,0,0,3,1,0,0,0,0,0,0,0,0,0,0,0,0,0,0,0,0,0,0,0,0,0,0,0,0,0,0,0,0,0,0,0,0,0,0,0,0,0,0,0,0,0,0,0,0,0,0,0,0,0,0,0,0,2,0,2,0,0,0,0,0,0,0,0,0,0,0,0,0,0,0,0,0,0,0,0,0,0,0,0,0,0,0,0,0,0,0,0,0,0,0,0,0,0,0,1,0,0,0,0,0,0,0,0,0,0,0,0,0,0,0,0,0,0,0,0,0,0,0,0,0,0,0,0,0,0,0,0,0,0,0,0,0,0,0,0,0,0,0,0,0,0,0,0,0,0,0,0,0,0,0,0,0,0,0,0,0,0,0,0,0,0,0,0,0,0,0,0,0,0,0,0,0,0,0,0,0,0,0,0,0,0,0,0,0,0,0,0,0,0,0,0,0,0,0,0,0,0,0,0,0,0,0,0,0,0,0,0,0,0,0,0,0,0,0,0,0,0,0,0,0,0,0,0,0,0,0,0,0,0,0,0,0,0
9a7c977a776cdb817cf484dc212c6649,1.6,34,23,2639,13,6,2293,4,22,67,21,3,1,3,1,33,1,2,1,1,8,5,1,2,1,1,1,2,1,2,2,1,1,1,1,0,0,0,0,0,0,0,0,0,0,0,0,0,0,0,0,0,0,0,0,3,1,0,0,0,0,0,0,0,0,0,0,0,0,0,0,0,0,0,0,0,0,0,0,0,0,0,0,0,0,0,0,0,0,0,0,0,0,0,0,0,0,0,0,0,0,0,0,0,0,0,0,0,0,0,0,0,0,0,0,0,0,0,0,0,0,0,0,0,0,0,0,0,0,0,0,0,0,0,0,0,0,0,0,0,0,0,0,0,0,0,0,0,0,0,0,0,0,0,0,0,0,0,0,0,0,0,0,0,0,0,0,0,0,0,0,0,0,0,0,0,0,0,0,0,0,0,0,0,0,0,0,0,0,0,0,0,0,0,0,0,0,0,0,0,0,0,0,0,0,0,0,0,0,0,0,0,0,0,0,0,0,0,0,0,0,0,0,0,0,0,0,0,0,0,0,0,0,0,0,0,0,0,0,0,0,0,0,0,0,0,0,0,0,0,0,0,0,0,0,0,0,0,0,0,0,0,0,0,0,0,0,0,0,0,0,0,0,0,0,0,0,0,0,0,0,0,0,0,0,0,0,0,0,0
9a2889cb4d016190c6e68dd170f8d35c,1.8,30,41,878,76,8,16,1,24,12,18,1,1,33,3,46,1,45,0,1,15,7,0,2,0,0,0,0,0,0,0,0,4,0,1967,0,2,11,0,0,0,2,0,0,0,0,0,0,0,1,0,0,0,0,0,0,5,0,0,0,0,0,0,0,0,2,0,0,0,0,0,0,0,0,1,0,2,0,0,0,121,554,13,1676,0,0,0,0,0,0,0,0,0,28,0,2,138,0,0,0,2,0,2,4,0,2,0,0,0,0,0,0,1,0,0,0,0,1953,0,0,0,0,10,0,0,1,0,0,0,0,3,0,0,0,0,0,0,0,0,0,0,0,0,0,0,0,0,0,0,0,1,0,70,0,0,0,1,0,5,12,0,0,0,0,2,2,0,0,0,0,0,0,0,0,0,0,0,0,0,0,0,0,0,0,0,0,0,0,0,0,0,0,0,0,0,0,0,0,0,0,0,0,0,0,0,0,0,0,0,0,0,0,0,0,0,0,0,0,0,0,0,0,0,0,0,0,0,0,0,0,0,0,0,0,0,0,0,0,0,0,0,0,0,0,0,0,0,0,0,0,0,0,0,0,0,0,0,0,0,0,0,0,0,0,0,0,0,0,0,0,0,0,0,0,0,0,0,0,0,0,0,0,0,0,0,0,0,0,0,0
9a6003dc46fd67b752abdb4c299f8403,2.0,0,16,392,10,5,3,2,5,3,8,159993,1,3,1,33,1,3,1,1,6,5,1,2,1,1,2,2,0,0,0,1,1,1,1,0,0,10,0,0,0,0,0,0,0,0,0,0,0,0,0,0,6,0,0,3,1,0,0,0,0,0,0,0,0,0,0,0,0,0,0,0,0,0,0,0,0,0,0,0,0,0,0,0,0,0,0,0,0,0,0,0,0,0,0,0,0,0,0,0,0,0,0,0,0,0,0,0,0,0,0,0,0,0,0,0,0,0,0,0,0,0,4,0,0,0,0,0,0,0,0,0,0,0,0,0,0,0,0,0,0,0,0,0,0,0,0,0,0,0,0,0,0,0,0,0,0,0,0,0,0,0,0,0,0,0,0,0,0,0,0,0,0,0,0,0,0,0,0,0,0,0,0,0,0,0,0,0,0,0,0,0,0,0,0,0,0,0,0,0,0,0,0,0,0,0,0,0,0,0,0,0,0,0,0,0,0,0,0,0,0,0,0,0,0,0,0,0,0,0,0,0,0,0,0,0,0,0,0,0,0,0,0,0,0,0,0,0,0,0,0,0,0,0,0,0,0,0,0,0,0,0,0,0,0,0,0,0,0,0,0,0,0,0,0,0,0,0,0,0,0,0,0,0,0,0,0,0,0,0
9a9833a486c3f906d1d084a416156ac3,1.4,0,18,367,13,2,4,4,4,4,8,1,0,2,0,15703,1,4,1,0,23512,4031,0,1,1,1,2,2,0,0,0,1,1,1,1,0,0,2,0,0,0,0,0,0,0,0,0,0,0,0,0,0,0,0,0,3,1,0,0,0,0,0,0,0,0,0,0,0,0,0,0,0,0,0,0,0,0,0,0,0,0,0,0,0,0,0,0,0,0,0,0,0,0,0,0,0,0,0,0,0,0,0,0,0,0,0,0,0,0,0,0,0,0,0,0,0,0,0,0,0,0,0,0,0,0,0,0,0,0,0,0,0,0,0,0,0,0,0,0,0,0,0,0,0,0,0,0,0,0,0,0,0,0,0,0,0,0,0,0,0,0,0,0,0,0,0,0,0,0,0,0,0,0,0,0,0,0,0,0,0,0,0,0,0,0,0,0,0,0,0,0,0,0,0,0,0,0,0,0,0,0,0,0,0,0,0,31971,0,0,0,0,0,0,0,0,0,0,0,0,0,67768,0,0,0,0,0,0,0,0,0,0,0,0,0,0,0,0,0,0,0,0,0,0,0,0,0,0,0,0,0,0,0,0,0,0,35976,0,0,0,0,0,0,0,0,0,0,0,0,0,0,0,0,0,0,0,0,0,0,0,0,0,0,0,0,0,0,0,0,0,0
9a166342550171e961f4dbb31a698b31,9.2,0,86,1813,59,16,24,27,312,177,370,6,2,12,2,8349,3,28,5,4,153,254,4,58,4,4,42,6,0,584,2953,2947,2958,6,5896,746,1,318,2,93,1,983,1,1958,3227,0,0,2,0,20,91,59659,377,0,0,2,2,17,17,788,12,0,0,0,199,7,1985,1,0,0,0,0,0,0,0,0,181,181,1,1,761,612,202,35,0,0,0,1,1,0,8,0,48,48,48,0,71,0,0,0,18037,1017,1,0,1,1,11,82,1,0,0,0,0,0,0,10765,978,21531,0,0,0,0,3268,0,0,0,3,0,0,0,0,0,0,0,0,0,0,0,0,0,0,0,0,0,1,0,0,0,0,0,0,0,0,0,0,0,0,0,0,0,0,0,0,0,0,0,0,0,0,1,0,0,0,2,0,0,0,0,0,0,0,0,0,0,0,0,0,0,0,0,0,0,0,0,0,0,0,0,0,0,0,0,1,0,0,0,0,0,0,0,0,0,0,0,0,0,0,0,0,0,0,0,0,0,0,1,1956,0,0,0,0,0,0,0,0,0,0,0,0,0,0,0,0,0,0,0,0,0,0,0,0,0,0,0,0,0,0,0,0,0,0,0,0,0,0,0,0,0,0,0,0,0,0,0,0,0,0,0,0,0,0,0,0,0,0,0,0,0,0,0
9afc917fe7aad1f9bded1ac232d2092d,10.6,1,110,1439,3137,13,88,58,146,90,345,12,4,11,11,12175,1,4106,5,7,205,462,4,71,5,5,34,9,2,296,5111,5099,5121,13,10228,354,1,119,6,226,1,1702,5,3394,4756,0,0,3,0,32,202,1,178,0,0,2,22,9,9,379,13,1,1,1,414,17,3410,27,0,2,0,17,2,1,4,2,535,492,1,4,1339,833,352,70,0,51,1,4,4,2,15,24,105,105,105,2,96,0,2,0,1707,1710,3,1,3,3,24,152,2,1,19,5,6,6,0,18651,1695,37305,0,0,0,0,4653,0,0,0,0,0,0,0,1,0,5,0,0,0,0,0,0,0,0,0,0,0,3,0,0,0,0,0,0,0,0,0,0,0,0,0,2,7,0,0,0,4,0,0,4,0,0,1,0,12,0,4,0,1,0,4,0,0,2,0,0,0,9,0,0,0,0,0,0,0,0,0,0,0,0,0,0,0,0,0,1,0,1,0,0,0,0,0,0,0,0,0,0,0,0,0,0,0,0,0,4,0,1,2,3390,0,0,0,0,4,3,0,0,0,0,0,0,0,0,0,0,0,0,1,0,0,0,0,0,0,0,0,0,0,0,0,0,0,0,0,0,0,0,0,0,0,0,0,0,0,0,0,0,0,0,0,0,0,0,0,0,0,0,0,0,0,0,0
9b1acc76297475dda95f6a3ee7f08b0b,1.2,0,11,240,10,1,27,4,0,0,1,3,1,1,3,38,1,5,1,2,8,12,1,2,1,1,2,2,0,0,0,1,1,1,1,1,0,4,0,0,0,0,0,0,0,0,0,0,0,0,0,0,0,0,0,3,1,0,0,0,0,0,0,0,0,0,0,0,0,0,0,0,0,0,0,0,0,11,0,0,0,0,0,0,0,0,0,0,0,0,0,0,0,0,0,0,0,0,0,0,0,0,0,0,0,0,0,0,0,0,0,0,0,0,0,0,0,0,0,0,0,0,0,0,0,0,0,0,0,0,0,0,0,0,0,0,0,0,0,0,0,0,0,0,0,0,0,0,0,0,0,0,0,0,0,0,0,0,0,0,0,0,0,0,0,0,0,0,0,0,0,0,0,0,0,0,0,0,0,0,0,0,0,0,0,0,0,0,0,0,0,0,0,0,0,0,0,0,0,0,0,0,0,0,0,0,0,0,0,0,0,0,0,0,0,0,0,0,0,0,0,0,0,0,0,0,0,0,0,0,0,0,0,0,0,0,0,0,0,0,0,0,0,0,0,0,0,0,0,0,0,0,0,0,0,0,0,0,0,0,0,0,0,0,0,0,0,0,0,0,0,0,0,0,0,0,0,0,0,0,0,0,0,0,0,0,0,0,0,0
0c640a0777d5e2a42213378fc650c102,5.0,2,25,110,110,8,44,98,567,2257,468,1,0,3,2,479,16,109,0,2,43,20,2,9,0,0,0,4,1,137,87,12,97,9,669,2,0,2,61,30,0,27,15,3,140,9,0,4,0,2,28,1,0,0,0,9,10,3,3,126,0,0,0,0,2,17,17,3,0,0,0,0,0,0,1,0,2,2,0,0,0,0,0,0,0,12,25,0,0,0,20,0,2,4,2,3,0,111,0,0,33,112,0,4,11,13,0,0,2,0,4,0,20,8,0,1,2,37,5,0,46,0,0,0,0,0,0,0,0,3,5,6,1,0,1,0,23,22,0,0,0,0,0,0,0,0,0,0,0,1,0,0,0,0,0,0,0,0,17,17,0,0,0,0,0,0,0,0,0,0,0,0,0,9,0,0,0,0,0,0,0,0,0,0,0,0,0,0,0,0,0,0,0,0,0,0,0,0,0,0,0,0,0,0,0,0,0,0,0,0,0,0,0,0,0,0,0,0,0,0,0,0,0,0,0,0,0,0,0,0,0,0,0,129,0,0,0,0,0,0,0,0,0,0,0,0,0,0,0,0,0,0,0,0,0,0,0,0,0,0,0,0,0,0,0,0,0,0,0,0,0,0,0,0,0,0,0,0,0,0,0,0,0,0,0,0,0,0,0,0
0c652c1ab2c17aa18527ab4e59f12478,5.8,0,4,40,11,1,6,1,1,0,3,0,0,1,0,48,2,3,1,1,7,6,1,2,1,2,2,2,0,0,1,1,1,1,1,0,0,4,0,0,0,0,0,0,0,0,0,1,0,1,0,0,11,1,1,6,2,0,0,0,0,0,0,0,0,0,0,0,0,0,0,0,0,0,0,0,0,0,0,0,0,0,0,1000,0,0,0,0,0,0,0,0,0,75,75,0,0,0,0,0,0,0,0,0,0,0,0,0,1,0,0,0,0,0,0,0,0,0,0,0,0,0,4,0,0,0,0,0,75,0,0,0,0,0,0,0,0,0,0,0,0,0,0,0,0,0,0,0,0,0,0,0,0,0,0,0,0,0,0,0,0,0,0,0,0,0,0,0,0,0,0,0,0,0,0,0,0,0,0,0,0,0,0,0,0,0,0,0,0,0,0,0,0,0,0,0,0,0,0,0,0,0,0,0,0,0,0,0,0,0,0,0,0,0,0,0,0,0,0,0,0,0,0,0,0,0,0,0,0,0,0,0,0,0,0,0,0,0,0,0,0,0,0,0,0,0,0,0,0,0,0,0,0,0,0,0,0,0,0,0,0,0,0,0,0,0,0,0,0,0,0,0,0,0,0,0,0,0,0,0,0,0,0,0,0,0,0,0,0,0
0c682ff3e5b06ea55546a7ee8eac6c9c,3.6,0,34,258,17,28677,3,33,46,42,52,1,0,48,0,44,0,1,0,0,8,2,0,5,0,0,0,0,0,0,0,4,1,0,0,2,1,0,0,9,0,0,0,0,0,0,0,0,0,1,2,0,0,0,0,0,7,1,1,39,0,0,0,0,33,2,5,4,0,0,0,13,0,0,1,0,2,0,0,0,0,0,0,32,0,0,0,0,0,0,0,0,0,0,0,0,0,0,0,0,0,0,2,0,1,1,0,0,0,0,0,0,1,0,0,0,0,0,0,0,0,0,10,0,0,0,0,0,0,0,1,0,0,0,0,0,0,0,0,0,0,0,0,0,1,0,0,0,0,0,0,0,0,0,1,0,0,0,7,19,0,0,0,1,2,2,1,0,0,0,0,0,0,0,0,0,0,4,0,0,2,0,8,0,0,0,0,0,0,0,0,0,0,0,0,0,0,0,0,0,0,0,0,0,0,0,0,0,0,0,0,0,0,0,0,0,0,0,0,0,0,0,0,0,0,0,0,0,0,0,0,0,0,0,0,0,0,0,0,0,0,0,0,0,0,0,0,0,0,0,0,0,0,0,0,0,0,0,0,0,0,0,0,0,0,0,0,0,0,0,0,0,0,0,0,0,0,0,0,0,0,0,0,0,0,0,0,0,0,0
0c696a00e61b7ca0cec09f737cbfbce4,3.8,14,92,1233,133,15,916,92,359,817,304,10,0,10,8,621,20,9,1,2,83,242,0,32,2,2,6,12,3,51,25,49,33,1,7,42,0,28,5,34,1,12,0,0,3,0,0,2,0,4,14,0,0,0,0,5,18,0,0,0,0,0,0,0,604,43,5,43,0,0,0,6,0,0,7,0,504,362,0,13,1301,1668,721,132,18,63,2,6,6,12,39,25,128,140,108,10,115,2,4,0,37,15,2,12,19,29,0,3,3,2,12,10,20,24,4,2,2,5,2,0,0,4,0,0,0,0,0,0,0,0,5,1,0,0,0,2,0,0,0,0,0,0,0,0,0,1,0,0,0,0,0,0,31,7,1,1,1,0,0,0,0,0,0,0,0,0,0,0,0,0,0,0,0,0,0,0,0,0,0,0,0,0,0,0,0,0,0,0,0,0,0,0,0,0,0,0,0,0,0,0,0,0,0,3,0,0,0,0,0,0,0,0,0,0,0,0,0,0,0,0,0,0,0,0,0,0,0,0,0,0,0,0,0,0,0,0,0,0,0,0,0,0,0,0,0,0,0,0,0,0,0,0,0,0,0,0,0,0,0,0,0,0,0,0,0,0,0,0,0,0,0,0,0,0,0,0,0,0,0,0,0,0,0,0,0,0,0,0,0,0
0c705be975d203c5316bc9886b90cbc0,7.0,3,140,389,18,0,245,3,4,4,5,3,1,0,2,52,6,3,1,2,14,14,2,2,1,2,7,2,0,1,0,2,19,1,3,1,1,3,0,0,1,1,2,0,0,0,0,1,0,0,0,0,7,1,1,4,6,1,1,11,0,1,0,0,0,0,0,0,0,0,0,0,0,0,0,0,0,7,0,0,1,23,0,1,0,0,0,0,0,0,0,0,0,2,0,0,0,0,0,0,1,0,0,0,0,0,0,0,0,0,0,0,0,0,0,0,4,0,0,0,0,0,0,0,0,0,0,0,9,0,0,0,0,0,0,0,0,0,0,0,0,0,2,0,0,0,0,0,0,0,0,0,0,0,0,0,0,0,0,0,0,0,0,0,0,0,0,0,0,0,0,0,0,0,0,0,0,0,0,0,0,0,0,0,0,0,2,0,0,0,0,0,0,0,0,0,0,0,0,0,2,0,0,1,0,0,0,0,0,0,0,0,0,0,0,0,0,0,0,0,0,0,0,0,0,0,0,0,0,0,0,0,0,0,0,1,0,0,0,0,0,0,0,0,0,0,0,0,0,0,0,0,0,0,0,0,0,0,0,0,0,0,0,0,0,0,0,0,0,0,0,0,0,0,0,0,0,0,0,0,0,0,0,0,0,0,0,0,0,0
0c827f41dd0dc69c5d34b41424c2cd47,5.4,2,25,110,126,8,44,98,567,2257,468,1,0,3,2,476,16,28,0,2,43,20,2,9,0,0,0,4,1,134,87,12,97,9,669,2,0,2,61,30,0,27,15,3,140,9,0,4,0,2,28,1,0,0,0,9,10,3,3,123,0,0,0,0,2,17,17,3,0,0,0,0,0,0,1,0,2,2,0,0,0,0,0,0,0,12,25,0,0,0,20,0,2,4,2,3,0,111,0,0,33,112,0,4,11,13,0,0,2,0,4,0,20,8,0,1,2,37,5,0,46,0,0,0,0,0,0,0,0,3,5,6,1,0,1,0,23,22,0,0,0,0,0,0,0,0,0,0,0,1,0,0,0,0,0,0,0,0,17,17,0,0,0,0,0,0,0,0,0,0,0,0,0,9,0,0,0,0,0,0,0,0,0,0,0,0,0,0,0,0,0,0,0,0,0,0,0,0,0,0,0,0,0,0,0,0,0,0,0,0,0,0,0,0,0,0,0,0,0,0,0,0,0,0,0,0,0,0,0,0,0,0,0,129,0,0,0,0,0,0,0,0,0,0,0,0,0,0,0,0,0,0,0,0,0,0,0,0,0,0,0,0,0,0,0,0,0,0,0,0,0,0,0,0,0,0,0,0,0,0,0,0,0,0,0,0,0,0,0,0
0c8db53787cb2bcb8a069ccad18a2d34,3.0,25,106,647,401,38,181,63,138,185,114,82,2,1,17,370,36,160,3,12,33,145,2,12,1,3,4,0,2,4,48,93,57,0,11,10,3,48,0,1,0,2,1,4,130,0,0,1,30,7,0,2,0,3,0,0,13,2,0,0,0,3,0,1,120,6,0,1,0,0,0,15,0,0,1,0,56,58,0,0,109,320,0,1,1,28,0,1,1,0,3,0,6,31,5,7,78,0,0,0,135,131,5,3,41,43,1,1,2,2,0,0,9,0,0,0,35,0,1,0,17,0,1088,0,0,0,0,0,1,0,9,3,0,0,0,1,6,5,30,0,0,0,1,1,0,0,0,0,0,0,0,0,0,2,0,0,0,14,0,0,2,60,0,0,0,0,0,0,0,0,0,0,0,0,0,0,0,0,0,0,4,0,0,0,0,0,0,0,0,0,0,0,0,0,0,0,0,0,0,0,0,0,0,53556,2,0,0,0,0,0,2,0,0,0,0,0,0,0,0,0,0,0,0,0,0,0,0,0,2,2,0,0,0,0,0,0,1,614,0,0,0,0,0,0,0,0,1,3,0,0,0,0,0,0,0,0,0,0,0,0,0,0,0,0,0,0,0,0,0,0,0,0,0,0,0,0,0,0,0,0,0,0,0,0,0,0,0,0,0,0
0c8ebca685fce352953023d292296cf0,2.6,14,84,437,307,30,109,332,1835,5506,1299,52,0,7,8,1150,83,169,0,2,267,174,2,15,1,5,11,9,1,43,65,146,269,25,105,12,3,61,2,3,0,74,0,0,0,21,0,2,5,5,15,0,0,0,0,6,32,0,0,0,0,0,0,0,1,114,26,18,6,0,0,0,0,0,1,0,18,15,16,0,4,1147,30,0,0,3,0,1,1,0,113,59,38,50,19,6,128,338,0,2,83,436,0,29,78,91,2,8,3,0,0,0,15,16,4,0,1,4,0,0,112,1,0,0,0,0,0,0,0,2,27,28,4,1,2,38,12,169,5,14,14,1,1,1,1,0,0,0,0,0,0,0,0,0,0,0,0,0,0,0,0,0,0,0,0,0,0,0,0,0,0,0,0,0,0,0,0,0,0,0,0,0,0,0,0,0,0,0,0,0,0,0,0,0,0,0,0,0,0,0,0,0,0,0,0,0,0,0,0,0,0,0,0,0,0,0,0,0,0,0,0,0,0,0,0,0,0,0,0,0,0,0,0,0,0,0,0,0,0,0,0,0,0,0,0,0,0,0,0,0,0,0,0,0,0,0,0,0,0,0,0,0,0,0,0,0,0,0,0,0,0,0,0,0,0,0,0,0,0,0,0,0,0,0,0,0,0,0,0,0
0c9a7b5612cb98371a10593f658c2110,1.4,0,2,7,3,2,2,2,1,1,3,0,0,2,0,30,0,1,0,0,3,3,0,0,0,0,0,0,0,0,2,1,1,0,0,0,0,10,0,0,0,0,0,0,0,0,0,0,0,0,0,0,0,0,0,3,2,0,0,0,0,0,0,0,0,0,0,0,0,0,0,0,0,0,0,0,0,0,0,0,0,0,0,0,0,2,0,0,0,0,0,0,0,0,0,4,0,0,0,0,0,0,0,0,1,1,0,0,1,0,0,0,1,0,0,0,0,0,0,0,0,0,0,0,0,0,0,0,0,0,0,0,0,0,0,0,0,0,0,0,0,0,0,0,0,1,0,0,0,0,0,0,0,0,1,0,0,0,0,0,0,0,0,0,0,0,0,0,0,0,0,0,0,0,0,0,0,0,0,0,0,0,0,0,0,0,0,0,0,0,0,0,0,0,0,0,0,0,0,0,0,0,0,0,0,0,0,0,0,0,0,0,0,0,0,0,0,0,0,0,0,0,0,0,0,0,0,0,0,0,0,0,0,0,0,0,0,0,0,0,0,0,0,0,0,0,0,0,0,0,0,0,0,0,0,0,0,0,0,0,0,0,0,0,0,0,0,0,0,0,0,0,0,0,0,0,0,0,0,0,0,0,0,0,0,0,0,0,0,0
0c9adf95f352a35ba27afbbd2c9f8e40,1.6,462,18,2269,15,7,1867,2,5,3,8,3,1,3,1,33,2,2,1,1,6,5,1,2,1,1,2,2,0,0,0,1,2,1,1,0,0,4,0,0,0,0,0,0,0,0,0,0,0,0,0,0,6,0,0,3,1,0,0,0,0,0,0,0,0,0,0,0,0,0,0,0,0,0,0,0,0,0,0,0,0,0,0,0,0,0,0,0,0,0,0,0,0,0,0,0,0,0,0,0,0,0,0,0,0,0,0,0,0,0,0,0,0,0,0,0,0,0,0,0,0,0,4,0,0,0,0,0,0,0,0,0,0,0,0,0,0,0,0,0,0,0,0,0,0,0,0,0,0,0,0,0,0,0,0,0,0,0,0,0,0,0,0,0,0,0,0,0,0,0,0,0,0,0,0,0,0,0,0,0,0,0,0,0,0,0,0,0,0,0,0,0,0,0,0,0,0,0,0,0,0,0,0,0,0,0,0,0,0,0,0,0,0,0,0,0,0,0,0,0,0,0,0,0,0,0,0,0,0,0,0,0,0,0,0,0,0,0,0,0,0,0,0,0,0,0,0,0,0,0,0,0,0,0,0,0,0,0,0,0,0,0,0,0,0,0,0,0,0,0,0,0,0,0,0,0,0,0,0,0,0,0,0,0,0,0,0,0,0,0
0c9b818edbae356e1a736f8b6270e0cf,4.2,13,110,573,205,21,50,345,661,1114,601,13,0,29,10,1045,21,13,1,5,110,763,0,41,3,3,15,15,4,49,34,65,148,25,34,62,0,28,5,35,1,18,0,3,6,28,0,3,0,6,16,0,0,0,0,6,26,0,0,0,0,0,0,1,648,156,8,48,0,0,0,9,0,0,13,0,725,518,0,11,1358,1580,603,113,19,66,3,8,8,9,150,35,136,146,107,9,85,18,6,0,46,97,1,11,27,37,0,4,4,3,19,15,25,32,6,6,3,7,3,0,0,6,0,0,0,0,0,0,0,0,6,7,0,0,0,0,0,0,0,0,0,0,0,0,0,1,0,0,0,0,0,0,31,16,1,1,1,0,0,0,0,0,0,0,0,0,0,0,0,0,0,0,0,0,0,0,0,0,0,0,0,0,0,0,0,0,0,0,0,0,0,0,0,0,0,0,0,0,0,0,0,0,0,0,0,0,0,0,0,0,0,0,0,0,0,0,0,0,0,0,0,0,0,0,0,0,0,0,0,0,0,0,0,0,0,0,0,0,0,0,0,0,0,0,0,0,0,0,0,0,0,0,0,0,0,0,0,0,0,0,0,0,0,0,0,0,0,0,0,0,0,0,0,0,0,0,0,0,0,0,0,0,0,0,0,0,0,0,0,0
0c9c4bc368f6154ebe7ce7fbf31d2ec7,10.4,0,93,1850,3133,16,36,34,316,246,521,6,4,12,2,18221,1,4126,5,4,144,240,4,47,4,4,48,6,0,676,7679,7669,7686,8,15364,24095,1,318,6,234,1,2557,1,5104,6820,0,0,2,0,33,211,1,367,0,0,2,11,22,22,934,10,0,0,0,345,10,5132,9,0,0,0,0,0,0,0,0,223,205,1,3,1354,843,363,71,2,48,0,2,2,0,12,0,105,105,105,1,115,0,0,0,2557,2591,1,0,1,1,23,154,1,0,0,0,0,0,0,28078,2552,56159,0,0,0,0,6777,0,0,1,1,0,0,0,0,0,0,0,0,0,0,0,0,0,0,0,0,0,1,0,0,0,0,0,0,0,0,0,0,0,0,0,0,0,0,0,0,0,0,0,0,0,0,1,0,0,0,2,0,0,0,0,0,0,0,0,0,0,0,0,0,0,0,0,0,0,0,0,0,0,0,0,0,0,0,0,1,0,0,0,0,0,0,0,0,0,0,0,0,0,0,0,0,0,0,0,0,0,0,1,5104,0,0,0,0,0,0,0,0,0,0,0,0,0,0,0,0,0,0,0,0,0,0,0,0,0,0,0,0,0,0,0,0,0,0,0,0,0,0,0,0,0,0,0,0,0,0,0,0,0,0,0,0,0,0,0,0,0,0,0,0,0,0,0
0c9cac062fc9420d3b65cf3b3bae8385,1.4,16,13,122,18,2,7,2,6,4,4,1,1,0,1,27,2,3,0,0,5,4,0,0,0,0,0,0,0,0,0,0,3,0,1,0,0,0,1,0,1,0,0,0,1,0,0,0,0,0,0,0,0,0,0,3,1,0,0,0,0,0,0,0,0,1,0,1,0,0,0,0,0,0,0,0,0,0,0,0,0,6,0,0,0,2,0,0,0,0,1,0,0,6,0,0,2,0,0,0,0,0,0,0,0,1,1,0,1,0,0,0,0,0,0,0,1,0,0,0,0,0,0,0,0,0,0,0,0,0,0,0,0,0,0,0,0,0,0,0,0,1,0,0,0,0,0,0,0,0,0,0,0,1,0,0,0,0,0,0,0,0,0,0,0,0,0,0,0,0,0,0,0,0,0,0,0,0,0,0,0,0,0,0,0,0,0,0,0,0,0,0,0,0,0,0,0,0,0,0,0,0,0,0,0,0,0,0,0,0,0,0,0,0,0,0,0,0,0,0,0,0,0,0,0,0,0,0,0,0,0,0,0,0,0,0,0,0,0,0,0,0,0,0,0,0,0,0,0,0,0,0,0,0,0,0,0,0,0,0,0,0,0,0,0,0,0,0,0,0,0,0,0,0,0,0,0,0,0,0,0,0,0,0,0,0,0,0,0,0
0c21d76da9ffaabed7ea526dc42bbb57,10.6,21,42,168,173,10,102,14,2,0,54,10,2,8,11,1690,9,12,1,4,36,83,0,6,1,3,6,0,0,12,30,18,25,0,5,6,2,10,0,0,0,8,0,21,121,0,0,3,0,42,37,3,8,2,2,9,2,178,14,507,0,0,0,0,2769,3,1415,3,0,0,0,0,0,0,0,0,59,69,0,11,2,4809,0,0,2,32,0,0,0,0,0,0,20,42,20,0,149,0,0,0,0,2745,0,18,17,17,0,0,2,0,41,0,1,0,0,0,10,124,0,0,0,0,0,0,0,0,0,0,4,0,0,0,0,0,0,0,0,0,0,0,0,0,0,0,0,0,0,0,0,0,0,2,0,0,0,0,0,0,0,4,20,556,0,0,3,3,0,0,0,0,120,0,0,0,0,0,0,0,0,0,0,0,0,0,0,0,0,0,0,0,0,0,0,0,0,0,0,0,0,2,0,0,0,0,4,0,0,0,0,0,0,0,0,0,0,0,0,0,0,0,0,0,0,65,0,0,0,0,0,0,0,0,0,0,0,0,0,0,0,0,0,0,0,0,0,0,0,0,0,0,0,0,0,0,0,0,0,0,0,0,0,0,0,0,0,0,2,0,0,0,0,0,0,0,0,0,0,0,0,0,0,0,0,0,0,0,0,0,0,0
0c23ccb174c3bbaee427012fe4299fe7,5.6,0,5,8,4,0,8,3,1,1,1,1,0,0,2,10,1,1,0,1,5,6,0,0,0,1,0,0,0,0,0,0,1,0,0,1,0,8,0,0,0,0,0,0,0,0,0,1,0,1,0,0,6,1,1,3,0,0,0,0,0,0,0,0,1,0,0,0,0,0,0,0,0,0,0,0,0,2,0,0,0,1,0,0,0,0,0,0,0,0,0,0,0,0,0,0,0,0,0,0,0,0,0,0,1,1,0,0,1,0,0,0,1,0,0,0,0,0,0,0,0,0,1,0,0,0,0,0,0,0,0,0,0,0,0,0,0,0,0,0,0,0,0,0,0,0,0,0,0,0,0,0,0,0,0,0,0,0,0,0,0,0,0,0,0,0,0,0,0,0,0,0,0,0,0,0,0,0,0,0,0,0,0,0,0,0,0,0,0,0,0,0,0,0,0,0,0,0,0,0,0,0,0,0,0,0,0,0,0,0,0,0,0,0,0,0,0,0,0,0,0,0,0,0,0,0,0,0,0,0,0,0,0,0,0,0,0,0,0,0,0,0,0,0,0,0,0,0,0,0,0,0,0,0,0,0,0,0,0,0,0,0,0,0,0,0,0,0,0,0,0,0,0,0,0,0,0,0,0,0,0,0,0,0,0,0,0,0,0,0
0c34d5cb43709253d5da48e594d53272,1.6,0,8483,287642,15,4,28,2,4,3,7,3,1,2,1,32,1,8,1,0,3,3,0,1,1,1,2,2,0,0,0,1,2,1,3,0,0,11,0,0,0,2,0,0,0,0,0,0,0,0,0,0,6,0,0,3,1,0,0,0,0,0,0,0,0,0,0,0,0,0,0,0,0,0,0,0,0,0,0,0,0,0,0,0,0,0,0,0,0,0,0,0,0,0,0,0,0,0,0,2,2,0,0,0,1,1,0,0,0,0,0,0,1,0,0,0,0,0,0,0,0,0,4,0,0,0,0,0,0,0,0,0,0,0,0,0,0,0,0,0,0,0,0,0,0,0,0,0,0,0,0,0,0,0,0,0,0,0,0,0,0,0,0,0,0,0,0,0,0,0,0,0,0,0,0,0,0,0,0,0,0,0,0,0,0,0,0,0,0,0,0,0,0,0,0,0,0,0,0,0,0,0,0,0,0,0,0,0,0,0,0,0,0,0,0,0,0,0,0,0,0,0,0,0,0,0,0,0,0,0,0,0,0,0,0,0,0,0,0,0,0,0,0,0,0,0,0,0,0,0,0,0,0,0,0,0,0,0,0,0,0,0,0,0,0,0,0,0,0,0,0,0,0,0,0,0,0,0,0,0,0,0,0,0,0,0,0,0,0,0
0c41c7a0ba069b68031273098e18bebe,4.8,57,69,422,143,136,47,5,723,533,988,4,0,235,0,145,1,12,1,0,27,16,0,9,0,1,5,0,0,0,59,69,49,0,19,13,13,7,0,10,0,0,5,8,16,0,32,0,1,5,6,0,0,0,0,0,27,0,0,0,0,0,0,0,43294,15,13,42,0,1,0,19,1,1,1,0,2,0,8,4,0,30,168,28,0,58,0,0,0,0,10,0,20,78,20,5,2,0,0,2,2,0,2,3,5,9,0,0,0,0,0,0,4,0,0,0,6,24,0,43299,135,0,20,0,0,2,0,0,0,1,10,24,0,0,0,17,15,10,1,0,0,0,0,0,0,0,0,14,0,0,0,0,1,0,0,0,0,0,282,287,0,0,0,0,3,3,10,0,0,0,0,27,0,5,0,19,0,9,1,28,2,0,0,0,4,10,0,68,1,1,1,2,2,2,0,0,0,4,0,0,1,0,0,0,0,0,2,3,0,0,0,0,0,0,0,0,0,0,0,0,0,0,0,0,0,0,0,0,0,0,1,0,0,0,0,0,0,0,0,0,0,0,0,0,0,0,0,0,0,0,0,0,0,0,0,0,0,0,0,0,0,0,0,0,0,0,0,0,0,0,0,0,0,0,0,0,0,0,0,0,0,0,0,0,0,0,0,0,0,0
0c47e988b9e506e4aa02684b8c3bfd8e,3.2,1,34,258,17,7,3,33,27693,42,52,1,0,36,0,45,0,2,0,0,8,2,0,5,0,0,0,0,0,0,0,4,1,0,0,2,1,0,0,9,0,0,0,0,0,0,0,0,0,1,2,0,0,0,0,0,7,1,1,38,0,0,0,0,33,2,5,4,0,0,0,13,0,0,1,0,2,0,0,0,0,0,0,32,0,0,0,0,0,0,0,0,0,0,0,0,0,0,0,0,0,0,2,0,1,1,0,0,0,0,0,0,1,0,0,0,0,0,0,0,0,0,10,0,0,0,0,0,0,0,1,0,0,0,0,0,0,0,0,0,0,0,0,0,1,0,0,0,0,0,0,0,0,0,1,0,0,0,7,19,0,0,0,1,2,2,1,0,0,0,0,0,0,0,0,0,0,4,0,0,2,0,6,0,0,0,0,0,0,0,0,0,0,0,0,0,0,0,0,0,0,0,0,0,0,0,0,0,0,0,0,0,0,0,0,0,0,0,0,0,0,0,0,0,0,0,0,0,0,0,0,0,0,0,0,0,0,0,0,0,0,0,0,0,0,0,0,0,0,0,0,0,0,0,0,0,0,0,0,0,0,0,0,0,0,0,0,0,0,0,0,0,0,0,0,0,0,0,0,0,0,0,0,0,0,0,0,0,0,0
0c53ff53db0b34375e62462fae28f19a,7.2,0,33,255,21,2,5,33,2,2,7,1,0,4,0,110,1,3,0,0,6,91,0,8,0,1,0,0,0,0,0,4,0,0,0,2,1,0,0,3,0,0,0,0,0,0,0,1,0,1,2,0,6,1,1,3,7,0,0,0,0,0,0,0,34,2,5,4,0,0,0,13,0,0,1,0,63,77,0,0,0,0,0,32,0,0,0,0,0,0,0,12,0,0,0,0,0,0,0,0,0,0,2,0,0,0,0,0,1,0,11,0,0,0,0,0,0,0,0,0,0,0,11,0,0,0,0,0,0,0,1,0,0,0,0,0,0,0,0,0,0,0,0,0,1,0,0,0,0,0,0,0,0,0,1,0,0,0,2,7,0,0,0,1,0,0,1,0,0,0,0,0,0,0,0,0,0,4,0,0,2,0,8,0,0,0,0,0,0,0,0,0,0,0,0,0,0,0,0,0,0,0,0,0,0,0,0,0,0,0,0,0,0,0,0,0,0,0,0,0,0,0,0,0,0,0,0,0,0,0,0,0,0,0,0,0,0,0,0,0,0,0,0,0,0,0,0,0,0,0,0,0,0,0,0,0,0,0,0,0,0,0,0,0,0,0,0,0,0,0,0,0,0,0,0,0,0,0,0,0,0,0,0,0,0,0,0,0,0,0
0c54b8ddbdb88cb2cc6328270a63d4d8,2.2,2,19,73,55,7,19,96,491,2239,366,0,0,2,2,256,13,40,0,1,38,14,1,5,0,0,0,4,1,14,15,9,67,9,134,2,0,0,8,0,1,20,2,3,25,9,0,0,0,0,0,1,0,0,0,3,4,0,0,0,0,0,0,0,0,16,17,4,0,0,0,0,0,0,2,0,0,0,0,0,0,0,0,0,0,1,0,0,0,0,17,0,0,2,0,2,0,111,0,0,21,112,0,2,9,11,0,0,0,0,4,0,7,8,0,1,1,5,0,0,0,0,0,0,0,0,0,0,0,1,5,3,1,0,0,0,0,0,0,0,0,0,0,0,0,0,1,1,2,1,0,0,0,0,0,0,0,0,0,0,0,0,0,0,0,0,0,0,0,0,0,0,0,0,0,0,0,0,0,0,0,0,0,0,0,0,0,0,0,0,0,0,0,0,0,0,0,0,0,0,0,0,0,0,0,0,0,0,0,0,0,0,0,0,0,0,0,0,0,0,0,0,0,0,0,0,0,0,0,0,0,0,0,0,0,0,0,0,0,0,0,0,0,0,0,0,0,0,0,0,0,0,0,0,0,0,0,0,0,0,0,0,0,0,0,0,0,0,0,0,0,0,0,0,0,0,0,0,0,0,0,0,0,0,0,0,0,0,0,0
0c56cdf3473d541e17e3ed877e19a5a0,2.6,0,29,236,6,7,4,1,0,0,4,0,0,8,0,32,0,1,1,2,3,6,0,0,0,0,0,0,0,0,2,1,0,0,0,0,0,7,0,0,0,0,0,0,0,0,0,0,0,0,0,1,0,0,0,3,2,0,0,0,0,0,0,0,0,0,0,0,0,0,0,0,0,0,0,0,0,3,0,0,0,0,0,0,0,2,0,0,0,0,0,0,0,0,0,4,0,0,0,0,0,0,0,4,0,0,0,0,1,0,0,0,0,0,0,0,0,0,0,0,0,0,0,0,0,0,0,0,0,0,0,0,0,0,0,0,0,0,0,0,0,0,0,0,0,1,0,0,0,0,0,1,31,6,0,0,0,0,0,0,0,0,0,0,0,0,0,0,0,0,0,0,0,0,0,0,0,0,0,0,0,0,0,0,0,0,0,0,0,0,0,0,0,0,0,0,0,0,0,0,0,0,0,0,0,0,0,0,0,0,0,0,0,0,0,0,0,0,0,0,0,0,0,0,0,0,0,0,0,0,0,0,0,0,0,0,0,0,0,0,0,0,0,0,0,0,0,0,0,0,0,0,0,0,0,0,0,0,0,0,0,0,0,0,0,0,0,0,0,0,0,0,0,0,0,0,0,0,0,0,0,0,0,0,0,0,0,0,0,0
0c72b528ec5ad7d94394d3746bd7db46,1.4,0,2,7,3,2,2,2,1,1,3,0,0,2,0,30,0,1,0,0,3,3,0,0,0,0,0,0,0,0,2,1,1,0,0,0,0,10,0,0,0,0,0,0,0,0,0,0,0,0,0,0,0,0,0,3,2,0,0,0,0,0,0,0,0,0,0,0,0,0,0,0,0,0,0,0,0,0,0,0,0,0,0,0,0,2,0,0,0,0,0,0,0,0,0,4,0,0,0,0,0,0,0,0,1,1,0,0,1,0,0,0,1,0,0,0,0,0,0,0,0,0,0,0,0,0,0,0,0,0,0,0,0,0,0,0,0,0,0,0,0,0,0,0,0,1,0,0,0,0,0,0,0,0,1,0,0,0,0,0,0,0,0,0,0,0,0,0,0,0,0,0,0,0,0,0,0,0,0,0,0,0,0,0,0,0,0,0,0,0,0,0,0,0,0,0,0,0,0,0,0,0,0,0,0,0,0,0,0,0,0,0,0,0,0,0,0,0,0,0,0,0,0,0,0,0,0,0,0,0,0,0,0,0,0,0,0,0,0,0,0,0,0,0,0,0,0,0,0,0,0,0,0,0,0,0,0,0,0,0,0,0,0,0,0,0,0,0,0,0,0,0,0,0,0,0,0,0,0,0,0,0,0,0,0,0,0,0,0,0
0c92d7e020fde70156418d13661e6520,1.4,0,0,4,0,0,0,0,0,0,0,0,0,0,0,1,0,0,0,0,0,0,0,0,0,0,0,0,0,0,0,0,1,0,0,0,0,0,0,0,0,0,0,0,1,0,0,0,0,0,0,0,0,0,0,1,0,0,0,0,0,0,0,0,0,0,0,0,0,0,0,0,0,0,0,0,0,0,0,0,0,0,0,0,0,0,0,0,0,0,0,0,0,0,0,0,0,0,0,0,0,0,0,0,0,0,0,0,0,0,0,0,0,0,0,0,0,0,0,0,0,1,0,0,0,0,0,0,0,0,0,0,0,0,0,0,0,0,0,0,0,0,0,0,0,0,0,0,0,0,0,0,0,0,0,0,0,0,0,0,0,0,0,0,0,0,0,0,0,0,0,0,0,0,0,0,0,0,0,0,0,0,0,0,0,0,0,0,0,0,0,0,0,0,0,0,0,0,0,0,0,0,0,0,0,0,0,0,0,0,0,0,0,0,0,0,0,0,0,0,0,0,0,0,0,0,0,0,0,0,0,0,0,0,0,0,0,0,0,0,0,0,0,0,0,0,0,0,0,0,0,0,0,0,0,0,0,0,0,0,0,0,0,0,0,0,0,0,0,0,0,0,0,0,0,0,0,0,0,0,0,0,0,0,0,0,0,0,0,0
0c96d62e3e3b0223c6bcab5b6c0dc304,9.4,30,137,587,342,27,30,0,44,20,55,5,0,6,2,170,11,83,0,1,27,39,1,6,0,5,0,4,1,0,47,78,10,0,3,7,2,17,1,5,0,1,3,2,1,0,0,8,0,0,5,2,18,5,5,19,38,0,0,0,3,1,2,2,19,2,3,0,0,0,0,0,0,0,0,0,0,0,0,0,0,111,0,4,0,1,0,0,0,0,5,0,2,34,6,0,13,0,0,0,8,0,0,0,2,3,0,0,0,0,0,0,6,8,1,4,1,8,0,0,0,2,0,0,0,0,4,0,0,5,1,0,0,0,0,5,1,2,0,0,0,0,0,0,0,0,0,1,0,0,0,0,5,1,0,0,0,0,1,0,0,0,0,0,0,0,0,0,0,0,1,0,0,0,1,0,0,0,0,0,0,0,0,0,0,0,0,0,0,0,0,0,0,0,0,0,0,0,0,0,5,2,0,0,0,0,0,0,0,0,0,0,0,0,0,0,0,0,0,27,0,0,0,0,0,0,0,0,2,0,4,0,0,0,0,1,0,0,0,0,0,0,0,0,0,0,0,0,0,0,0,0,0,0,0,0,0,0,0,0,0,0,0,0,0,0,0,0,0,0,0,0,0,0,0,0,0,0,0,0,0,0,0,0,0,0,0,0,0,0
0c139defa5990ce3c483bd9766175a58,6.0,4,43,78,135,6,9,3,1,1,4,5,1,1,2,38,1,64,0,1,6,11,0,0,0,1,0,0,0,0,8,10,1,0,1,1,0,6,0,0,0,1,0,0,0,0,0,1,0,0,0,0,4,1,1,3,7,1,1,11,0,0,0,0,2,0,1,0,0,0,0,0,0,0,0,0,0,5,0,0,0,8,0,1,0,0,0,0,0,0,1,0,0,2,0,0,0,0,0,0,16,12784,0,0,0,0,0,0,0,0,0,0,0,0,0,0,0,0,0,0,0,5,0,0,0,0,1,0,0,1,0,0,0,0,0,1,0,0,0,0,0,0,0,0,0,0,0,0,0,0,0,0,1,0,0,0,0,0,0,0,0,0,0,0,0,0,0,0,0,0,0,0,0,0,0,0,0,0,0,0,0,0,0,0,0,0,0,0,0,0,0,0,0,0,0,0,0,0,0,0,1,0,0,0,0,0,0,0,0,0,0,0,0,0,0,0,0,0,0,0,0,0,0,0,0,0,0,0,0,0,0,0,0,0,0,0,0,0,0,0,0,0,0,0,0,0,0,0,0,0,0,0,0,0,0,0,0,0,0,0,0,0,0,0,0,0,0,0,0,0,0,0,0,0,0,0,0,0,0,0,0,0,0,0,0,0,0,0,0,0
0c171a59a3dfc56f1dae15aabeec478c,8.0,278,413,2153,725,799,167,406,2704,2348,2771,40,1,1312,43,3351,93,101,2,14,445,1089,2,117,10,16,135,32,28,64,88,148,485,40,440,146,17,91,13,160,1,75,15,0,81,32,18,11,2,34,94,9,1,0,0,6,89,227,226,11426,0,1,0,1,1650,224,475,229,2,6,4,66,2,2,31,0,1233,858,27,32,1232,2141,1094,139,9,324,7,20,20,10,189,91,173,440,126,23,167,40,21,10,98,154,5,48,107,133,0,10,13,9,48,39,67,76,26,16,37,469,5,4,532,6,20,0,0,4,0,12,0,4,35,24,2,0,0,5,27,49,2,0,0,2,0,0,0,1,0,19,0,0,0,0,62,482,1,1,1,0,25,33,1,0,0,0,5,5,15,1,1,9,35,18,1,4,6,6,1,14,5,45,4,1,0,0,2,22,12,55,1,1,1,1,1,1,0,0,0,2,9,0,0,0,0,0,0,0,0,3,0,0,0,0,0,0,0,0,0,4,4,0,0,0,0,2,0,0,0,0,0,0,0,0,0,0,0,0,0,0,0,0,0,0,0,0,0,0,0,0,0,0,0,0,0,0,0,0,0,0,0,0,0,0,0,0,0,0,0,0,0,0,0,0,0,0,0,0,0,0,0,0,0,0,0,0,0,0,0,0,0,0
0c349e5a3f4223178250eb8348c8f2fa,2.6,14,84,437,285,30,109,332,1835,5506,1299,52,0,7,8,1152,83,130,0,2,267,174,2,14,1,5,11,18,1,43,65,146,269,25,105,12,3,61,2,3,0,74,0,0,0,21,0,2,5,5,15,0,0,0,0,6,32,0,0,0,0,0,0,0,1,114,26,18,6,0,0,0,0,0,1,0,18,15,16,0,3,1060,30,0,0,3,0,1,1,0,113,59,38,50,19,6,119,338,0,2,83,436,0,29,78,91,2,8,3,0,0,0,15,16,4,0,1,4,0,0,112,1,0,0,0,0,0,0,0,2,27,28,4,1,2,38,12,169,5,14,14,1,1,1,1,0,0,0,0,0,0,0,0,0,0,0,0,0,0,0,0,0,0,0,0,0,0,0,0,0,0,0,0,0,0,0,0,0,0,0,0,0,0,0,0,0,0,0,0,0,0,0,0,0,0,0,0,0,0,0,0,0,0,0,0,0,0,0,0,0,0,0,0,0,0,0,0,0,0,0,0,0,0,0,0,0,0,0,0,0,0,0,0,0,0,0,0,0,0,0,0,0,0,0,0,0,0,0,0,0,0,0,0,0,0,0,0,0,0,0,0,0,0,0,0,0,0,0,0,0,0,0,0,0,0,0,0,0,0,0,0,0,0,0,0,0,0,0,0,0
0c350bda3d3cd3b7e942e5ce9d9f6c21,1.6,2,17,417,14,5,9,2,8,3,8,3,1,3,1,29,2,2,1,1,6,5,1,2,1,1,2,2,0,0,0,1,2,1,1,0,0,4,0,0,0,0,0,0,0,0,0,0,0,0,0,0,6,0,0,3,1,0,0,0,0,0,0,0,0,0,0,0,0,0,0,0,0,0,0,0,0,0,0,0,0,0,0,0,0,0,0,0,0,0,0,0,0,0,0,0,0,0,0,0,0,0,0,0,0,0,0,0,0,0,0,0,0,0,0,0,0,0,0,0,0,0,4,0,0,0,0,0,0,0,0,0,0,0,0,0,0,0,0,0,0,0,0,0,0,0,0,0,0,0,0,0,0,0,0,0,0,0,0,0,0,0,0,0,0,0,0,0,0,0,0,0,0,0,0,0,0,0,0,0,0,0,0,0,0,0,0,0,0,0,0,0,0,0,0,0,0,0,0,0,0,0,0,0,0,0,0,0,0,0,0,0,0,0,0,0,0,0,0,0,0,0,0,0,0,0,0,0,0,0,0,0,0,0,0,0,0,0,0,0,0,0,0,0,0,0,0,0,0,0,0,0,0,0,0,0,0,0,0,0,0,0,0,0,0,0,0,0,0,0,0,0,0,0,0,0,0,0,0,0,0,0,0,0,0,0,0,0,0,0
0c361f940981a75e635d5521b0a60fec,2.4,0,6,94,17,0,1,1,0,0,147,1,1,0,0,122,0,2,0,0,2,2,0,0,0,0,0,0,0,0,0,0,15,0,133,1,0,0,0,0,0,3,0,3,206,0,0,0,0,1,0,147,0,0,0,0,1,0,0,0,0,0,0,0,12825,0,113,0,0,0,0,0,0,0,0,0,0,0,0,0,0,0,0,0,0,0,0,0,0,0,0,0,0,0,0,0,0,0,0,0,3,341,0,0,1,1,0,0,1,0,0,0,1,0,0,16,0,229,3,0,0,0,0,0,0,0,0,0,0,0,0,0,0,0,0,0,0,0,0,0,0,0,0,0,0,0,0,0,0,0,0,0,0,0,0,0,0,0,148,147,0,0,0,0,0,0,0,0,0,0,0,0,0,0,0,0,0,0,0,0,0,0,0,0,0,0,0,0,0,0,0,0,0,0,0,0,0,0,0,0,0,0,0,0,0,0,0,0,0,0,0,0,0,0,0,0,0,0,0,0,0,0,0,0,0,0,0,0,0,0,0,0,0,0,0,0,0,0,0,0,0,0,0,0,0,0,0,0,0,0,0,0,0,0,0,0,0,0,0,0,0,0,0,0,0,0,0,0,0,0,0,0,0,0,0,0,0,0,0,0,0,0,0,0,0,0,0,0,0,0
0c369e8a5831b4d84b5ac6398b44e791,1.8,0,248,0,209,0,0,0,0,0,0,0,0,0,0,0,0,0,0,0,0,0,0,0,0,20,0,0,0,0,0,0,394,0,0,0,0,84,0,0,0,0,0,0,62,0,0,1,0,0,0,0,0,0,0,0,0,0,0,0,0,0,0,0,25,93,0,49,0,0,0,0,0,0,0,0,0,0,0,0,0,0,0,0,0,0,0,0,0,0,75,0,0,0,0,0,0,0,0,0,289,0,0,0,0,0,0,0,0,0,0,0,0,0,0,0,0,0,0,0,0,0,0,0,0,0,0,0,0,4,0,0,0,0,0,0,0,0,0,0,0,2,0,0,0,0,0,6,0,0,0,0,0,0,0,0,0,0,0,0,0,0,0,0,0,0,0,0,0,0,0,0,0,0,0,0,0,0,0,0,0,1,0,0,0,0,0,0,0,0,0,0,0,0,0,0,0,0,0,0,0,0,0,0,0,0,0,0,0,0,0,0,0,0,0,0,0,0,0,0,0,0,0,0,0,0,0,0,0,0,0,0,0,0,0,0,0,0,0,0,0,0,0,0,0,0,0,0,0,0,0,0,0,0,0,0,0,0,0,0,0,0,0,0,0,0,0,0,0,0,0,0,0,0,0,0,0,0,0,0,0,0,0,0,0,0,0,0,0,0
0c430fbe24293d2bf5add94fb66d64f5,8.0,277,344,1707,654,810,140,373,2685,2317,2770,37,0,1335,37,3081,85,97,2,8,407,991,2,101,8,14,136,26,26,62,91,154,495,40,472,139,17,95,13,159,1,75,15,0,80,32,18,9,2,32,78,9,1,0,0,5,82,235,234,11722,0,1,0,1,1581,215,486,200,2,7,6,66,2,2,26,0,990,690,27,30,1217,2199,1161,149,11,318,5,16,16,15,183,69,177,445,130,21,162,41,14,9,94,154,5,46,105,131,0,8,11,7,33,25,55,64,26,16,39,506,5,2,531,8,20,0,0,4,0,12,0,4,36,24,2,0,0,5,27,49,2,0,0,2,0,0,0,1,0,20,0,0,0,0,62,493,1,1,1,0,25,33,1,0,0,0,5,5,15,1,1,9,38,18,1,4,6,6,1,14,7,46,4,1,0,0,2,22,12,55,1,1,1,1,1,1,0,0,0,2,9,0,0,0,0,0,0,0,0,3,0,0,0,0,0,0,0,0,0,6,6,0,0,0,0,3,0,0,0,0,0,0,0,0,0,0,0,0,0,0,0,0,0,0,0,0,0,0,0,0,0,0,0,0,0,0,0,0,0,0,0,0,0,0,0,0,0,0,0,0,0,0,0,0,0,0,0,0,0,0,0,0,0,0,0,0,0,0,0,0,0,0
0c604c8593ab6b2ac27288990b1c63cb,3.4,0,33,951,35,531,792,3,44,24,87,2,1,81,0,58,1,50,1,0,2,2,0,9,0,0,188,0,3,0,23,0,82,0,2,1,5,0,0,0,0,2,3,0,0,0,0,0,1,0,0,2,0,0,0,0,0,0,0,0,0,0,0,0,5,0,202,1,0,5,5,0,0,0,1,0,0,0,0,0,0,0,0,0,0,0,0,1,2,0,0,0,0,0,0,0,0,0,0,1,2,16,0,0,1,4,0,0,1,0,0,0,1,0,0,0,3,0,0,0,0,0,0,0,0,0,0,0,0,1,3,0,0,0,0,0,0,0,1,0,0,0,0,0,8,0,0,0,0,0,0,0,0,0,0,0,0,0,2,1,0,0,0,0,0,0,0,0,0,0,0,0,0,3,0,10,0,0,0,0,0,0,0,0,0,21,0,0,0,0,0,0,0,0,0,0,0,0,0,0,0,0,0,0,0,0,2,0,0,0,0,1,1,0,0,0,0,0,0,0,0,0,0,5,0,0,0,0,0,0,0,0,0,0,0,0,0,0,0,0,0,0,0,0,0,0,0,0,0,0,0,0,0,0,0,0,0,0,0,0,0,0,0,0,0,0,0,0,0,0,0,0,0,0,0,0,0,0,0,0,0,0,0,0,0,0,0,0,0,0
0c605e45bf0d33e1e52614d8c6469bc0,4.2,0,8506,287417,24,528,24,3,44,24,87,2,1,81,0,55,0,16,1,0,2,2,0,8,0,0,188,0,3,0,23,0,82,0,4,1,5,9,0,0,0,4,3,0,0,0,0,0,1,0,0,2,0,0,0,0,0,0,0,0,0,0,0,0,1,0,202,1,0,1,0,0,0,0,1,0,0,0,0,0,0,0,0,0,0,0,0,1,2,0,0,0,0,0,0,0,0,0,0,1,4,16,0,0,1,4,0,0,1,0,0,0,1,0,0,0,3,0,0,0,0,0,0,0,0,0,0,0,0,1,3,0,0,0,0,0,0,0,1,0,0,0,0,0,8,0,0,0,0,0,0,0,0,0,0,0,0,0,2,1,0,0,0,0,0,0,0,0,0,0,0,0,0,3,0,2,0,0,0,0,0,0,0,0,0,21,0,0,0,0,0,0,0,0,0,0,0,0,0,0,0,0,0,0,0,0,2,0,0,0,0,1,1,0,0,0,0,0,0,0,0,0,0,0,0,0,0,0,0,0,0,0,0,0,0,0,0,0,0,0,0,0,0,0,0,0,0,0,0,0,0,0,0,0,0,0,0,0,0,0,0,0,0,0,0,0,0,0,0,0,0,0,0,0,0,0,0,0,0,0,0,0,0,0,0,0,0,0,0,0
9d1938274b43cf25f30f80c8032ee4c4,7.2,1,45,822,103,77,62,8,83,43,187,3,0,191,1,118,0,38,1,0,4,3,0,2,0,0,4,0,0,47,26,6,39007,1,1,11,12,24,0,0,0,4,3,0,0,0,0,0,0,6,0,0,5,0,0,0,4,592,20,430,1,0,0,0,572,2,5,2,16,0,0,0,0,0,1,0,0,0,0,0,0,22,0,0,0,2,0,4,0,0,2,0,0,0,0,2,0,0,0,0,5,0,2,0,0,4,1,0,0,0,0,0,3,0,0,0,3,1,0,0,0,0,15,0,0,0,0,1,0,0,9,0,0,0,0,6,2,0,0,0,0,0,0,0,4,0,0,0,0,0,0,0,0,1,1,0,0,0,16,20,2,4,0,5,3,3,0,0,0,0,0,0,0,3,0,0,0,9,0,0,0,0,0,0,8,8,0,0,0,0,0,0,0,0,0,0,0,0,0,0,0,0,0,0,0,0,3,3,0,0,0,0,0,0,0,0,0,0,0,0,0,0,5,0,0,0,0,0,0,0,0,0,0,0,0,0,0,0,0,0,0,0,0,0,0,0,0,0,0,0,0,0,0,0,0,0,0,0,0,0,0,0,0,0,0,0,0,0,0,0,0,0,0,0,0,0,0,0,0,0,0,0,0,0,0,0,0,0,0,0
1fd4ad60e5d4f572ecebcdd2d1171a73,1.8,0,17,544,13,5,5,2,5,3,8,2,1,3,1,31,1,8,1,2,6,5,1,2,1,1,2,2,0,0,0,1,1,1,1,0,0,6,0,0,0,0,0,0,0,0,0,0,0,0,0,0,0,0,0,3,1,0,0,0,0,0,0,0,0,0,0,0,0,0,0,0,0,0,0,0,0,0,0,0,0,0,0,0,0,0,0,0,0,0,0,0,0,0,0,0,0,0,0,0,0,0,0,0,0,0,0,0,11,0,0,0,0,0,0,0,0,0,0,0,0,0,0,0,0,0,0,0,0,0,0,0,0,0,0,0,0,0,0,0,0,0,0,0,0,0,0,0,0,0,0,0,0,0,0,0,0,0,0,0,0,0,0,0,0,0,0,0,0,0,0,0,0,0,0,0,0,0,0,0,0,0,0,0,0,0,0,0,0,0,0,0,0,0,0,0,0,0,0,0,0,0,0,0,0,0,0,0,0,0,0,0,0,0,0,0,0,0,0,0,0,0,0,0,0,0,0,0,0,0,0,0,0,0,0,0,0,0,0,0,0,0,0,0,0,0,0,0,0,0,0,0,0,0,0,0,0,0,0,0,0,0,0,0,0,0,0,0,0,0,0,0,0,0,0,0,0,0,0,0,0,0,0,0,0,0,0,0,0,0
9a12afbb19e2d9a37c270fb663598df3,1.2,0,0,0,0,0,0,0,2,2,2,0,0,0,0,0,0,0,0,0,0,0,0,0,0,0,0,0,0,0,0,0,0,0,0,0,0,0,0,0,0,0,0,0,0,0,0,0,0,0,0,0,0,0,0,1,0,0,0,0,0,0,0,0,0,0,0,0,0,0,0,0,0,0,0,0,0,0,0,0,0,0,0,0,0,0,0,0,0,0,0,0,0,0,0,0,0,0,0,0,0,0,0,0,0,0,0,0,0,0,0,0,0,0,0,0,0,0,0,0,0,3,0,0,0,0,0,0,1,0,0,0,0,0,0,0,0,0,0,0,0,0,0,0,0,0,0,0,0,0,0,0,0,0,0,0,0,0,1,0,0,0,0,0,0,0,0,0,0,0,0,0,0,0,0,0,0,0,0,0,0,0,0,0,0,0,0,0,0,0,0,0,0,0,0,0,5,0,0,0,0,0,0,0,0,0,0,0,0,0,0,0,0,0,0,0,0,0,0,0,0,0,0,0,0,0,0,0,0,0,0,0,0,0,0,0,0,0,0,0,0,0,0,0,0,0,0,0,0,0,0,0,0,0,0,0,0,0,0,0,0,0,0,0,0,0,0,0,0,0,0,0,0,0,0,0,0,0,0,0,0,0,0,0,0,0,0,0,0,0
4c8401f098965da00884231dd3460eb8,1.2,14,23,85,90,0,3,19,4,1,2,1,0,0,2,171,1,11,0,1,10,193,1,4,0,0,0,4,1,1,1,2,10,1,37,2,2,0,0,0,0,0,0,0,0,1,0,0,0,0,0,0,0,0,0,0,2,0,0,0,0,0,0,0,6633,2,0,1,0,0,0,0,0,0,0,0,211,159,0,168,2558,222,0,16,0,1,0,0,0,0,1,0,0,12,0,2,18,2,0,0,6,11,0,0,1,4,2,0,1,0,0,0,6,8,0,2,0,60,0,0,0,0,0,0,0,0,0,0,0,0,2,0,0,0,0,0,0,0,0,0,0,0,0,0,0,0,0,0,0,0,0,0,0,0,0,0,0,0,0,0,0,0,0,0,0,0,0,0,0,0,0,0,0,0,0,0,0,0,0,0,0,0,0,0,0,0,0,0,0,0,0,0,0,0,0,0,0,0,0,0,0,0,0,0,0,0,0,0,0,0,0,0,0,0,0,0,0,0,0,0,0,26,0,0,0,0,0,0,0,0,0,0,0,0,0,0,0,0,0,0,0,0,0,0,0,0,0,0,0,0,0,0,0,0,0,0,0,0,0,0,0,0,0,0,0,0,0,0,0,0,0,0,0,0,0,0,0,0,0,0,0,0,0,0,0,0,0,0,0,0
4e024fc6077966c9fb8f801e2458705c,11.8,163,126,768,242,29,211,244,781,375,720,75,2,9,19,3109,92,65,2,3,148,2646,5,53,1,5,37,9,4,93,111,86,238,14,2016,55,15,16,12,233,5,13,45,6,316,15,0,4,0,11,236,2,11,1,1,5,58,0,0,0,0,4,0,0,34,133,19,87,2,12,0,0,0,0,2,0,4021,2835,63,16,16,2023,337,22,12,131,2,0,0,4,123,27,64,225,55,13,241,54,0,6,59,72,3,86,96,108,1,5,4,35,8,30,30,24,6,45,56,254,4,0,17,0,1,0,0,2,0,0,33,5,7,10,0,0,1,28,9,7,0,0,0,1,0,1,27,0,0,14,0,1,0,0,49,1,0,1,1,0,6,1,0,0,0,0,2,2,0,0,0,1,38,4,0,43,0,0,1,0,0,0,2,0,0,0,0,0,3,26,8,0,0,0,0,0,0,0,0,0,0,0,1,0,0,18,0,0,0,0,0,0,0,0,0,0,0,0,0,0,0,0,0,0,0,11,6,0,0,0,2,2,0,0,0,0,0,2,0,0,0,0,0,0,0,0,0,0,0,0,0,0,0,0,0,0,0,0,0,0,0,0,0,0,0,0,0,0,0,0,0,0,0,0,0,0,0,0,0,0,0,0,0,0,0,0,0,0,0,0,0,0
0a83777e95be86c5701aaba0d9531015,8.8,318,956,10639,10462,202,11540,11,181,494,537,28,2,213,17,1838,113,9177,11,12,173,179,11,77,11,22,0,33,2,0,19,73,26,0,0,17,0,4526,2,0,0,4,7,3,40,0,0,23,0,22,0,1,0,11,11,68,178,0,0,0,0,0,0,0,68,11,60,0,72,0,0,0,0,0,0,0,7,45,0,0,0,440,0,11,0,9,0,0,0,0,11,0,0,723,518,0,22,0,0,0,53,3,0,164,23,23,0,0,24,2,0,2,34,88,0,33,0,0,22,0,37,11,0,0,0,0,11,0,519,11,0,0,0,0,10,33,9,451,0,0,0,0,0,0,271,0,0,0,0,2,0,0,616,0,11,0,0,0,45,33,0,0,0,0,0,0,0,0,0,0,0,0,0,2,0,0,0,0,0,0,0,0,0,0,0,0,14,0,0,0,0,0,0,0,0,0,0,0,0,0,11,0,0,0,0,0,11,1,0,0,0,0,0,0,0,11,0,0,0,242,0,0,0,0,0,0,0,0,0,0,0,0,0,0,0,0,0,0,0,0,0,0,0,0,0,0,0,0,0,0,0,11,0,0,0,0,0,0,0,0,0,0,0,0,0,0,0,0,0,0,0,0,0,0,0,0,0,0,0,0,0,0,0,0,0,0,0,0,0,0
0b3dbac1f5461615b288e1c9076e7176,4.2,29,83,750,254,51,30,10,506,187,1224,13,1,19,4,494,35,54,3,0,111,95,0,6,3,3,0,0,1,0,37,80,67,0,648,2,2,36,1,42,0,6,10,5,181,0,0,6,0,3,22,2,0,0,0,18,34,1,1,43,0,1,0,0,23,1,4,38,20,38,36,112,38,0,6,0,27,7,0,0,0,75,0,29,0,1,0,0,0,0,5,56,0,42,18,0,1,0,0,0,17,5,0,0,40,40,0,0,3,0,56,0,6,0,0,11,38,796,3,0,0,15,0,0,0,0,3,0,35,6,0,0,0,0,0,4,0,0,0,0,0,0,0,0,0,0,3,1,0,2,0,0,92,0,0,0,0,0,743,735,0,0,0,0,9,9,0,0,0,0,1,0,0,3,1,0,0,0,11,0,0,0,0,0,0,5,7,0,0,0,0,0,0,0,0,0,0,0,0,0,4,0,0,0,2,0,0,3,0,0,0,0,0,5,0,0,0,0,0,0,0,374910,0,21,0,0,0,0,0,0,0,0,0,0,0,0,0,0,0,0,0,0,0,0,0,0,0,0,0,0,0,0,0,0,0,0,0,0,0,0,0,0,0,0,0,0,0,0,0,0,0,0,0,0,0,0,0,0,0,0,0,0,0,0,0,0,0,0,0,0
0b644ebe34259c653f7ca3c340af4da9,2.6,17,44,159,251,16,31,143,6,0,10,4,1,8,3,1309,64,108,0,3,34,830,1,50,1,1,19,3,1,126,30,17,292,17,3176,20,4,0,7,0,4,125,10,0,571,28,0,1,0,0,0,0,0,0,0,2,4,0,0,0,0,0,0,0,1022,70,0,19,6,0,0,0,0,0,0,0,776,597,0,0,256,5128,281,20,27,3,0,0,0,12,64,0,7,21,4,5,751,18,0,0,170,99,0,6,32,70,1,6,1,10,1,0,8,8,1,0,23,417,2,0,0,0,0,0,0,0,0,0,0,0,2,10,0,0,0,3,0,0,0,0,0,0,1,0,8,1,0,0,0,0,0,0,0,0,0,1,4,0,2,15,0,0,0,0,0,0,0,0,0,1,0,0,0,81,0,0,0,0,0,0,0,0,0,0,0,0,0,0,0,0,0,0,0,0,0,0,0,0,0,0,0,0,0,3,0,0,2,0,0,0,0,0,0,0,0,2,1038,0,0,0,0,0,0,0,0,0,0,0,0,0,1,0,0,0,0,0,0,0,0,0,0,0,0,0,0,0,0,0,0,0,0,0,0,0,0,0,0,0,0,0,0,0,0,0,0,0,0,0,0,0,0,0,0,0,0,0,0,0,0,0,0,0,0,0,0,0,0,0,0,0
1f56aa18dc76dc1cb5ca06787fbca483,1.4,1,1,3,9,0,1,0,0,0,0,0,0,0,0,0,0,1,0,0,0,0,0,0,0,0,0,0,0,0,0,0,3190,0,0,2,0,0,0,0,0,0,0,0,0,0,0,0,0,0,0,0,0,0,0,0,0,0,0,0,0,0,0,0,0,0,0,0,0,0,0,0,0,0,0,0,0,0,0,0,0,3,0,0,0,0,0,4,0,0,0,0,0,0,0,0,0,0,0,0,0,0,0,0,0,1,1,0,0,0,0,0,1,0,0,0,0,0,0,0,0,0,0,0,0,0,0,0,0,0,0,0,0,0,0,6,0,0,0,0,0,0,0,0,0,0,0,0,0,0,0,0,0,0,0,0,0,0,0,0,0,0,0,0,0,0,0,0,0,0,0,0,0,0,0,0,0,0,0,0,0,0,0,0,0,0,0,0,0,0,0,0,0,0,0,0,0,0,0,0,0,0,0,0,0,0,0,0,0,0,0,0,0,0,0,0,0,0,0,0,0,0,0,0,0,0,0,0,0,0,0,0,0,0,0,0,0,0,0,0,0,0,0,0,0,0,0,0,0,0,0,0,0,0,0,0,0,0,0,0,0,0,0,0,0,0,0,0,0,0,0,0,0,0,0,0,0,0,0,0,0,0,0,0,0,0,0,0,0,0
0c16055804fcb734a0bcb0bf9bac98b5,2.2,20,21,81,28,0,2,19,7,3,5,1,0,16,1,1543,1,2,0,1,11,195,1,6,1,1,0,4,1,1,1,2,12,2,38,2,0,0,0,0,0,0,0,0,0,1,0,0,0,0,0,0,0,0,0,0,2,1379,1379,57046,0,0,0,0,1379,1,0,1,0,0,0,0,0,0,0,0,210,158,0,183,0,36,0,1,0,1,0,1,0,0,1,0,0,20,0,2,1,2,0,0,5,11,0,2,3,6,2,0,1,0,0,0,6,8,0,2,0,60,0,1,4,0,0,0,0,0,0,0,0,0,2,0,0,0,0,0,2,41,0,0,0,0,0,0,0,0,0,0,0,0,0,0,0,0,0,0,0,0,0,0,0,0,0,0,0,0,0,0,0,0,0,0,0,0,0,0,0,0,0,0,0,0,0,0,0,0,0,0,0,0,0,0,0,0,0,0,0,0,0,0,0,0,0,0,0,0,0,0,0,0,0,0,0,0,0,0,0,0,0,0,0,0,0,0,0,0,0,0,0,0,0,0,0,0,0,0,0,0,0,0,0,0,0,0,0,0,0,0,0,0,0,0,0,0,0,0,0,0,0,0,0,0,0,0,0,0,0,0,0,0,0,0,0,0,0,0,0,0,0,0,0,0,0,0,0,0,0,0,0,0
0dd7e0e00ecb6b23449e720d2f6fcb5e,1.4,14,28,116,10450,0,7,64,2,1,1,1,0,0,2,5331,2,5163,0,2,13,106,1,6,1,1,0,4,1,0,8,0,233,1,5289,2,2,0,1,0,0,5147,0,3,232,1,0,0,0,0,0,7,0,0,0,0,2,0,0,0,0,0,0,0,4705,2,0,1,0,0,0,0,0,0,0,0,198,146,0,0,2259,1576,0,1627,0,1,0,1,0,0,1,0,0,12,0,2,207,2,0,0,4950,9,0,1,4,7,2,1,1,0,0,0,6,8,0,15,4,179,200,0,0,0,0,0,0,0,0,0,0,0,2,0,0,0,0,0,0,0,0,0,0,0,0,0,0,0,0,0,0,0,0,0,0,0,0,0,0,0,0,0,0,0,0,0,0,0,0,0,0,0,1,0,0,3,1,0,0,0,0,0,0,0,0,0,0,0,0,0,0,0,0,0,0,0,0,0,0,0,0,0,0,0,0,0,0,0,0,0,0,0,0,0,0,0,0,0,0,0,0,0,0,3242,0,0,0,0,0,0,0,0,0,0,0,0,0,0,0,0,0,0,0,0,0,0,0,0,0,0,0,0,0,0,0,0,0,0,0,0,0,0,0,0,0,0,0,0,0,0,0,0,0,0,0,0,0,0,0,0,0,0,0,0,0,0,0,0,0,0,0,0
0f9561f26e4ee69b31f6bdb57f9e6c8d,1.2,12,20,63,63,0,2,20,6,1,3,1,0,0,1,156,1,5,0,1,10,189,1,6,1,1,0,4,1,1,1,2,10,1,37,2,0,0,0,0,0,0,0,0,0,1,0,0,0,0,0,0,0,0,0,0,2,1,1,41,0,0,0,0,6518,1,0,1,0,0,0,0,0,0,0,0,206,154,0,166,2521,67,0,33,6518,1,0,1,0,0,1,0,0,12,0,2,9,2,0,0,5,11,0,0,1,4,2,0,1,0,0,0,6,8,0,2,0,60,0,1,0,0,0,0,0,0,0,0,0,0,2,0,0,0,0,0,0,0,0,0,0,0,0,0,0,1,0,0,0,0,0,0,0,0,0,0,0,0,0,0,0,0,1,0,0,0,0,0,0,0,0,0,0,0,0,0,0,0,0,0,0,0,0,0,0,0,0,0,0,0,0,0,0,0,0,0,0,0,0,0,0,0,0,0,0,0,0,0,0,0,0,0,0,0,0,0,0,0,0,0,0,46,0,0,0,0,0,0,0,0,0,0,0,0,0,0,0,0,0,0,0,0,0,0,0,0,0,0,0,0,0,0,0,0,0,0,0,0,0,0,0,0,0,0,0,0,0,0,0,0,0,0,0,0,0,0,0,0,0,0,0,0,0,0,0,0,0,0,0,0
0f6441892cfd2ab54bd5dae53e92239e,11.0,65,161,1928,137,28,94,20,57,142,141,5,1,12,6,350,17,18,20,2,35,37,2,17,2,2,0,6,2,2,21,11,21,0,888,6,2,6,3,0,0,6,5,28,47,0,0,8,0,9,0,6,34,0,0,13,10,0,0,0,2,0,0,0,40,8,42,0,0,18,9,0,0,0,0,0,13,16,0,1,8,245,0,0,0,190,0,0,0,0,3,0,1,162,112,4,37,0,0,0,11,2,1,14,8,15,3,0,6,0,0,0,20,16,2,15,0,91,4,0,0,0,0,1,0,0,0,0,129,0,4,0,0,0,1,0,0,42,0,0,0,0,0,0,46,0,0,0,0,1,2,0,98,0,0,0,0,0,43,22,0,0,0,0,0,0,0,0,0,0,0,0,0,5,0,0,0,0,9,0,0,0,0,0,0,0,3,0,0,0,0,0,0,0,0,0,0,0,0,0,2,0,0,0,0,0,0,0,0,0,0,0,0,0,0,2,0,9,0,0,0,8,0,8,0,0,0,0,0,0,2,0,0,19,0,0,0,0,0,0,0,0,0,0,0,0,0,0,0,0,0,1,0,0,0,0,0,0,0,0,0,0,0,0,0,0,0,0,0,0,0,0,0,0,0,0,0,0,0,0,0,0,0,0,0,0,0,0,0,0
0fef3c0c12f89c20ea09d99f5f6ead0a,6.0,5,148,876,1855,6,119,110,154,287,98,119,2,3,12,1478,38,674,3,2,81,598,9,11,1,6,3,0,2,2,113,280,108,0,359,8,3,94,1,4,0,33,2,2,139,0,0,2,0,9,3,2,0,0,0,3,43,1,0,12,0,3,5,16,2,11,0,0,0,0,0,127,0,0,16,0,973,609,0,0,0,1016,102,0,0,174,0,0,0,0,8,12,0,18,18,8,75,0,0,0,240,190,1,6,44,48,1,1,2,220,127,141,15,0,0,19,60,154,1,0,27,2,0,0,0,0,0,0,34,1,11,67,0,0,0,31,6,5,0,0,0,0,1,1,1,0,0,0,0,1,0,0,0,3,0,0,0,0,1,1,0,0,0,0,0,0,0,0,0,0,2,0,0,3,0,0,0,0,0,0,32,0,0,0,0,0,4,0,0,0,0,0,0,0,0,0,0,0,0,0,0,1,0,0,0,0,0,1,0,0,16,0,0,0,0,0,0,0,0,0,0,0,0,0,0,0,0,5,2,2,0,0,0,0,0,0,0,0,0,0,0,0,0,0,0,0,4,0,0,0,0,0,0,0,0,0,0,427,6,16,0,0,0,0,0,0,0,0,0,0,0,0,0,0,0,0,0,0,0,0,0,0,0,0,0,0,0,0,0,0
01db10a317194fe7c94a58fae14f787c,10.0,8,65,735,159,18,201,14,101,169,67,84,2,8,7,252,10,16,0,2,23,26,2,5,1,4,3,0,1,2,45,88,41,0,11,4,3,20,1,1,0,4,3,3,28,0,0,3,0,4,0,1,6,1,1,6,9,0,0,0,0,1,0,0,0,3,128,0,0,0,0,0,0,0,1,0,13,16,0,0,1,59,0,1,0,5,0,0,0,0,0,0,0,24,19,6,12,0,0,0,9,0,0,5,14,15,1,0,4,0,0,0,9,0,0,7,9,1,2,0,19,0,1,0,0,0,0,0,40,0,2,5,0,0,0,0,6,4,0,0,0,1,0,1,0,0,0,0,0,1,0,0,0,1,0,0,2,0,1,1,0,0,0,0,0,0,0,0,0,0,0,0,0,2,0,0,0,0,0,0,0,0,0,0,0,0,3,0,0,0,0,0,0,0,0,0,0,0,0,0,2,0,0,0,0,0,0,0,0,0,0,0,0,0,0,1,5,0,0,0,0,0,0,0,0,0,0,0,0,0,0,0,0,0,0,0,0,0,0,0,0,0,0,0,0,0,0,0,0,0,0,0,0,0,0,1,0,0,0,0,0,0,0,0,0,0,0,0,0,0,0,0,0,0,0,0,0,0,0,0,0,0,0,0,0,0,0,0,0,0
1a6031959d62cc35e0c9d95a8eadfa38,11.8,78,59,315,64,24,77,16,57,100,170,4,1,16,7,581,22,5,6,3,44,43,3,18,3,4,2,6,3,1,39,6,16,0,0,236,0,0,3,0,0,7,6,51,53,0,2,9,0,7,0,4,33,0,0,16,17,0,0,0,2,0,0,0,515,9,36,0,0,10,0,0,0,0,0,0,7,7,0,0,232,135,0,0,0,191,0,0,0,0,3,0,0,74,21,2,16,0,0,0,16,5,2,12,13,15,0,0,7,0,0,0,25,16,3,14,5,0,2,0,0,0,0,0,0,0,0,0,38,0,2,0,0,0,3,0,0,41,0,0,0,0,0,0,69,0,0,0,0,2,230,0,147,0,0,0,0,0,105,21,0,0,0,0,0,0,0,0,0,0,0,0,0,2,0,0,0,0,0,0,0,0,0,0,0,0,6,0,0,0,0,0,0,0,0,0,0,0,0,0,1,0,0,0,0,0,0,1,0,0,0,0,0,0,0,1,0,0,0,0,460,0,0,9,0,0,4,0,0,0,0,0,0,0,0,0,0,0,0,0,0,0,0,0,0,0,0,0,0,0,0,0,0,0,0,0,0,0,0,0,0,0,0,0,0,0,0,0,0,0,0,0,0,0,0,0,0,0,0,0,0,0,0,0,0,0,0,0,0,0
1b5b95995db845cc1e4b1b5d9d952198,2.4,99,78,377,142,230,29,151,488,207,632,2,0,25,8,1966,45,151,0,1,89,1222,1,28,0,0,17,6,2,46,212,24,252,8,5195,30,12,4,46,0,3,5,187,3,469,9,0,1,0,3,4,0,0,0,0,2,40,0,0,0,0,0,0,0,5,39,0,54,0,0,0,0,0,0,1,0,2637,1779,12,10,7,1863,215,19,5,37,0,0,0,3,35,21,19,115,12,5,156,29,0,4,41,43,2,27,30,46,0,2,1,27,7,30,15,16,3,165,20,896,3,0,0,0,0,0,0,2,0,0,2,4,5,0,0,0,1,7,3,3,0,0,0,0,0,0,2,0,0,14,0,0,0,0,187,0,0,1,1,0,231,231,0,0,0,0,2,2,0,0,0,0,163,4,0,171,0,0,0,0,0,0,2,0,0,0,0,0,0,26,8,0,0,0,0,0,0,0,0,0,0,0,0,0,0,18,0,0,0,51,0,0,0,0,0,2,0,0,0,0,0,0,1,0,0,0,3,0,0,0,0,0,3,0,0,0,0,0,0,0,0,0,0,0,0,0,0,0,0,0,0,0,0,0,0,0,0,0,0,0,0,0,0,0,0,0,0,0,0,0,0,0,0,0,0,0,0,0,0,0,0,0,0,0,0,0,0,0,0,0,0,0
1d45c718da2b2f7c3c9774eaf5a624b2,4.0,55,65,277,598,64,18,74,326,210,343,6,0,41,4,393,2,36,0,1,32,307,1,11,1,1,3,4,1,0,35,48,51,1,145,5,1,2,0,3,0,7,2,4,20,1,14,1,0,4,2,5,0,0,0,0,17,0,0,0,0,0,0,0,3298,11,0,17,0,1,0,13,1,1,1,0,459,307,0,4,1288,232,78,35,0,49,0,1,0,0,6,12,10,65,10,4,19,2,0,1,20,23,2,35,5,9,2,0,1,0,11,2,8,8,0,11,5,214,8,766,123,0,0,0,0,2,0,0,0,1,6,7,8,0,0,0,2,3,0,0,0,0,0,0,0,1,0,14,0,0,0,0,0,0,0,0,0,0,3,7,0,0,0,0,2,2,6,0,0,0,2,18,0,3,1,0,0,7,1,19,2,0,0,0,7,0,0,55,1,2,1,2,2,2,0,0,0,2,1,0,0,0,0,15,0,0,0,0,0,0,0,0,0,0,0,0,0,0,0,0,0,32,0,0,0,0,0,0,0,0,0,0,0,0,0,2,0,0,0,0,0,0,0,0,0,0,0,0,0,0,0,0,0,0,0,0,0,0,0,0,0,0,0,0,0,0,0,0,0,0,3,0,0,0,0,0,0,0,0,0,1,0,0,0,0,0,0,0,0,0
1ef1463cb5cd677b3b73e414dc2998af,10.0,0,45,322,135,17,185,13,94,167,66,84,2,9,6,138,11,13,0,2,19,23,2,5,1,4,3,0,1,2,26,48,40,0,11,4,1,18,1,1,0,4,6,6,26,0,0,3,0,4,0,1,6,1,1,9,9,0,0,0,0,1,0,0,0,2,22,0,0,0,0,0,0,0,1,0,13,16,0,0,0,0,0,0,0,5,0,0,0,0,0,0,0,15,19,3,0,0,0,0,11,3,0,5,13,14,1,0,3,0,0,0,8,0,0,7,9,1,2,0,19,0,1,0,0,0,0,0,36,0,2,5,0,0,0,0,6,4,0,0,0,1,0,1,0,0,0,0,0,2,0,0,0,1,0,0,2,0,1,1,0,0,0,0,0,0,0,0,0,0,0,0,0,2,0,0,0,0,0,0,0,0,0,0,0,0,3,0,0,0,0,0,0,0,0,0,0,0,0,0,0,0,0,0,0,0,0,1,0,0,0,0,0,0,0,1,0,0,0,0,0,0,0,0,0,0,0,0,0,0,0,0,0,0,0,0,0,0,0,0,0,0,0,0,0,0,0,0,0,0,0,0,0,0,0,1,0,0,0,0,0,0,0,0,0,0,0,0,0,0,0,0,0,0,0,0,0,0,0,0,0,0,0,0,0,0,0,0,0,0
02b94f96e0f1bc9189b756edd8b64318,3.8,82,118,671,538,116,41,96,462,222,533,4,0,212,5,627,16,37,1,1,49,502,1,14,1,2,18,4,1,3,87,26,62,22,97,17,21,0,5,3,0,16,30,10,6,1,4,2,2,6,6,4,0,0,0,6,25,0,0,0,0,0,0,0,980,10,10,91,0,1,0,19,1,1,1,0,5227,5063,8,127,412,320,6,2,0,21,0,1,0,0,4,12,6,83,6,10,20,4694,0,1,41,61,3,15,15,30,3,0,3,7,12,17,9,8,0,8,18,96,5,1094,4,0,0,0,0,2,0,0,0,1,17,1,0,0,0,1,7,44,2,0,0,0,0,0,0,0,0,14,0,5,0,0,0,0,0,0,0,0,11,9,0,0,0,0,3,3,4,0,0,0,6,17,0,9,4,0,0,7,1,7,2,0,0,0,2,10,6,55,1,1,1,1,1,1,0,0,0,2,0,0,0,4,0,15,0,0,3,3,0,0,0,0,0,0,0,0,0,0,0,0,0,2,0,0,0,0,0,0,0,0,0,0,0,0,0,0,0,0,0,0,0,0,0,0,0,0,0,0,0,0,0,0,0,0,0,0,0,0,0,0,0,0,0,0,0,0,0,0,0,0,0,0,0,0,0,0,0,0,0,0,0,0,0,0,0,0,0,0,0,0
2bac879b6cdf577969d2f51d4e435289,7.6,16,185,928,421,8,76,194,164,139,188,27,0,15,18,1655,24,69,0,8,165,640,0,60,7,135,7,18,6,35,46,114,40,0,54,126,36,38,4,47,0,20,0,0,1,0,0,6,0,18,63,1,1,128,128,9,58,4,0,0,1,0,0,0,9848,62,0,158,0,0,0,44,0,0,21,0,1016,716,0,14,1328,600,647,131,10,71,6,17,17,11,45,85,159,169,105,7,105,10,18,6,80,8,261,8,34,34,0,6,6,6,63,30,36,48,12,6,8,61,7,4,2,8,0,0,0,0,0,0,0,0,2,0,0,0,0,0,0,0,0,0,0,0,0,0,0,0,0,2,0,0,0,0,0,0,0,0,0,0,4,8,0,0,0,0,4,4,2,0,0,0,0,27,0,0,0,0,0,6,0,0,2,0,0,0,8,0,0,0,0,8,0,0,0,0,0,0,0,0,0,0,0,0,0,125,0,0,0,0,0,0,0,0,0,0,0,0,0,0,0,0,0,0,0,0,0,0,0,0,0,0,0,0,0,0,0,0,4,2681,8,0,0,0,0,0,0,0,0,128,0,0,0,0,0,0,0,0,0,0,0,0,0,0,0,0,0,0,0,0,0,0,0,0,0,0,0,0,0,0,0,0,0,0,0,0,0,0,0,0,0,0
2ca1ccd1389576d7a8b6c912320d5faa,1.4,106,40,253,58,18,22,12,419,211,313,0,0,34,1,153,2,12,0,0,37,235,0,2,0,0,0,0,0,0,15,0,3,0,52,6,3,4,0,0,0,1,0,0,0,0,0,0,0,2,4,0,0,0,0,0,5,0,0,0,0,0,0,0,0,8,0,9,0,0,0,0,0,0,1,0,171,131,10,4,87,253,262,27,0,32,0,0,0,0,6,12,1,105,0,4,20,0,0,2,3,0,2,4,3,6,0,0,0,7,5,30,2,0,0,0,0,58,0,0,0,0,0,0,0,2,0,0,2,2,4,0,0,0,0,0,3,3,0,0,0,0,0,0,0,0,0,14,0,0,0,0,0,0,0,0,0,0,0,0,0,0,0,0,2,2,0,0,0,0,0,2,0,0,0,0,1,0,0,0,2,0,0,0,0,0,0,26,8,0,0,0,0,0,0,0,0,0,0,0,0,0,0,15,0,0,0,0,0,0,0,0,0,0,0,0,0,0,0,0,0,0,0,0,0,0,0,0,0,0,0,0,0,0,0,0,0,0,0,0,0,0,0,0,0,0,0,0,0,0,0,0,0,0,0,0,0,0,0,0,0,0,0,0,0,0,0,0,0,0,0,0,0,0,0,0,0,0,0,0,0,0,0,0,0,0,0,0,0,0
2cfa0b1c7ff49727a28c222fd524fc2c,2.6,0,0,0,1,0,0,0,0,0,0,0,0,0,0,6,0,0,0,1,0,0,0,0,0,0,0,0,0,1,0,0,0,0,0,0,0,0,0,0,0,0,0,0,0,0,0,0,0,0,0,0,0,0,3,3,0,0,0,0,0,0,0,0,8,0,0,0,0,0,0,0,0,0,0,0,0,0,0,0,22,4,12,2,0,0,0,0,0,0,0,0,0,0,0,0,0,0,0,0,0,0,2,0,1,1,0,0,0,0,0,0,0,0,0,0,0,0,0,0,0,3,0,0,0,0,0,0,0,0,0,0,0,0,0,0,0,0,0,0,0,0,1,0,0,0,0,0,0,0,0,0,0,0,0,0,0,0,0,0,0,0,0,0,0,0,0,0,0,0,0,0,0,0,0,0,0,0,0,0,0,0,0,0,0,0,0,0,0,0,0,0,0,0,0,0,0,0,0,0,0,0,0,0,0,0,0,0,0,0,0,0,0,0,0,0,0,0,0,1,0,0,0,0,0,0,0,0,0,0,0,0,0,0,0,0,0,0,0,0,0,0,0,1,0,0,0,0,0,0,0,0,0,0,0,0,0,0,0,0,0,0,0,0,0,0,0,0,0,0,0,0,0,0,0,0,0,0,0,0,0,0,0,0,0,0,0,0,0,0
2d3a56e6d3e9e1db867ec24ebb5b9502,3.0,133,79,273,128,29,36,693,750,238,696,7,0,37,10,3539,137,24,0,1,137,3137,1,88,0,0,47,6,2,138,157,38,289,25,241,60,20,4,9,238,8,22,44,4,269,28,0,1,0,67,241,0,0,0,0,2,60,0,0,0,0,0,0,0,21,236,0,106,12,0,0,0,0,0,0,0,4688,3234,60,11,18,2103,348,22,16,124,2,1,1,13,235,17,109,233,83,10,254,68,0,6,98,132,2,74,91,155,0,9,2,35,4,30,15,16,4,38,83,276,3,0,0,0,0,0,0,2,0,0,0,5,8,0,0,0,1,26,3,3,0,0,0,0,0,0,4,0,0,14,0,0,0,0,0,0,0,1,4,0,1,0,0,0,0,0,0,0,0,0,0,1,36,0,0,41,0,0,1,0,0,0,0,0,0,0,0,5,0,26,0,0,0,0,0,0,0,0,0,0,0,0,0,0,0,8,0,0,1,0,0,0,0,0,0,0,0,0,0,0,0,0,0,0,0,0,6,0,0,0,0,0,0,0,0,0,0,0,0,0,0,0,0,0,0,0,0,0,0,0,0,1,0,0,0,0,0,0,0,0,0,0,0,0,0,0,0,0,0,0,0,0,0,0,0,0,0,0,0,0,0,0,0,0,0,0,0,0,0,0,0,0
2d7839f3fc66dceee05dd4da03474675,11.6,39,39,251,67,6,47,263,90,25,90,2,1,6,5,2435,76,48,0,1,91,1573,1,34,0,26,23,3,2,61,42,13,239,16,93,50,6,10,5,8,2,14,5,5,144,24,0,6,0,4,7,2,4,26,0,9,57,1137,1136,45881,3,0,0,0,820,150,1,52,6,0,0,0,0,0,0,0,3340,2200,0,8,1056,1274,728,107,7,24,0,1,1,2,152,15,107,168,109,13,119,29,0,2,23,89,27,72,72,77,0,16,4,22,1,0,12,8,2,0,79,91,12,0,0,0,0,0,0,0,0,0,42,1,0,0,0,0,0,27,1,2,0,0,0,0,0,0,2,0,0,0,0,2,0,0,0,1,0,0,0,0,1,2,0,0,0,0,0,0,0,0,0,1,5,0,0,3,0,0,0,0,0,0,0,0,0,0,0,0,3,0,0,0,0,0,0,0,0,0,0,0,0,0,0,0,2,0,0,0,0,1,0,0,0,0,0,0,1,1,0,0,0,0,0,0,0,0,3,0,0,0,0,0,0,0,0,0,0,0,2,1178,0,0,0,0,0,0,0,0,0,26,0,2,0,0,0,0,0,0,0,0,0,0,0,0,0,0,0,0,0,0,0,0,0,0,0,0,0,0,0,0,0,0,0,0,0,0,0,0,0,0,0,0
2dcefe60b902897bf4279c041a065bcc,6.2,6,253,2047,784,116,531,257,699,806,619,254,5,6,26,2653,78,114,10,41,209,5291,2,30,0,15,10,28,3,38,121,390,221,20,302,54,6,47,4,8,4,80,7,5,34,18,0,5,2,26,85,5,0,0,0,15,37,0,0,0,0,8,24,130,339,55,322,34,0,0,16,69,0,0,6,0,1039,1865,16,0,2,137,0,0,0,55,0,0,0,0,45,24,0,18,18,12,10,226,0,4,51,351,4,14,103,113,2,0,4,152,26,24,30,16,0,16,70,128,2,0,54,1,133,0,0,0,0,0,35,4,28,47,2,0,3,62,84,139,2,0,0,4,0,2,2,0,2,4,0,2,0,0,0,2,0,0,0,0,1,1,0,0,0,0,0,0,0,0,0,2,0,0,0,2,2,0,0,4,0,0,16,0,0,0,0,90,7,0,0,0,0,0,0,0,4,0,0,0,0,0,0,6,1,0,6,0,0,1,20,10,8,0,0,0,0,0,0,0,0,0,0,0,0,0,2,0,0,12,4,4,0,0,0,0,0,4,0,0,0,0,0,0,0,0,0,0,0,0,0,0,0,0,0,0,0,0,0,0,0,0,0,0,0,0,0,0,0,0,0,0,0,0,0,0,0,0,0,2,0,0,0,3,0,0,0,0,0,0,0,0
2e0e5bad6caee56856970420c0a996d9,16.2,77,30,187,80,22,82,14,34,32,99,9,1,13,5,257,11,28,5,11,28,29,2,10,2,3,5,3,3,0,11,3,16,0,2,6,2,10,1,0,0,3,6,2,127,0,1,6,0,29,0,5,2,1,1,12,16,1,1,1,0,0,0,0,623,3,18,0,0,11,0,0,0,0,0,0,7,7,0,0,2,633,0,0,0,9,0,0,0,0,0,0,0,159,131,0,123,0,0,0,14,4,1,8,6,6,54,0,5,0,0,0,16,8,0,7,1,1,1,1224,1,131,1,0,0,0,0,0,132,0,0,0,0,0,2,0,0,0,0,0,0,0,0,0,46,0,0,0,0,2,262,0,98,0,0,0,0,0,30,7,0,0,0,0,0,0,0,0,0,0,0,0,0,2,0,0,0,0,1,0,0,0,0,0,0,0,5,0,0,0,0,0,0,0,0,0,0,0,0,0,0,0,0,0,0,0,0,1,0,0,0,0,0,0,1,0,0,0,0,0,0,0,0,9,0,0,2,0,0,0,1,0,0,0,0,0,0,0,0,0,0,0,0,0,0,0,0,0,0,0,0,1,0,0,0,0,0,0,0,0,0,0,0,0,0,0,0,0,0,0,0,0,0,0,0,0,0,0,0,0,0,0,0,0,0,0,0,0,0,0
2ea216e792ef906fef47402a72222763,6.2,2,136,1283,358,6,404,51,376,621,262,176,3,4,13,787,17,39,10,3,27,698,0,11,0,14,4,3,2,8,57,212,47,0,138,40,6,35,1,2,2,4,5,5,14,0,0,3,0,16,85,1,0,0,0,9,24,0,0,0,0,2,8,104,961,16,226,0,0,0,10,69,0,0,2,0,7,123,0,0,0,3,0,0,0,2,0,0,0,0,4,24,0,16,18,4,0,0,0,0,13,3,4,0,25,26,3,0,4,4,24,0,17,8,0,8,14,0,2,0,50,3,104,0,0,0,0,0,35,0,4,18,0,0,1,0,18,11,0,0,0,0,0,2,2,0,0,0,0,2,0,0,0,2,0,0,0,0,1,1,0,0,0,0,0,0,0,0,0,0,0,0,0,2,0,0,0,10,0,0,16,0,0,0,0,0,3,0,0,0,0,0,0,0,4,0,0,0,0,0,0,2,0,0,5,0,0,1,12,10,8,0,0,0,0,0,0,0,0,0,0,0,0,0,0,0,0,4,0,0,0,0,0,0,0,1,0,0,0,0,0,0,0,0,0,0,0,0,0,0,0,0,0,0,0,0,0,0,0,0,0,0,0,0,0,0,0,0,0,0,0,0,0,0,0,0,0,0,0,0,0,0,0,0,0,0,0,0,0,0
2ebe59105a5a955361ab3dd16158746d,3.0,26,29,285,85,6,17,10,76,78,31,1,1,33,4,142,0,88,1,0,9,13,0,4,0,9,0,0,1,2,8,4,4,0,0,2,4,0,1,0,0,3,2,0,125,0,0,10,1,11,0,1,0,0,0,0,7,0,0,0,0,0,0,0,293934,2,14,0,0,2,2,0,0,0,1,0,14,14,0,7,3,715,36,301,26,1,0,0,0,0,1,0,1,36,15,2,207,0,0,0,9,0,2,4,1,4,1,0,1,0,0,0,8,0,0,0,0,0,1,0,0,9,10,1,0,0,0,0,31,0,2,0,0,0,0,0,0,0,1,0,0,0,0,0,0,0,0,0,0,1,1,0,111,0,0,0,0,0,6,13,0,0,0,0,2,2,0,0,0,0,0,27,0,2,0,0,0,9,0,0,0,0,0,0,0,0,3,0,0,0,0,0,0,0,0,0,0,0,0,0,0,0,0,0,0,0,0,0,0,0,0,0,0,0,0,0,47,0,0,0,0,157,0,9,0,0,0,0,0,0,0,0,0,0,0,0,0,0,0,0,0,0,0,0,0,0,0,0,0,0,0,0,0,0,0,0,0,0,0,0,0,0,0,0,0,0,0,0,0,0,0,0,0,0,0,0,0,0,0,0,0,0,0,0,0,0,0,0,0,0
3b73aae72c644a583165345b1399bdeb,12.8,49,613,2837,578,58,453,88,631,890,560,166,4,53,20,913,85,146,1,9,119,123,6,25,1,10,8,13,1,11,30,179,116,0,25,13,4,177,3,2,0,50,2,8,28,0,0,14,2,9,4,12,26,5,5,34,71,0,0,0,0,0,0,0,51,8,39,4,0,0,0,0,0,0,3,0,31,49,8,0,2,354,0,6,0,31,0,0,0,0,11,0,0,99,55,9,28,20,0,1,68,107,3,65,58,64,3,0,8,150,2,2,15,32,0,26,53,3,5,0,46,4,15,0,0,0,5,0,101,9,15,6,1,0,4,74,15,16,2,0,0,2,2,2,0,2,0,0,0,1,2,4,5,3,2,0,0,0,21,13,0,0,0,3,2,2,0,0,0,0,0,0,0,3,0,0,0,0,0,0,0,0,0,0,1,0,4,0,0,0,0,0,0,0,0,0,0,0,0,0,7,0,0,0,1,0,1,0,0,0,0,0,0,0,0,1,0,0,0,0,0,0,1,0,0,0,10,0,0,0,0,0,0,0,0,0,0,0,0,0,0,0,0,0,0,0,0,0,0,0,0,0,0,0,0,0,0,0,0,0,0,0,0,0,0,0,0,0,0,5,0,0,0,0,0,0,0,0,0,0,0,0,0,0,0,0,0,0,0,0
3eac43d6d2823e96ec667e1b9aab6a73,1.2,14,22,88,69,0,3,19,6,1,3,1,0,0,2,170,1,17,0,1,10,193,1,4,0,0,0,4,1,1,1,2,10,1,37,2,2,0,0,0,0,0,0,0,0,1,0,0,0,0,0,0,0,0,0,0,2,0,0,0,0,0,0,0,6485,2,0,1,0,0,0,0,0,0,0,0,211,159,0,167,2544,338,0,12,0,1,0,0,0,0,1,0,0,12,0,2,43,2,0,0,5,11,0,0,1,4,2,0,1,0,0,0,6,8,0,2,0,60,0,0,0,0,0,0,0,0,0,0,0,0,2,0,0,0,0,0,0,0,0,0,0,0,0,0,0,0,0,0,0,0,0,0,0,0,0,0,0,0,0,0,0,0,0,0,0,0,0,0,0,0,0,0,0,0,0,0,0,0,0,0,0,0,0,0,0,0,0,0,0,0,0,0,0,0,0,0,0,0,0,0,0,0,0,0,0,0,0,0,0,0,0,0,0,0,0,0,0,0,0,0,0,8,0,0,0,0,0,0,0,0,0,0,0,0,0,0,0,0,0,0,0,0,0,0,0,0,0,0,0,0,0,0,0,0,0,0,0,0,0,0,0,0,0,0,0,0,0,0,0,0,0,0,0,0,0,0,0,0,0,0,0,0,0,0,0,0,0,0,0,0
04c5850be571a95b1ca5563e7498c7be,2.8,0,39,146,37,0,10,23,74,73,43,4,0,0,6,196,2,14,3,2,13,86,1,4,0,0,2,0,0,1,241,6,13,1,0,2,0,0,2,1,1,0,13,5,55,0,0,1,137,2,1,1,0,0,0,6,13,0,0,0,0,0,0,0,1,1,0,0,1,0,0,15,0,0,4,0,32,33,1,0,0,1,0,0,0,31,0,1,1,0,1,0,36,37,36,0,0,0,0,0,63,65,1,1,2,2,19,0,1,2,0,0,3,0,0,0,0,0,0,0,0,0,0,0,0,0,0,0,0,0,2,0,0,0,0,0,0,0,137,0,0,0,0,0,0,0,0,0,0,0,0,0,0,1,1,0,0,0,0,0,0,0,0,0,0,0,0,0,0,0,0,0,0,0,0,0,0,0,0,0,4,0,0,0,0,0,0,0,0,0,0,0,0,0,0,0,0,0,0,0,0,0,0,0,0,0,0,0,0,0,2,0,0,0,0,0,0,0,0,0,0,0,0,0,0,0,0,0,0,0,0,0,0,0,0,1,0,0,0,0,0,0,0,0,0,0,1,0,0,0,0,0,0,0,0,0,0,0,0,0,0,0,0,0,0,0,0,0,0,0,0,0,0,0,0,0,0,0,0,0,0,0,0,0,0,0,0,0,0,0
6be72a0e039519ad13b2fb1c5b5209a8,3.0,5,35,129,49,5,36,2,20,10,57,1,0,2,2,102,5,5,1,1,13,14,1,5,1,1,0,3,1,1,4,5,9,0,26,3,2,11,0,0,0,2,0,1,14,0,0,2,0,0,0,5,0,0,0,6,6,0,0,0,0,1,0,0,0,1,0,0,0,0,0,0,0,0,1,0,0,0,0,0,0,105,18,9,0,3,0,0,0,0,0,0,0,5,0,0,15,0,0,0,0,0,0,0,3,3,0,0,0,0,0,0,7,8,0,1,1,10,0,0,0,0,0,0,0,0,0,0,0,1,0,1,0,0,2,1,0,0,0,0,0,0,0,0,0,0,0,0,0,0,0,0,1,0,0,0,0,0,13,13,0,0,0,0,4,3,0,0,0,0,1,0,0,1,1,0,0,0,0,0,0,0,0,0,0,0,3,0,0,0,0,0,0,0,0,0,0,0,0,0,1,0,0,0,0,0,0,0,0,0,0,1,0,0,0,0,0,0,0,0,0,0,0,0,0,0,0,0,0,0,0,0,0,0,0,0,0,0,0,0,0,0,0,0,0,0,0,0,0,0,0,0,0,0,0,0,0,0,0,0,0,0,0,0,0,0,0,1,0,0,0,0,0,0,0,0,0,0,0,0,0,0,0,0,0,0,0,0,0,0
6be484f1f877e35f685bfd8ca7afb0b6,1.6,0,19,2300,14,5,1895,2,7,3,8,3,1,3,1,29,2,2,1,1,6,5,1,2,1,1,2,2,0,0,0,1,3,1,1,0,0,4,0,0,0,0,0,0,0,0,0,0,0,0,0,0,6,0,0,3,1,0,0,0,0,0,0,0,0,0,0,0,0,0,0,0,0,0,0,0,0,0,0,0,0,0,0,0,0,0,0,0,0,0,0,0,0,0,0,0,0,0,0,0,0,0,0,0,0,0,0,0,0,0,0,0,0,0,0,0,0,0,0,0,0,0,4,0,0,0,0,0,0,0,0,0,0,0,0,0,0,0,0,0,0,0,0,0,0,0,0,0,0,0,0,0,0,0,0,0,0,0,0,0,0,0,0,0,0,0,0,0,0,0,0,0,0,0,0,0,0,0,0,0,0,0,0,0,0,0,2,0,0,0,0,0,0,0,0,0,0,0,0,0,0,0,0,0,0,0,0,0,0,0,0,0,0,0,0,0,0,0,0,0,0,0,0,0,0,0,0,0,0,0,0,0,0,0,0,0,0,0,0,0,0,0,0,0,0,0,0,0,0,0,0,0,0,0,0,0,0,0,0,0,0,0,0,0,0,0,0,0,0,0,0,0,0,0,0,0,0,0,0,0,0,0,0,0,0,0,0,0,0,0
0cbe57310b127d5ce35f1b2df3070ec0,10.2,2,131,6454,167,62,4237,78,184,115,443,12,4,46,14,15917,3,64,6,8,270,465,4,75,6,12,34,9,4,233,7046,7033,7058,9,14104,278,11,346,6,253,1,2348,5,4687,4663,0,0,4,0,35,229,1,406,0,0,2,14,7,7,289,13,1,1,1,490,26,4703,60,68,8,6,4,2,2,9,0,702,550,1,5,1234,826,378,77,1,47,2,7,7,4,22,28,105,105,105,3,93,1,7,2,2356,2357,1,2,5,5,24,167,3,6,18,18,12,8,0,25757,2341,51517,0,0,0,0,4752,1,0,0,0,0,0,0,0,0,5,0,0,0,0,0,0,0,0,0,0,0,3,0,0,0,0,0,0,0,0,0,0,0,0,0,0,0,0,0,0,0,0,0,0,0,0,1,0,0,0,2,0,0,0,0,0,0,0,0,0,0,0,0,0,0,0,0,0,0,0,0,0,0,0,0,0,0,0,0,1,0,2,0,0,0,0,0,0,0,0,0,0,0,0,0,0,0,0,0,0,0,1,1,4682,0,0,0,0,0,0,0,0,0,0,0,0,0,0,0,0,0,0,0,0,0,0,0,0,0,0,0,0,0,0,0,0,0,0,0,0,0,0,0,0,0,0,0,0,0,0,0,0,0,0,0,0,0,0,0,0,0,0,0,0,0,0,0
6c273ebdc330e84f8ba1b6a268c315f3,3.0,0,7,144,0,0,1,1,3,4,3,1,1,0,0,29,0,0,0,0,22,10,0,1,0,0,3,0,0,1,0,0,3,0,0,1,1,5,0,1,0,1,3,1,1,0,0,0,0,0,1,0,0,0,0,0,0,2,2,82,0,0,0,0,3451,0,0,0,0,0,0,0,0,0,0,0,0,0,0,0,0,0,0,0,0,0,0,0,0,0,0,0,0,0,0,0,0,0,0,1,0,0,0,0,1,1,0,0,0,2,0,2,1,0,0,0,0,1,0,0,0,0,1,0,0,0,0,0,0,0,0,0,0,0,0,0,0,0,0,0,0,0,0,0,1,0,0,0,0,0,0,0,0,0,0,0,0,0,0,0,0,0,0,0,0,0,0,0,0,0,0,0,0,1,0,0,0,0,0,0,0,0,0,0,0,0,0,0,0,0,0,0,0,0,0,0,0,0,0,0,0,0,0,0,0,0,0,0,0,0,0,0,0,0,0,0,0,0,0,0,0,0,0,0,0,0,0,0,0,0,0,0,0,0,0,1,0,0,0,0,0,0,0,0,0,0,0,0,0,0,0,0,0,0,0,0,0,0,0,0,0,0,0,0,0,0,0,0,0,0,0,0,0,0,0,0,0,0,0,0,0,0,0,0,0,0,0,0,0,0
6c342e7a6c35a6b758653119f15457af,3.4,0,21,62,12,526,8,2,40,21,82,0,0,79,0,57,0,10,1,0,2,2,0,9,0,0,188,0,3,0,23,0,82,0,2,1,5,0,0,0,0,2,3,0,0,0,0,0,1,0,0,2,0,0,0,0,0,0,0,0,0,0,0,0,3,0,202,1,0,3,3,0,0,0,1,0,0,0,0,0,0,0,0,0,0,0,0,1,2,0,0,0,0,0,0,0,0,0,0,1,2,16,0,0,1,4,0,0,1,0,0,0,1,0,0,0,3,0,0,0,0,0,0,0,0,0,0,0,0,1,3,0,0,0,0,0,0,0,1,0,0,0,0,0,8,0,0,0,0,0,0,0,0,0,0,0,0,0,2,1,0,0,0,0,0,0,0,0,0,0,0,0,0,3,0,6,0,0,3,0,0,0,0,0,0,21,0,0,0,0,0,0,0,0,0,0,0,0,0,0,0,0,0,0,0,0,2,0,0,0,0,1,1,0,0,0,0,0,0,0,0,0,0,0,0,0,0,0,0,0,0,0,0,0,0,0,0,0,0,0,0,0,0,0,0,0,0,0,0,0,0,0,0,0,0,0,0,0,0,0,0,0,0,0,0,0,0,0,0,0,0,0,0,0,0,0,0,0,0,0,0,0,0,0,0,0,0,0,0,0
6c385c5c9182b998da433115603c1fa8,2.2,27,33,952,21,4,22,2,24,7,8,2,0,2,4,24,1,3,0,1,7,6,0,1,0,0,1,0,0,0,0,4,1,0,0,1,2,3,0,1,0,0,0,0,0,0,0,0,1,0,0,0,0,0,0,0,0,0,0,0,0,0,0,0,0,2,4,0,0,0,0,0,0,0,0,0,0,0,0,0,0,519,12,567,0,157,0,0,0,0,0,0,4,27,2,2,51,0,0,0,0,0,0,0,2,3,0,0,0,0,0,0,2,0,0,3,0,0,0,0,0,0,0,0,0,0,0,0,0,1,2,0,0,0,0,0,0,0,1,0,0,0,0,0,0,0,0,0,0,0,0,0,0,0,0,0,0,0,0,0,0,0,0,0,0,0,0,0,0,0,0,0,0,0,0,0,0,0,0,0,0,0,0,0,0,0,0,0,0,0,0,0,0,0,0,0,0,0,0,0,0,0,0,0,1,0,0,0,0,0,0,0,0,0,0,0,0,0,0,0,0,0,0,0,0,0,0,0,0,0,0,0,0,0,0,0,0,0,0,0,0,0,0,0,0,0,0,0,0,0,0,0,0,0,0,0,0,0,0,0,0,0,0,0,0,0,0,0,0,0,0,0,0,0,0,0,0,0,0,0,0,0,0,0,0,0,0,0,0,0
0caa72151b6613ed7fa52321d03a18d8,2.2,27,36,968,19,4,25,2,27,9,10,3,1,2,3,24,1,3,0,1,7,6,0,1,0,0,1,0,0,0,0,4,1,0,0,1,2,12,0,1,0,0,0,0,0,0,0,0,1,0,0,0,0,0,0,0,0,0,0,0,0,0,0,0,0,2,4,0,0,0,0,0,0,0,0,0,0,0,0,0,0,594,22,573,0,157,0,0,0,0,0,0,4,27,2,1,47,0,0,0,0,0,0,0,2,3,0,0,0,0,0,0,1,0,0,3,0,0,0,0,0,0,0,0,0,0,0,0,0,1,2,0,0,0,0,0,0,0,1,0,0,0,0,0,0,0,0,0,0,0,0,0,0,0,0,0,0,0,0,0,0,0,0,0,0,0,0,0,0,0,0,0,0,0,0,0,0,0,0,0,0,0,0,0,0,0,0,0,0,0,0,0,0,0,0,0,0,0,0,0,0,0,0,0,1,0,0,0,0,0,0,0,0,0,0,0,0,0,0,0,0,0,0,0,0,0,0,0,0,0,0,0,0,0,0,0,0,0,0,0,0,0,0,0,0,0,0,0,0,0,0,0,0,0,0,0,0,0,0,0,0,0,0,0,0,0,0,0,0,0,0,0,0,0,0,0,0,0,0,0,0,0,0,0,0,0,0,0,0,0
0f984f5bf70f9d8c36325048e3245920,3.2,0,7,139,0,0,1,1,3,4,3,1,1,0,0,29,0,0,0,0,22,10,0,1,0,0,3,0,0,1,0,0,3,0,0,1,1,5,0,1,0,1,3,1,1,0,0,0,0,0,1,0,0,0,0,0,0,2,2,85,0,0,0,0,3574,0,0,0,0,0,0,0,0,0,0,0,0,0,0,0,0,0,0,0,0,0,0,0,0,0,0,0,0,0,0,0,0,0,0,1,0,0,0,0,1,1,0,0,0,2,0,2,1,0,0,0,0,1,0,0,0,0,1,0,0,0,0,0,0,0,0,0,0,0,0,0,0,0,0,0,0,0,0,0,1,0,0,0,0,0,0,0,0,0,0,0,0,0,0,0,0,0,0,0,0,0,0,0,0,0,0,0,0,1,0,0,0,0,0,0,0,0,0,0,0,0,0,0,0,0,0,0,0,0,0,0,0,0,0,0,0,0,0,0,0,0,0,0,0,0,0,0,0,0,0,0,0,0,0,0,0,0,0,0,0,0,0,0,0,0,0,0,0,0,0,1,0,0,0,0,0,0,0,0,0,0,0,0,0,0,0,0,0,0,0,0,0,0,0,0,0,0,0,0,0,0,0,0,0,0,0,0,0,0,0,0,0,0,0,0,0,0,0,0,0,0,0,0,0,0
0fef0ee2896299e8bae2163ec423fd8d,3.0,0,9,171,2,2,0,2,1,3,4,0,0,2,0,31,0,1,0,0,22,10,0,1,0,0,3,0,0,1,0,1,3,0,0,1,1,5,0,1,0,1,3,1,1,0,0,0,0,0,1,0,0,0,0,0,0,2,2,82,0,0,0,0,3570,0,0,0,0,0,0,0,0,0,0,0,0,0,0,0,0,0,0,0,0,0,0,0,0,0,0,0,0,0,0,0,0,0,0,0,0,0,0,0,1,1,0,0,0,2,0,2,1,0,0,0,0,1,0,0,0,0,1,0,0,0,0,0,0,0,0,0,0,0,0,0,0,0,0,0,0,0,0,0,1,0,0,0,0,0,0,0,0,0,0,0,0,0,0,0,0,0,0,0,0,0,0,0,0,0,0,0,0,1,0,0,0,0,0,0,0,0,0,0,0,0,0,0,0,0,0,0,0,0,0,0,0,0,0,0,0,0,0,0,0,0,0,0,0,0,0,0,0,0,0,0,0,0,0,0,0,0,0,0,0,0,0,0,0,0,0,0,0,0,0,1,0,0,0,0,0,0,0,0,0,0,0,0,0,0,0,0,0,0,0,0,0,0,0,0,0,0,0,0,0,0,0,0,0,0,0,0,0,0,0,0,0,0,0,0,0,0,0,0,0,0,0,0,0,0
1d9792970dec4d4835d15d4599161753,13.0,0,313,2480,236,55,210,23,163,101,235,61,3,165,2,178,80,65,5,3,16,8,0,51,0,845,17,0,0,91,12,5,79,0,135,13,1697,109,10,67,0,31,17,3,19,0,0,4,0,57,6,6,10,0,0,6,9,131,131,5506,0,0,0,0,1820,3,9,9,0,1,1,23,1,1,1,0,2,0,8,0,0,0,0,0,0,0,0,0,0,0,0,0,0,8,8,0,0,0,0,1,29,0,3,0,56,25,0,0,20,0,2,0,3,0,0,0,40,113,0,0,12,0,10,0,0,0,0,2,0,1,3,0,0,0,0,0,8,7,0,0,0,0,0,0,0,0,0,0,0,0,0,0,0,0,2,0,0,0,24,52,0,0,0,1,2,2,0,0,0,18,0,2,0,2,0,4,0,7,1,1,2,0,1,0,0,0,2,0,0,0,0,0,0,0,2,0,0,0,0,0,0,0,0,0,1,0,0,6,1,0,0,0,0,0,3,0,0,0,0,28,0,0,0,3,0,0,0,0,0,0,0,0,0,0,0,0,0,0,0,0,0,0,0,0,0,1,0,0,0,0,0,0,1,0,0,0,0,0,0,0,0,0,0,0,0,0,0,0,0,0,0,0,0,0,15,0,0,0,0,0,0,0,0,0,0,0,0,0,0,0
1e7e4222adbebabdcad960774900d812,3.0,0,7,141,0,0,1,1,3,4,3,1,1,0,0,29,0,0,0,0,22,10,0,1,0,0,3,0,0,1,0,0,3,0,0,1,1,5,0,1,0,1,3,1,1,0,0,0,0,0,1,0,0,0,0,0,0,2,2,82,0,0,0,0,3305,0,0,0,0,0,0,0,0,0,0,0,0,0,0,0,0,0,0,0,0,0,0,0,0,0,0,0,0,0,0,0,0,0,0,1,0,0,0,0,1,1,0,0,0,2,0,2,1,0,0,0,0,1,0,0,0,0,1,0,0,0,0,0,0,0,0,0,0,0,0,0,0,0,0,0,0,0,0,0,1,0,0,0,0,0,0,0,0,0,0,0,0,0,0,0,0,0,0,0,0,0,0,0,0,0,0,0,0,1,0,0,0,0,0,0,0,0,0,0,0,0,0,0,0,0,0,0,0,0,0,0,0,0,0,0,0,0,0,0,0,0,0,0,0,0,0,0,0,0,0,0,0,0,0,0,0,0,0,0,0,0,0,0,0,0,0,0,0,0,0,1,0,0,0,0,0,0,0,0,0,0,0,0,0,0,0,0,0,0,0,0,0,0,0,0,0,0,0,0,0,0,0,0,0,0,0,0,0,0,0,0,0,0,0,0,0,0,0,0,0,0,0,0,0,0
1e44b7d69c5bb46b7b3d65bea865ecdc,3.0,0,9,171,2,2,0,2,1,3,4,0,0,2,0,31,0,1,0,0,22,10,0,1,0,0,3,0,0,1,0,1,3,0,0,1,1,5,0,1,0,1,3,1,1,0,0,0,0,0,1,0,0,0,0,0,0,2,2,82,0,0,0,0,3586,0,0,0,0,0,0,0,0,0,0,0,0,0,0,0,0,0,0,0,0,0,0,0,0,0,0,0,0,0,0,0,0,0,0,0,0,0,0,0,1,1,0,0,0,2,0,2,1,0,0,0,0,1,0,0,0,0,1,0,0,0,0,0,0,0,0,0,0,0,0,0,0,0,0,0,0,0,0,0,1,0,0,0,0,0,0,0,0,0,0,0,0,0,0,0,0,0,0,0,0,0,0,0,0,0,0,0,0,1,0,0,0,0,0,0,0,0,0,0,0,0,0,0,0,0,0,0,0,0,0,0,0,0,0,0,0,0,0,0,0,0,0,0,0,0,0,0,0,0,0,0,0,0,0,0,0,0,0,0,0,0,0,0,0,0,0,0,0,0,0,1,0,0,0,0,0,0,0,0,0,0,0,0,0,0,0,0,0,0,0,0,0,0,0,0,0,0,0,0,0,0,0,0,0,0,0,0,0,0,0,0,0,0,0,0,0,0,0,0,0,0,0,0,0,0
1ecc228feb6806c6da135cbd7aeeabb7,1.4,0,0,0,0,0,0,0,0,0,0,0,0,0,0,0,0,0,0,0,0,0,0,0,0,0,0,0,0,0,0,0,0,0,0,0,0,0,0,0,0,0,0,0,0,0,0,0,0,0,0,0,0,0,0,1,0,0,0,0,0,0,0,0,0,0,0,0,0,0,0,0,0,0,0,0,0,0,0,0,0,0,0,0,0,0,0,0,0,0,0,0,0,0,0,0,0,0,0,0,0,0,0,0,0,0,0,0,0,0,0,0,0,0,0,0,0,0,0,0,0,1,0,0,0,0,0,0,0,0,0,0,0,0,0,0,0,0,0,0,0,0,0,0,0,0,0,0,0,0,0,0,0,0,0,0,0,0,0,0,0,0,0,0,0,0,0,0,0,0,0,0,0,0,0,0,0,0,0,0,0,0,0,0,0,0,0,0,0,0,0,0,0,0,0,0,0,0,0,0,0,0,0,0,0,0,0,0,0,0,0,0,0,0,0,0,0,0,0,0,0,0,0,0,0,0,0,0,0,0,0,0,0,0,0,0,0,0,0,0,0,0,0,0,0,0,0,0,0,0,0,0,0,0,0,0,0,0,0,0,0,0,0,0,0,0,0,0,0,0,0,0,0,0,0,0,0,0,0,0,0,0,0,0,0,0,0,0,0,0
2c8a12a670ecc69469e04d45477b4d24,5.2,58,114,2483,198,37,141,524,1213,1645,1104,68,0,28,13,7253,1033,81,0,3,2573,2603,1,652,2,3,36,13,4,549,391,214,950,89,439,48,2,10,6,45,58,78,68,64,581,67,0,3,0,6,32,0,1,0,0,4,190,0,0,0,0,0,0,40,789,907,53,249,0,0,0,19,0,0,8,0,1457,1058,0,10,1357,567,570,178,9,63,2,8,8,133,897,892,123,164,106,5,104,17,6,2,153,467,3,62,347,1040,0,60,2,4,14,10,30,32,4,2,3,35,3,2,1,4,10,0,0,2,0,0,2,0,17,136,1,0,1,0,2,45,0,0,0,0,0,0,0,0,0,0,0,0,0,0,107,0,0,1,58,0,4,13,0,0,0,6,2,2,1,0,0,0,0,0,0,0,0,0,0,4,0,0,2,0,5,0,5,0,0,0,0,0,0,0,0,0,0,0,0,0,0,0,0,0,0,0,0,0,0,0,0,0,0,0,0,0,0,0,0,0,0,0,0,0,0,0,0,0,0,0,0,0,0,0,0,0,0,192,0,0,0,0,0,0,0,0,0,0,0,0,0,0,0,0,0,0,0,0,0,0,0,0,0,0,0,0,0,0,0,0,0,0,0,0,0,0,0,0,0,0,0,0,0,0,0,0,0,0,0,0,0,0
2cf09ec47330a8ffd56087ff16e53d6e,1.6,0,5,125,15,0,15,1,0,0,0,1,0,0,0,5,0,3,0,1,0,0,0,0,0,0,0,0,0,0,0,0,1,0,0,3,3,7,0,0,0,0,0,0,0,0,0,0,0,0,0,0,0,0,0,1,0,1,1,40,0,0,0,0,8,0,0,0,0,0,0,0,0,0,0,0,0,0,0,0,5,7,0,0,0,0,0,0,0,0,0,0,0,0,0,0,0,0,0,0,0,0,0,0,0,0,0,0,1,0,0,0,0,0,0,0,0,0,0,0,0,3,0,0,0,0,0,0,0,0,0,0,0,0,0,0,0,0,0,0,0,0,0,0,0,0,0,0,0,0,0,0,0,0,0,0,0,0,0,0,0,0,0,0,0,0,0,0,0,0,0,0,0,0,0,0,0,0,0,0,0,0,0,0,0,0,0,0,0,0,0,0,0,0,0,0,0,0,0,0,0,0,0,0,0,0,0,0,0,0,0,0,0,0,0,0,0,0,0,0,0,0,0,0,0,0,0,0,0,0,0,0,0,0,0,0,0,0,0,0,0,0,0,0,0,0,0,0,0,0,0,0,0,0,0,0,0,0,0,0,0,0,0,0,0,0,0,0,0,0,0,0,0,0,0,0,0,0,0,0,0,0,0,0,0,0,0,0,0,0
2d03228438e198bc901b29f4d12ec45b,3.0,0,11,176,2,1,4,5,0,2,2,1,0,1,2,38,0,1,0,1,25,16,0,1,0,0,3,0,0,1,0,0,3,0,0,2,1,8,0,1,0,1,3,1,1,0,0,0,0,0,1,0,0,0,0,0,0,2,2,82,0,0,0,0,3590,0,0,0,0,0,0,0,0,0,0,0,0,4,0,0,0,0,0,0,0,0,0,0,0,0,0,0,0,0,0,0,0,0,0,0,0,0,0,0,1,1,0,0,0,2,0,2,1,0,0,0,0,1,0,0,0,0,1,0,0,0,0,0,0,0,0,0,0,0,0,0,0,0,0,0,0,0,0,0,1,0,0,0,0,0,0,0,0,0,0,0,0,0,0,0,0,0,0,0,0,0,0,0,0,0,0,0,0,1,0,0,0,0,0,0,0,0,0,0,0,0,0,0,0,0,0,0,0,0,0,0,0,0,0,0,0,0,0,0,0,0,0,0,0,0,0,0,0,0,0,0,0,0,0,0,0,0,0,0,0,0,0,0,0,0,0,0,0,0,0,1,0,0,0,0,0,0,0,0,0,0,0,0,0,0,0,0,0,0,0,0,0,0,0,0,0,0,0,0,0,0,0,0,0,0,0,0,0,0,0,0,0,0,0,0,0,0,0,0,0,0,0,0,0,0
2f3d08d8796079831ed7410597b43b07,1.4,0,13,249,14,5,5,2,5,3,8,2,1,3,1,31,1,7,1,3,6,5,1,2,1,1,2,2,0,0,0,1,1,1,1,0,0,4,0,0,0,0,0,0,0,0,0,0,0,0,0,0,0,0,0,3,1,0,0,0,0,0,0,0,0,0,0,0,0,0,0,0,0,0,0,0,0,0,0,0,0,0,0,0,0,0,0,0,0,0,0,0,0,0,0,0,0,0,0,0,0,0,0,0,0,0,0,0,13,0,0,0,0,0,0,0,0,0,0,0,0,0,0,0,0,0,0,0,0,0,0,0,0,0,0,0,0,0,0,0,0,0,0,0,0,0,0,0,0,0,0,0,0,0,0,0,0,0,0,0,0,0,0,0,0,0,0,0,0,0,0,0,0,0,0,0,0,0,0,0,0,0,0,0,0,0,0,0,0,0,0,0,0,0,0,0,0,0,0,0,0,0,0,0,0,0,0,0,0,0,0,0,0,0,0,0,0,0,0,0,0,0,0,0,0,0,0,0,0,0,0,0,0,0,0,0,0,0,0,0,0,0,0,0,0,0,0,0,0,0,0,0,0,0,0,0,0,0,0,0,0,0,0,0,0,0,0,0,0,0,0,0,0,0,0,0,0,0,0,0,0,0,0,0,0,0,0,0,0,0
2f625785aec4d46c0bdbd0d6dcf2fa89,2.2,27,20033,1036,32,4,25,2,28,9,11,5,1,2,4,24,1,6,0,1,7,6,0,1,0,0,1,0,0,0,0,4,1,0,0,1,2,12,0,0,0,0,0,0,0,0,0,0,1,0,0,0,0,0,0,0,0,0,0,0,0,0,0,0,0,2,4,0,0,0,0,0,0,0,0,0,0,0,0,0,0,930,13,296,0,208,0,0,0,0,0,0,5,28,3,2,83,0,0,0,0,0,0,0,2,3,0,0,0,0,0,0,2,0,0,3,0,0,0,0,0,0,0,0,0,0,0,0,0,1,2,0,0,0,0,0,0,0,1,0,0,0,0,0,0,0,0,0,0,0,0,0,0,0,0,0,0,0,0,0,0,0,0,0,0,0,0,0,0,0,0,0,0,0,0,0,0,0,0,0,0,0,0,0,0,0,0,0,0,0,0,0,0,0,0,0,0,0,0,0,0,0,0,0,2,0,0,0,0,0,0,0,0,0,0,0,0,0,0,0,0,0,0,0,0,0,0,0,0,0,0,0,0,0,0,0,0,0,0,0,0,0,0,0,0,0,0,0,0,0,0,0,0,0,0,0,0,0,0,0,0,0,0,0,0,0,0,0,0,0,0,0,0,0,0,0,0,0,0,0,0,0,0,0,0,0,0,0,0,0
3b97faea1231798f035a2e6066eb0229,1.4,0,14,355,18,5,5,2,5,3,8,2,1,3,1,31,1,12,1,3,6,5,1,2,1,1,2,2,0,0,0,1,1,1,1,0,0,4,0,0,0,0,0,0,0,0,0,0,0,0,0,0,0,0,0,3,1,0,0,0,0,0,0,0,0,0,0,0,0,0,0,0,0,0,0,0,0,0,0,0,0,0,0,0,0,0,0,0,0,0,0,0,0,0,0,0,0,0,0,0,0,0,0,0,0,0,0,0,0,0,0,0,0,0,0,0,0,0,0,0,0,0,0,0,0,0,0,0,0,0,0,0,0,0,0,0,0,0,0,0,0,0,0,0,0,0,0,0,0,0,0,0,0,0,0,0,0,0,0,0,0,0,0,0,0,0,0,0,0,0,0,0,0,0,0,0,0,0,0,0,0,0,0,0,0,0,0,0,0,0,0,0,0,0,0,0,0,0,0,0,0,0,0,0,0,0,0,0,0,0,0,0,0,0,0,0,0,0,0,0,0,0,0,0,0,0,0,0,0,0,0,0,0,0,0,0,0,0,0,0,0,0,0,0,0,0,0,0,0,0,0,0,0,0,0,0,0,0,0,0,0,0,0,0,0,0,0,0,0,0,0,0,0,0,0,0,0,0,0,0,0,0,0,0,0,0,0,0,0,0
3d761e0e696ba8e5740d970fe1dabc07,2.8,25,40,717,11,5,12,0,6,3,4,0,0,0,2,20,0,3,0,1,2,2,0,0,0,0,0,0,0,0,0,0,2,0,0,0,2,11,0,0,0,1,0,0,0,0,0,0,1,0,0,1,0,0,0,0,0,0,0,0,0,0,0,0,0,2,0,0,0,0,0,2,0,0,0,0,0,0,0,0,125,207,569,11441,0,0,0,0,0,0,0,0,0,24,1,0,144,0,0,0,0,0,0,4,1,2,0,0,0,0,0,0,1,0,0,0,0,0,0,0,0,0,0,0,0,0,0,0,2,0,1,0,0,0,0,0,0,0,1,0,0,0,0,0,0,0,0,0,0,0,31788,0,111,0,0,0,0,0,1,1,0,0,0,0,0,0,0,0,0,0,0,0,0,0,0,0,0,0,0,0,0,0,0,0,0,0,0,0,0,0,0,0,0,0,0,0,0,0,0,0,1,0,0,0,0,0,0,0,0,0,0,0,0,0,0,0,306,0,0,0,0,0,0,0,0,0,0,0,0,0,0,0,0,0,0,0,0,0,0,0,0,0,0,0,0,0,0,0,0,0,0,0,0,0,0,0,0,0,0,0,0,0,0,0,0,0,0,0,0,0,0,0,0,0,0,0,0,0,0,0,0,0,0,0,0,0,0,0,0,0
3d2329e92b7e104070cc7de271471820,1.4,0,15,356,10,5,4,2,5,3,8,2,1,3,1,32,1,4,1,5,8,7,1,2,1,1,2,2,0,0,0,1,72,1,1,0,0,4,0,0,0,0,0,0,58,0,0,0,0,0,0,0,0,0,0,3,1,0,0,0,0,0,0,0,0,0,0,0,0,0,0,0,0,0,0,0,0,0,0,0,0,0,0,0,0,0,0,0,0,0,0,0,0,0,0,0,0,0,0,0,0,0,0,0,1,1,0,0,0,0,0,0,1,0,0,0,0,0,0,0,0,0,0,0,0,0,0,0,0,0,0,0,0,0,0,0,0,0,0,0,0,0,0,0,0,0,0,0,0,0,0,0,0,0,0,0,0,0,0,0,0,0,0,0,0,0,0,0,0,0,0,0,0,0,0,0,0,0,0,0,0,0,0,0,0,0,0,0,0,0,0,0,0,0,0,0,0,0,0,0,0,0,0,0,0,0,0,0,0,0,0,0,0,0,0,0,0,0,0,0,0,0,0,0,0,0,0,0,0,0,0,0,0,6,0,0,0,0,0,0,0,0,0,0,0,0,0,0,0,0,0,0,0,0,0,0,0,0,0,0,0,0,0,0,0,0,0,0,0,0,0,0,0,0,0,0,0,0,0,0,0,0,0,0,0,0,0,0,0,0
3e26b4255590e43cc396ffb278b73000,2.2,27,33,949,21,4,25,2,24,7,8,3,0,2,4,24,1,4,0,1,7,6,0,1,0,0,1,0,0,0,0,4,1,0,0,1,2,12,0,1,0,0,0,0,0,0,0,0,1,0,0,0,0,0,0,0,0,0,0,0,0,0,0,0,0,2,4,0,0,0,0,0,0,0,0,0,0,0,0,0,0,519,12,516,0,157,0,0,0,0,0,0,4,27,2,2,47,0,0,0,0,0,0,0,2,3,0,0,0,0,0,0,2,0,0,3,0,0,0,0,0,0,0,0,0,0,0,0,0,1,2,0,0,0,0,0,0,0,1,0,0,0,0,0,0,0,0,0,0,0,0,0,0,0,0,0,0,0,0,0,0,0,0,0,0,0,0,0,0,0,0,0,0,0,0,0,0,0,0,0,0,0,0,0,0,0,0,0,0,0,0,0,0,0,0,0,0,0,0,0,0,0,0,0,1,0,0,0,0,0,0,0,0,0,0,0,0,0,0,0,0,0,0,0,0,0,0,0,0,0,0,0,0,0,0,0,0,0,0,0,0,0,0,0,0,0,0,0,0,0,0,0,0,0,0,0,0,0,0,0,0,0,0,0,0,0,0,0,0,0,0,0,0,0,0,0,0,0,0,0,0,0,0,0,0,0,0,0,0,0
3ea9d983ad906ad8277770c4545ce69e,2.0,0,16,458,15,0,15,1,0,0,0,1,0,0,0,5,0,3,0,1,0,0,0,0,0,0,0,0,0,0,0,0,1,0,0,3,3,9,0,0,0,0,0,0,0,0,0,0,0,0,0,0,0,0,0,1,0,1,1,41,0,0,0,0,8,0,0,0,0,0,0,0,0,0,0,0,0,0,0,0,5,7,0,0,0,0,0,0,0,0,0,0,0,0,0,0,0,0,0,0,0,0,0,0,0,0,0,0,1,0,0,0,0,0,0,0,0,0,0,0,0,3,0,0,0,0,0,0,0,0,0,0,0,0,0,0,0,0,0,0,0,0,0,0,0,0,0,0,0,0,0,0,0,0,0,0,0,0,0,0,0,0,0,0,0,0,0,0,0,0,0,0,0,0,0,0,0,0,0,0,0,0,0,0,0,0,0,0,0,0,0,0,0,0,0,0,0,0,0,0,0,0,0,0,0,0,0,0,0,0,0,0,0,0,0,0,0,0,0,0,0,0,0,0,0,0,0,0,0,0,0,0,0,0,0,0,0,0,0,0,0,0,0,0,0,0,0,0,0,0,0,0,0,0,0,0,0,0,0,0,0,0,0,0,0,0,0,0,0,0,0,0,0,0,0,0,0,0,0,0,0,0,0,0,0,0,0,0,0,0
4a2a9674198efc388b1ec4c398706a0f,2.2,27,33,849,25,4,25,2,24,7,8,3,0,2,4,24,1,4,0,1,7,6,0,1,0,0,1,0,0,0,0,4,1,0,0,1,2,12,0,1,0,0,0,0,0,0,0,0,1,0,0,0,0,0,0,0,0,0,0,0,0,0,0,0,0,2,4,0,0,0,0,0,0,0,0,0,0,0,0,0,0,519,23,548,0,157,0,0,0,0,0,0,4,27,2,2,47,0,0,0,0,0,0,0,2,3,0,0,0,0,0,0,2,0,0,3,0,0,0,0,0,0,0,0,0,0,0,0,0,1,2,0,0,0,0,0,0,0,1,0,0,0,0,0,0,0,0,0,0,0,0,0,0,0,0,0,0,0,0,0,0,0,0,0,0,0,0,0,0,0,0,0,0,0,0,0,0,0,0,0,0,0,0,0,0,0,0,0,0,0,0,0,0,0,0,0,0,0,0,0,0,0,0,0,1,0,0,0,0,0,0,0,0,0,0,0,0,0,0,0,0,0,0,0,0,0,0,0,0,0,0,0,0,0,0,0,0,0,0,0,0,0,0,0,0,0,0,0,0,0,0,0,0,0,0,0,0,0,0,0,0,0,0,0,0,0,0,0,0,0,0,0,0,0,0,0,0,0,0,0,0,0,0,0,0,0,0,0,0,0
4a5b75071728256fee8b3dd6d7ec8309,2.2,27,33,949,21,4,25,2,24,7,8,3,0,2,4,24,1,4,0,1,7,6,0,1,0,0,1,0,0,0,0,4,1,0,0,1,2,12,0,1,0,0,0,0,0,0,0,0,1,0,0,0,0,0,0,0,0,0,0,0,0,0,0,0,0,2,4,0,0,0,0,0,0,0,0,0,0,0,0,0,0,531,21,549,0,157,0,0,0,0,0,0,4,27,2,2,47,0,0,0,0,0,0,0,2,3,0,0,0,0,0,0,2,0,0,3,0,0,0,0,0,0,0,0,0,0,0,0,0,1,2,0,0,0,0,0,0,0,1,0,0,0,0,0,0,0,0,0,0,0,0,0,0,0,0,0,0,0,0,0,0,0,0,0,0,0,0,0,0,0,0,0,0,0,0,0,0,0,0,0,0,0,0,0,0,0,0,0,0,0,0,0,0,0,0,0,0,0,0,0,0,0,0,0,1,0,0,0,0,0,0,0,0,0,0,0,0,0,0,0,0,0,0,0,0,0,0,0,0,0,0,0,0,0,0,0,0,0,0,0,0,0,0,0,0,0,0,0,0,0,0,0,0,0,0,0,0,0,0,0,0,0,0,0,0,0,0,0,0,0,0,0,0,0,0,0,0,0,0,0,0,0,0,0,0,0,0,0,0,0
4a69b430d80e6267f996b9cf0404aadf,3.4,0,7,142,0,0,1,1,3,4,3,1,1,0,0,29,0,0,0,0,22,10,0,1,0,0,3,0,0,1,0,0,3,0,0,1,1,5,0,1,0,1,3,1,1,0,0,0,0,0,1,0,0,0,0,0,0,2,2,80,0,0,0,0,3542,0,0,0,0,0,0,0,0,0,0,0,0,0,0,0,0,0,0,0,0,0,0,0,0,0,0,0,0,0,0,0,0,0,0,1,0,0,0,0,1,1,0,0,0,2,0,2,1,0,0,0,0,1,0,0,0,0,1,0,0,0,0,0,0,0,0,0,0,0,0,0,0,0,0,0,0,0,0,0,1,0,0,0,0,0,0,0,0,0,0,0,0,0,0,0,0,0,0,0,0,0,0,0,0,0,0,0,0,1,0,0,0,0,0,0,0,0,0,0,0,0,0,0,0,0,0,0,0,0,0,0,0,0,0,0,0,0,0,0,0,0,0,0,0,0,0,0,0,0,0,0,0,0,0,0,0,0,0,0,0,0,0,0,0,0,0,0,0,0,0,1,0,0,0,0,0,0,0,0,0,0,0,0,0,0,0,0,0,0,0,0,0,0,0,0,0,0,0,0,0,0,0,0,0,0,0,0,0,0,0,0,0,0,0,0,0,0,0,0,0,0,0,0,0,0
4d0be74dfd8aa24ad23346a815110771,2.2,27,33,949,21,4,25,2,24,7,8,3,0,2,4,24,1,4,0,1,7,6,0,1,0,0,1,0,0,0,0,4,1,0,0,1,2,12,0,1,0,0,0,0,0,0,0,0,1,0,0,0,0,0,0,0,0,0,0,0,0,0,0,0,0,2,4,0,0,0,0,0,0,0,0,0,0,0,0,0,0,594,18,541,0,157,0,0,0,0,0,0,4,27,2,2,47,0,0,0,0,0,0,0,2,3,0,0,0,0,0,0,2,0,0,3,0,0,0,0,0,0,0,0,0,0,0,0,0,1,2,0,0,0,0,0,0,0,1,0,0,0,0,0,0,0,0,0,0,0,0,0,0,0,0,0,0,0,0,0,0,0,0,0,0,0,0,0,0,0,0,0,0,0,0,0,0,0,0,0,0,0,0,0,0,0,0,0,0,0,0,0,0,0,0,0,0,0,0,0,0,0,0,0,1,0,0,0,0,0,0,0,0,0,0,0,0,0,0,0,0,0,0,0,0,0,0,0,0,0,0,0,0,0,0,0,0,0,0,0,0,0,0,0,0,0,0,0,0,0,0,0,0,0,0,0,0,0,0,0,0,0,0,0,0,0,0,0,0,0,0,0,0,0,0,0,0,0,0,0,0,0,0,0,0,0,0,0,0,0
4e56e97c255c3a152da4d1fdf0c29cb3,2.4,0,16,458,15,0,15,1,0,0,0,1,0,0,0,5,0,3,0,1,0,0,0,0,0,0,0,0,0,0,0,0,1,0,0,3,3,9,0,0,0,0,0,0,0,0,0,0,0,0,0,0,0,0,0,1,0,1,1,42,0,0,0,0,8,0,0,0,0,0,0,0,0,0,0,0,0,0,0,0,5,7,0,0,0,0,0,0,0,0,0,0,0,0,0,0,0,0,0,0,0,0,0,0,0,0,0,0,1,0,0,0,0,0,0,0,0,0,0,0,0,3,0,0,0,0,0,0,0,0,0,0,0,0,0,0,0,0,0,0,0,0,0,0,0,0,0,0,0,0,0,0,0,0,0,0,0,0,0,0,0,0,0,0,0,0,0,0,0,0,0,0,0,0,0,0,0,0,0,0,0,0,0,0,0,0,0,0,0,0,0,0,0,0,0,0,0,0,0,0,0,0,0,0,0,0,0,0,0,0,0,0,0,0,0,0,0,0,0,0,0,0,0,0,0,0,0,0,0,0,0,0,0,0,0,0,0,0,0,0,0,0,0,0,0,0,0,0,0,0,0,0,0,0,0,0,0,0,0,0,0,0,0,0,0,0,0,0,0,0,0,0,0,0,0,0,0,0,0,0,0,0,0,0,0,0,0,0,0,0
5b1d0f9795e1de06a0056dc4aa2040e0,2.2,27,33,849,21,4,25,2,24,7,8,3,0,2,4,24,1,4,0,1,7,6,0,1,0,0,1,0,0,0,0,4,1,0,0,1,2,12,0,1,0,0,0,0,0,0,0,0,1,0,0,0,0,0,0,0,0,0,0,0,0,0,0,0,0,2,4,0,0,0,0,0,0,0,0,0,0,0,0,0,0,531,22,549,0,157,0,0,0,0,0,0,4,27,2,2,47,0,0,0,0,0,0,0,2,3,0,0,0,0,0,0,2,0,0,3,0,0,0,0,0,0,0,0,0,0,0,0,0,1,2,0,0,0,0,0,0,0,1,0,0,0,0,0,0,0,0,0,0,0,0,0,0,0,0,0,0,0,0,0,0,0,0,0,0,0,0,0,0,0,0,0,0,0,0,0,0,0,0,0,0,0,0,0,0,0,0,0,0,0,0,0,0,0,0,0,0,0,0,0,0,0,0,0,1,0,0,0,0,0,0,0,0,0,0,0,0,0,0,0,0,0,0,0,0,0,0,0,0,0,0,0,0,0,0,0,0,0,0,0,0,0,0,0,0,0,0,0,0,0,0,0,0,0,0,0,0,0,0,0,0,0,0,0,0,0,0,0,0,0,0,0,0,0,0,0,0,0,0,0,0,0,0,0,0,0,0,0,0,0
5b907955473772d9edce036388db449f,3.0,0,9,170,1,2,0,2,1,3,4,0,0,2,0,31,0,1,0,0,22,10,0,1,0,0,3,0,0,1,0,1,3,0,0,1,1,4,0,1,0,1,3,1,1,0,0,0,0,0,1,0,0,0,0,0,0,2,2,83,0,0,0,0,3483,0,0,0,0,0,0,0,0,0,0,0,0,0,0,0,0,0,0,0,0,0,0,0,0,0,0,0,0,0,0,0,0,0,0,0,0,0,0,0,1,1,0,0,0,2,0,2,1,0,0,0,0,1,0,0,0,0,1,0,0,0,0,0,0,0,0,0,0,0,0,0,0,0,0,0,0,0,0,0,1,0,0,0,0,0,0,0,0,0,0,0,0,0,0,0,0,0,0,0,0,0,0,0,0,0,0,0,0,1,0,0,0,0,0,0,0,0,0,0,0,0,0,0,0,0,0,0,0,0,0,0,0,0,0,0,0,0,0,0,0,0,0,0,0,0,0,0,0,0,0,0,0,0,0,0,0,0,0,0,0,0,0,0,0,0,0,0,0,0,0,1,0,0,0,0,0,0,0,0,0,0,0,0,0,0,0,0,0,0,0,0,0,0,0,0,0,0,0,0,0,0,0,0,0,0,0,0,0,0,0,0,0,0,0,0,0,0,0,0,0,0,0,0,0,0
5d3db2589c9bd3cd9aca8e7a24f4fd84,3.0,0,11,176,1,1,4,5,0,2,2,1,0,1,2,38,0,0,0,1,25,16,0,1,0,0,3,0,0,1,0,1,3,0,0,2,1,8,0,1,0,1,3,1,1,0,0,0,0,0,1,0,0,0,0,0,0,2,2,84,0,0,0,0,3557,0,0,0,0,0,0,0,0,0,0,0,0,4,0,0,0,0,0,0,0,0,0,0,0,0,0,0,0,0,0,0,0,0,0,0,0,0,0,0,1,1,0,0,0,2,0,2,1,0,0,0,0,1,0,0,0,0,1,0,0,0,0,0,0,0,0,0,0,0,0,0,0,0,0,0,0,0,0,0,1,0,0,0,0,0,0,0,0,0,0,0,0,0,0,0,0,0,0,0,0,0,0,0,0,0,0,0,0,1,0,0,0,0,0,0,0,0,0,0,0,0,0,0,0,0,0,0,0,0,0,0,0,0,0,0,0,0,0,0,0,0,0,0,0,0,0,0,0,0,0,0,0,0,0,0,0,0,0,0,0,0,0,0,0,0,0,0,0,0,0,1,0,0,0,0,0,0,0,0,0,0,0,0,0,0,0,0,0,0,0,0,0,0,0,0,0,0,0,0,0,0,0,0,0,0,0,0,0,0,0,0,0,0,0,0,0,0,0,0,0,0,0,0,0,0
5ec8a91c9483df8eb323ab6db1adb8bf,3.2,46,65,2254,72,34,120,471,1060,1484,948,60,0,23,7,6768,1028,113,0,1,2457,2407,1,636,0,1,34,7,2,543,375,170,932,89,462,5,2,14,6,29,58,72,68,64,507,67,0,1,0,2,4,0,1,0,0,2,169,0,0,0,0,0,0,39,422,883,48,176,0,0,0,0,0,0,1,0,1199,865,0,2,1254,259,515,166,4,51,0,1,1,130,877,847,60,91,61,5,29,16,0,0,132,459,2,61,339,1036,0,58,0,2,0,0,18,16,0,0,1,31,1,0,0,2,5,0,0,2,0,0,2,0,18,133,1,0,1,0,2,45,0,0,0,0,0,0,0,0,0,0,0,0,0,0,107,0,0,1,58,0,2,6,0,0,0,1,2,2,0,0,0,0,0,0,0,0,0,0,0,0,0,0,0,0,0,0,0,0,0,0,0,0,0,0,0,0,0,0,0,0,0,0,0,0,0,0,0,0,0,0,0,0,0,0,0,0,0,0,0,0,0,0,0,0,0,0,0,0,0,0,0,0,0,0,0,0,0,192,0,0,0,0,0,0,0,0,0,0,0,0,0,0,0,0,0,0,0,0,0,0,0,0,0,0,0,0,0,0,0,0,0,0,0,0,0,0,0,0,0,0,0,0,0,0,0,0,0,0,0,0,0,0
5f7c61723b84a69618e6d9af13a1b902,2.2,27,33,849,21,4,25,2,24,7,8,3,0,2,4,24,1,4,0,1,7,6,0,1,0,0,1,0,0,0,0,4,1,0,0,1,2,12,0,1,0,0,0,0,0,0,0,0,1,0,0,0,0,0,0,0,0,0,0,0,0,0,0,0,0,2,4,0,0,0,0,0,0,0,0,0,0,0,0,0,0,602,18,549,0,157,0,0,0,0,0,0,4,27,2,2,47,0,0,0,0,0,0,0,2,3,0,0,0,0,0,0,2,0,0,3,0,0,0,0,0,0,0,0,0,0,0,0,0,1,2,0,0,0,0,0,0,0,1,0,0,0,0,0,0,0,0,0,0,0,0,0,0,0,0,0,0,0,0,0,0,0,0,0,0,0,0,0,0,0,0,0,0,0,0,0,0,0,0,0,0,0,0,0,0,0,0,0,0,0,0,0,0,0,0,0,0,0,0,0,0,0,0,0,1,0,0,0,0,0,0,0,0,0,0,0,0,0,0,0,0,0,0,0,0,0,0,0,0,0,0,0,0,0,0,0,0,0,0,0,0,0,0,0,0,0,0,0,0,0,0,0,0,0,0,0,0,0,0,0,0,0,0,0,0,0,0,0,0,0,0,0,0,0,0,0,0,0,0,0,0,0,0,0,0,0,0,0,0,0
6a0e4a5f1765004682976ccd60e0979c,1.6,0,5,125,15,0,15,1,0,0,0,1,0,0,0,5,0,3,0,1,0,0,0,0,0,0,0,0,0,0,0,0,1,0,0,3,3,7,0,0,0,0,0,0,0,0,0,0,0,0,0,0,0,0,0,1,0,1,1,38,0,0,0,0,8,0,0,0,0,0,0,0,0,0,0,0,0,0,0,0,5,7,0,0,0,0,0,0,0,0,0,0,0,0,0,0,0,0,0,0,0,0,0,0,0,0,0,0,1,0,0,0,0,0,0,0,0,0,0,0,0,3,0,0,0,0,0,0,0,0,0,0,0,0,0,0,0,0,0,0,0,0,0,0,0,0,0,0,0,0,0,0,0,0,0,0,0,0,0,0,0,0,0,0,0,0,0,0,0,0,0,0,0,0,0,0,0,0,0,0,0,0,0,0,0,0,0,0,0,0,0,0,0,0,0,0,0,0,0,0,0,0,0,0,0,0,0,0,0,0,0,0,0,0,0,0,0,0,0,0,0,0,0,0,0,0,0,0,0,0,0,0,0,0,0,0,0,0,0,0,0,0,0,0,0,0,0,0,0,0,0,0,0,0,0,0,0,0,0,0,0,0,0,0,0,0,0,0,0,0,0,0,0,0,0,0,0,0,0,0,0,0,0,0,0,0,0,0,0,0
6a81692ff1716338f7fbe41ae9fec052,2.4,0,10,336,15,0,16,1,0,0,0,1,0,0,0,7,0,3,0,1,0,0,0,0,0,0,0,0,0,0,0,0,0,0,0,6,3,9,0,0,0,0,1,0,0,0,0,0,0,0,0,0,0,0,0,1,0,1,1,40,0,0,0,0,12,0,0,0,0,0,0,0,0,0,0,0,0,0,0,0,3,10,0,0,0,0,0,0,0,0,0,0,0,0,0,0,0,0,0,0,0,0,0,0,0,0,0,0,1,0,0,0,0,0,0,0,0,0,0,0,0,3,0,0,0,0,0,0,0,0,0,0,0,0,0,0,0,0,0,0,0,0,0,0,0,0,0,0,0,0,0,0,0,0,0,0,0,0,0,0,0,0,0,0,0,0,0,0,0,0,0,0,0,0,0,0,0,0,0,0,0,0,0,0,0,0,0,0,0,0,0,0,0,0,0,0,0,0,0,0,0,0,0,0,0,0,0,0,0,0,0,0,0,0,0,0,0,0,0,0,0,0,0,0,0,0,0,0,0,0,0,0,0,0,0,0,0,0,0,0,0,0,0,0,0,0,0,0,0,0,0,0,0,0,0,0,0,0,0,0,0,0,0,0,0,0,0,0,0,0,0,0,0,0,0,0,0,0,0,0,0,0,0,0,0,0,0,0,0,0
6b5e26b7db44ba5d91b4347bfcb5d5a2,1.4,0,15,356,10,5,200,2,5,3,8,2,1,3,1,32,1,4,1,2,6,5,1,2,1,1,2,2,0,0,0,1,2,1,1,0,0,4,0,0,0,0,0,0,0,0,0,0,0,0,0,0,0,0,0,3,1,0,0,0,0,0,0,0,0,0,0,0,0,0,0,0,0,0,0,0,0,0,0,0,0,0,0,0,0,0,0,0,0,0,0,0,0,0,0,0,0,0,0,0,0,0,0,0,0,0,0,0,0,0,0,0,0,0,0,0,0,0,0,0,0,0,0,0,0,0,0,0,0,0,0,0,0,0,0,0,0,0,0,0,0,0,0,0,0,0,0,0,0,0,0,0,0,0,0,0,0,0,0,0,0,0,0,0,0,0,0,0,0,0,0,0,0,0,0,0,0,0,0,0,0,0,0,0,0,0,0,0,0,0,0,0,0,0,0,0,0,0,0,0,0,0,0,0,0,0,0,0,0,0,0,0,0,0,0,0,0,0,0,0,0,0,0,0,0,0,0,0,0,0,0,0,0,0,0,0,0,0,0,0,0,0,0,0,0,0,0,0,0,0,0,0,0,0,0,0,0,0,0,0,0,0,0,0,0,0,0,0,0,0,0,0,0,0,0,0,0,0,0,0,0,0,0,0,0,0,0,0,0,0
6b6e7cf9f1ecc4ad78a45e8dab1d7b21,1.6,0,20,2304,15,7,1899,3,6,4,9,3,1,3,3,32,2,2,1,2,7,6,1,2,1,1,2,2,0,0,0,1,3,1,1,0,0,7,0,0,0,0,0,0,0,0,0,0,0,0,0,0,6,0,0,3,1,0,0,0,0,0,0,0,0,0,0,0,0,0,0,0,0,0,0,0,0,0,0,0,0,0,0,0,0,0,0,0,0,0,0,0,0,0,0,0,0,0,0,0,0,0,0,0,0,0,0,0,0,0,0,0,0,0,0,0,0,0,0,0,0,0,4,0,0,0,0,0,0,0,0,0,0,0,0,0,0,0,0,0,0,0,0,0,0,0,0,0,0,0,0,0,0,0,0,0,0,0,0,0,0,0,0,0,0,0,0,0,0,0,0,0,0,0,0,0,0,0,0,0,0,0,0,0,0,0,2,0,0,0,0,0,0,0,0,0,0,0,0,0,0,0,0,0,0,0,0,0,0,0,0,0,0,0,0,0,0,0,0,0,0,0,0,0,0,0,0,0,0,0,0,0,0,0,0,0,0,0,0,0,0,0,0,0,0,0,0,0,0,0,0,0,0,0,0,0,0,0,0,0,0,0,0,0,0,0,0,0,0,0,0,0,0,0,0,0,0,0,0,0,0,0,0,0,0,0,0,0,0,0
6b9d709baf96c4b77bc636e03aea74ae,1.6,0,19,368,10,3,4,4,5,4,9,1,0,3,0,28,1,4,1,1,6,5,1,2,1,1,2,2,0,0,0,1,1,1,1,0,0,2,0,0,0,0,0,0,0,0,0,0,0,0,0,3212,0,0,0,3,1,0,0,0,0,0,0,0,0,0,0,0,0,0,0,0,0,0,0,0,0,0,0,0,0,0,0,0,0,0,0,0,0,0,0,0,0,0,0,0,0,0,0,0,0,0,0,0,0,0,0,0,0,0,0,0,0,0,0,0,0,0,1799,0,0,0,0,0,0,0,0,0,0,0,0,0,0,0,0,0,0,0,0,0,0,0,0,0,0,0,0,0,0,0,0,0,0,0,0,0,0,0,0,0,0,0,0,0,0,0,0,0,0,0,0,0,0,0,0,0,0,0,0,0,0,0,0,0,0,0,0,0,0,0,0,0,0,0,0,0,0,0,0,0,0,0,0,0,0,0,0,0,0,0,0,0,0,0,0,0,0,0,0,0,0,0,0,0,0,0,0,0,0,0,0,0,0,0,0,0,0,0,0,0,0,0,0,0,0,0,0,0,0,0,0,0,0,0,0,0,0,0,0,0,0,0,0,0,0,0,0,0,0,0,0,0,0,0,0,0,0,0,0,0,0,0,0,0,0,0,0,0,0,0
6ba475ac2e8db33352afa0256751179b,6.0,4,33,105,94,7,5,0,1,0,6,1,0,2,0,45,2,42,1,1,10,12,1,2,1,2,2,2,0,0,8,12,2,1,2,0,0,9,0,0,0,0,0,0,0,0,0,1,0,0,0,0,11,1,1,6,9,0,0,0,0,0,0,0,1,0,1,0,0,0,0,0,0,0,0,0,0,0,0,0,0,8,0,1,0,0,0,0,0,0,1,0,0,4,0,0,0,0,0,0,2,0,0,0,0,0,0,0,0,0,0,0,0,0,0,0,0,0,0,0,0,2,4,0,0,0,1,0,0,1,0,0,0,0,0,1,0,0,0,0,0,0,0,0,0,0,0,0,0,0,0,0,1,0,0,0,0,0,0,0,0,0,0,0,0,0,0,0,0,0,0,0,0,0,0,0,0,0,0,0,0,0,0,0,0,0,0,0,0,0,0,0,0,0,0,0,0,0,0,0,1,0,0,0,0,0,0,0,0,0,0,0,0,0,0,0,0,0,0,0,0,0,0,0,0,0,0,0,0,0,0,0,0,0,0,0,0,0,0,0,0,0,0,0,0,0,0,0,0,0,0,0,0,0,0,0,0,0,0,0,0,0,0,0,0,0,0,0,0,0,0,0,0,0,0,0,0,0,0,0,0,0,0,0,0,0,0,0,0,0
6bb5cc3b84e82c469b263663ffd72a79,1.2,0,19,370,10,3,6,4,5,4,9,1,0,3,0,71,1,4,1,1,45,7762,1,2,1,1,2,2,0,0,0,1,1,1,1,69195,0,2,0,0,0,0,0,0,0,0,0,0,0,0,0,0,0,0,0,3,1,0,0,0,0,0,0,0,0,0,0,0,0,0,0,0,0,0,0,0,0,0,0,0,0,0,0,0,0,0,0,0,0,0,0,0,0,0,0,0,0,0,0,0,0,0,0,0,0,0,0,0,0,0,0,0,0,0,0,0,0,0,0,0,0,0,0,0,0,0,0,0,0,0,0,0,0,0,0,0,0,0,0,0,0,0,0,0,0,0,0,0,0,0,0,0,0,0,0,0,0,0,0,0,0,0,0,0,0,0,0,0,0,0,0,0,0,0,0,0,0,0,0,0,0,0,0,0,0,0,0,0,0,0,0,0,0,0,0,0,0,0,0,0,0,0,0,0,0,0,0,0,0,0,0,0,0,0,0,0,0,0,0,0,0,0,0,0,0,0,0,0,0,0,0,0,0,0,0,0,0,0,0,0,0,0,0,0,0,0,0,0,0,0,0,0,0,0,0,0,0,0,0,0,0,0,0,0,0,0,0,0,0,0,0,0,0,0,0,0,0,0,0,0,0,0,0,0,0,0,0,0,0,0
6bc1effde27f3b6b0f858d6136af180b,11.6,3,164,2919,5065,23,58,86,224,154,453,14,4,58,12,16544,1,6636,5,9,259,443,4,81,7,7,50,12,3,242,7286,7274,7297,13,14575,295,1,329,6,269,1,2427,5,4844,4133,0,0,5,0,34,239,1,377,0,0,2,25,7,7,300,12,1,1,1,546,28,4877,51,0,2,0,17,2,1,10,2,801,621,1,7,1185,2629,341,70,1,58,3,8,8,9,22,34,105,105,105,4,277,0,6,0,2436,2471,3,3,7,7,23,157,8,3,20,15,12,16,0,26624,2420,53249,0,0,0,0,4162,0,0,0,0,0,0,0,1,0,5,0,0,0,0,0,0,0,0,0,0,0,3,0,0,0,0,0,0,0,0,0,0,0,0,0,7,19,0,0,0,3,2,2,3,0,0,1,0,9,0,4,0,1,0,4,0,0,2,0,0,0,6,0,0,0,0,0,0,0,0,0,0,0,0,0,0,0,0,0,1,0,1,0,0,0,0,0,0,0,0,0,0,0,0,0,0,0,0,0,3,0,1,2,4840,0,0,0,0,3,2,0,0,0,0,0,0,0,0,0,0,0,0,1,0,0,0,0,0,0,0,0,0,0,0,0,0,0,0,0,0,0,0,0,0,0,0,0,0,0,0,0,0,0,0,0,0,0,0,0,0,0,0,0,0,0,0,0
0d6ad31f4295747d99b5e19486e12c5b,4.2,0,18,381,20,2,238,0,8,1,5,0,0,0,0,49,4,0,0,0,5,5,0,1,0,0,3,0,0,0,8,10,4,0,0,0,0,0,12,0,0,0,1,0,0,0,0,2,0,0,0,0,10,0,0,3,1,0,0,0,5,0,0,0,2,0,8,0,0,0,0,0,0,0,0,0,0,0,0,0,0,0,0,0,0,0,0,0,0,0,0,0,0,0,0,0,0,0,0,0,0,0,0,0,3,3,0,0,0,0,0,0,2,0,0,0,1,0,0,0,0,0,0,0,0,0,0,0,0,0,0,0,0,0,0,0,0,0,0,0,0,0,0,0,2,0,0,0,0,0,0,0,0,0,0,0,0,0,0,0,0,0,0,0,0,0,0,0,0,0,0,0,0,0,0,0,0,0,0,0,0,0,0,0,0,0,0,0,0,0,0,0,0,0,0,0,0,0,0,0,0,0,1,0,0,0,0,0,0,0,0,0,0,0,0,0,0,0,0,0,0,0,0,0,0,0,0,0,0,0,0,0,0,0,0,0,0,0,0,0,0,0,0,0,0,0,0,0,0,0,0,0,0,0,0,0,0,0,0,0,0,0,0,0,0,0,0,0,0,0,0,0,0,0,0,0,0,0,0,0,0,0,0,0,0,0,0,0,0,0
cacbfd35ce8fe1bda42db9b92d7f6c1f,14.4,58,138,1377,312,160,278,121,727,2206,698,10,2,223,4,897,33,96,4,2,153,75,2,23,2,5,4,6,2,14,33,87,184,10,28,130,4,69,3,1,5,21,2,0,7,10,1,6,0,14,3,13,41,2,2,12,65,0,0,0,1,0,2,2,1928,24,28,18,0,3,0,14,0,0,5,0,20,0,0,0,63,176,0,2,32,96,0,0,0,0,24,0,0,48,4,1,9,220,0,0,32,185,1,12,20,25,0,138,7,0,0,0,16,16,2,15,2,14,0,0,0,478,2,0,0,0,2,0,4,4,7,2,2,0,4,2,10,61,0,0,0,2,0,0,46,0,5,10,0,0,87,0,136,2,0,0,0,0,11,76,0,0,0,0,0,0,0,0,0,2,5,0,0,1,11,0,0,0,0,0,0,0,0,0,0,6,1,5,0,0,0,0,0,0,0,0,0,0,0,0,2,4,0,0,0,0,0,11,0,0,0,0,0,1,4,1,0,0,0,0,126,0,0,2,0,0,2,0,2,0,0,0,0,0,0,0,0,0,0,0,0,0,0,0,0,0,0,0,0,0,0,0,0,0,0,0,0,0,0,0,0,0,0,0,0,0,0,0,0,0,0,0,0,0,0,0,0,0,0,0,0,0,0,0,0,0,0,0,0,0
2a3b73583c22ff904f29609c911522b5,7.4,1,45,822,106,77,62,10,83,43,189,3,0,195,1,136,0,40,1,0,4,3,0,2,0,0,4,0,0,49,26,6,39007,1,1,12,13,25,0,0,0,4,3,0,0,0,0,0,0,6,0,0,5,0,0,0,4,813,27,591,1,0,0,0,787,2,5,2,16,0,0,0,0,0,1,0,0,0,0,0,0,22,0,0,0,2,0,4,0,0,2,0,0,0,0,2,0,0,0,0,5,0,2,0,0,4,1,0,0,0,0,0,3,0,0,0,3,1,0,0,0,0,10,0,0,0,0,1,0,0,11,0,0,0,0,6,2,0,0,0,0,0,0,0,4,0,0,0,0,0,0,0,0,1,1,0,0,0,18,20,2,4,0,7,3,3,0,0,0,0,0,0,0,3,0,0,0,13,0,0,0,0,0,0,12,8,0,0,0,0,0,0,0,0,0,0,0,0,0,0,0,0,0,0,0,0,3,3,0,0,0,0,0,0,0,0,0,0,0,0,0,0,7,0,0,0,0,0,0,0,0,0,0,0,0,0,0,0,0,0,0,0,0,0,0,0,0,0,0,0,0,0,0,0,0,0,0,0,0,0,0,0,0,0,0,0,0,0,0,0,0,0,0,0,0,0,0,0,0,0,0,0,0,0,0,0,0,0,0,0
0d6ccd6552055d1c87e2315c5f9123f0,5.0,108,202,2131,1152,164,116,7,237,98,276,27,0,28,3,1046,67,218,0,2,197,285,2,16,0,0,0,9,3,2491,215,106,48,0,171,6,0,135,0,4,0,27,9,31,378,0,0,28,0,0,4,27,0,0,0,79,77,50,50,2491,0,27,0,0,51,14,5,2,2,0,0,0,0,0,0,0,134,98,0,1,0,345,0,26,0,3,0,0,0,0,40,3,0,108,0,3,0,3,0,0,52,3,0,0,57,86,1,0,1,0,4,0,19,24,12,45,29,187,0,0,0,30,4212,0,0,0,52,0,0,28,28,0,0,0,1,27,0,0,0,0,0,0,0,0,0,0,2,28,0,0,0,0,27,0,3,0,0,0,14,14,0,0,0,0,0,0,0,0,0,0,53,0,0,26,27,0,0,0,0,0,0,0,0,0,0,0,0,0,0,0,0,0,0,0,0,0,0,0,0,0,56,0,0,0,2,0,3,1,0,0,0,0,0,6,0,0,0,0,0,0,0,0,0,0,0,0,0,0,0,0,0,0,0,0,0,0,0,0,0,0,0,0,0,0,0,0,0,0,0,0,0,0,0,0,0,0,0,0,0,0,0,0,0,0,0,0,0,0,0,0,0,0,0,0,0,0,0,0,0,0,0,0,0,0,0,0,0,0,0,0
0d6d66bb9a53260cfc4758f7bd66521e,7.2,14,130,5380,145,28,4450,303,661,1189,595,5,0,15,3,1079,29,22,0,1,79,654,0,19,3,1,15,6,1,46,19,28,142,25,72,22,0,32,5,28,1,8,0,0,1,28,0,4,0,2,22,0,2,0,0,5,18,197,195,9086,0,0,0,1,848,141,4,32,2,0,0,3,0,0,6,0,601,412,0,9,133,131,31,5,3,240,1,3,3,8,139,14,69,82,60,13,40,24,3,0,17,95,0,13,17,31,2,2,5,1,9,5,13,8,2,1,3,50,1,2,1,0,0,0,0,0,0,0,0,1,8,7,0,0,1,0,0,0,0,0,0,0,0,0,0,0,0,2,0,0,0,0,93,10,0,1,1,0,36,36,2,48,6,0,0,0,0,0,0,0,0,0,0,0,0,0,0,0,0,0,0,0,0,0,0,0,0,0,0,0,0,0,0,0,0,0,0,0,0,0,0,0,0,0,0,0,0,0,0,0,0,0,0,0,0,0,0,0,0,0,0,0,0,0,0,0,0,0,0,0,0,0,0,0,0,0,0,0,0,0,0,0,0,0,0,0,0,0,0,0,0,0,0,0,0,0,0,0,0,0,0,0,0,0,0,0,0,0,0,0,0,0,0,0,0,0,0,0,0,0,0,0,0,0,0,0,0,0,0,0
0d07c9a5dde293e0432836b3d527bfb5,5.0,2,25,110,107,8,44,98,567,2257,468,1,0,3,2,476,16,99,0,2,43,20,2,9,0,0,0,4,1,134,87,12,97,9,669,2,0,2,61,30,0,27,15,3,140,9,0,4,0,2,28,1,0,0,0,9,10,3,3,123,0,0,0,0,2,17,17,3,0,0,0,0,0,0,1,0,2,2,0,0,0,0,0,0,0,12,25,0,0,0,20,0,2,4,2,3,0,111,0,0,33,112,0,4,11,13,0,0,2,0,4,0,20,8,0,1,2,37,5,0,46,0,0,0,0,0,0,0,0,3,5,6,1,0,1,0,23,22,0,0,0,0,0,0,0,0,0,0,0,1,0,0,0,0,0,0,0,0,17,17,0,0,0,0,0,0,0,0,0,0,0,0,0,9,0,0,0,0,0,0,0,0,0,0,0,0,0,0,0,0,0,0,0,0,0,0,0,0,0,0,0,0,0,0,0,0,0,0,0,0,0,0,0,0,0,0,0,0,0,0,0,0,0,0,0,0,0,0,0,0,0,0,0,129,0,0,0,0,0,0,0,0,0,0,0,0,0,0,0,0,0,0,0,0,0,0,0,0,0,0,0,0,0,0,0,0,0,0,0,0,0,0,0,0,0,0,0,0,0,0,0,0,0,0,0,0,0,0,0,0
0d7d1e37673471894cc171509ba521c3,7.6,2,57,161,14,11,11,3,3,14,9,0,1,7,1,44,0,2,1,1,10,9,0,2,0,1,0,0,0,0,5,3,6,0,1,1,0,8,0,0,0,2,0,2,3,0,0,2,0,1,0,0,5,1,1,6,2,0,0,0,0,0,0,0,20,0,6,0,0,5,4,0,0,0,0,0,0,0,0,0,0,0,0,0,0,0,0,0,0,0,0,0,0,0,0,0,0,0,0,0,3,1,1,1,3,4,0,0,2,0,0,0,1,0,0,5,1,0,0,0,0,0,1,0,0,0,0,0,0,0,1,0,0,0,0,0,0,0,0,0,0,0,0,0,0,0,0,0,0,0,1,0,0,1,0,0,0,0,0,2,0,0,0,0,0,0,0,0,0,0,0,0,0,0,0,0,0,0,4,0,0,0,0,0,0,0,0,0,0,0,0,0,0,0,0,0,0,0,0,0,0,0,0,0,0,0,0,0,0,0,0,0,0,0,0,0,0,0,0,0,0,0,0,5,0,0,1,0,0,0,0,0,0,0,0,0,0,0,0,4,0,0,0,0,0,0,0,0,0,0,0,0,0,0,0,0,0,0,0,0,0,0,0,0,0,0,0,0,0,0,0,0,0,0,0,0,0,0,0,0,0,0,0,0,0,0,0,0,0,0
0d7eea1980cee1846da3cf8b4a9e0aad,9.8,0,1593,312145,34,15,54,12,125,25,93,4,2,29,3,194,3,12,0,1,20,130,0,6,0,4,0,0,1,3,0,4,8,0,0,10,2,16,0,5,0,0,0,2,0,0,0,3,4,4,6,0,13,3,3,6,9,1,1,42,0,0,0,0,20,2,10,4,0,0,0,19,0,0,1,0,79,105,8,0,0,0,0,0,0,0,0,0,0,0,0,12,0,0,0,0,0,0,0,1,0,0,2,2,8,8,0,0,0,7,12,15,4,0,0,0,0,0,0,0,0,0,10,0,0,0,0,0,0,0,2,0,0,0,0,0,4,0,3,0,0,0,0,0,0,0,0,0,0,0,0,0,0,0,0,0,0,0,10,10,0,0,0,0,1,1,1,0,0,0,0,2,0,0,0,1,0,8,0,0,2,0,0,0,6,0,0,0,0,2,0,2,2,0,0,0,0,0,2,0,0,0,0,0,0,0,1,5,0,0,0,0,0,0,0,0,0,0,0,0,0,0,0,0,0,0,0,0,0,0,0,0,0,1498,0,0,0,0,0,0,0,0,0,0,0,0,0,0,0,0,0,0,0,0,0,0,0,0,0,0,0,0,0,0,0,0,0,0,0,0,0,0,0,0,0,0,0,0,0,0,0,0,0,0,0,0,0,0,0,0
0d7fc5c789ca46e618376a28424bb000,1.2,0,37,129,8785,2,7,1,57,138,51,2,0,0,2,24,0,2452,0,0,5,3,0,1,1,1,0,0,1,5,0,44,14,0,1,8,0,5,0,0,0,0,0,1,0,0,0,0,0,0,0,0,0,0,0,0,14,0,0,0,0,0,0,0,3,0,0,0,0,0,0,0,0,0,0,0,0,0,0,0,0,1,0,0,0,38,0,1,1,0,0,0,0,0,0,0,0,0,0,0,0,0,0,0,1,2,0,0,0,0,0,0,7,0,0,3,0,0,0,0,0,0,0,0,0,0,0,0,0,0,1,0,0,0,0,6,0,0,0,0,0,0,0,0,0,0,0,0,0,0,0,0,0,0,0,0,0,0,0,0,0,0,0,0,0,0,0,0,0,0,0,0,0,0,0,0,0,0,0,0,0,0,0,0,0,0,1,0,0,0,0,0,0,0,0,0,0,0,0,0,0,0,0,0,0,0,0,0,0,0,0,0,0,0,0,0,0,0,0,0,0,0,0,0,0,0,0,0,0,0,0,0,0,0,0,0,0,0,0,0,0,0,0,0,0,0,0,1,0,0,0,0,0,0,0,0,0,0,0,0,0,0,0,0,0,0,0,0,0,0,0,0,0,0,0,0,0,0,0,0,0,0,0,0,0,0,0,0,0,0
0d8b907718e82f16b59e9b1cc17fea39,9.4,64,171,921,271,102,73,244,1842,1935,1377,14,0,118,13,1788,338,36,0,5,269,725,2,49,4,4,21,13,4,45,58,126,410,17,27,71,4,5,6,54,0,16,0,0,9,18,16,6,0,12,45,0,0,0,0,11,55,0,0,0,0,0,0,0,746,149,12,67,2,1,0,22,1,1,11,0,559,410,1,12,293,512,297,60,8,131,7,8,8,9,137,33,143,202,116,9,22,215,18,1,39,131,2,26,307,317,1,3,7,3,19,15,29,32,6,5,260,8,3,2,487,4,10,0,0,5,1,0,0,1,9,15,1,0,0,13,16,8,0,0,0,0,0,0,0,0,0,16,0,0,0,0,0,0,0,0,0,0,9,19,0,0,6,0,2,2,6,0,0,0,1,17,0,0,0,11,0,7,1,23,2,0,0,2,8,2,2,300,1,3,1,3,3,3,0,0,0,2,0,0,0,0,0,0,0,12,0,0,0,0,0,0,0,0,0,0,0,0,0,0,0,0,0,0,0,0,4,0,0,0,0,0,0,0,0,1,0,0,0,0,0,0,0,0,0,0,0,0,0,0,0,0,0,0,0,0,0,0,0,0,0,0,0,0,0,0,0,0,0,0,0,0,0,0,0,0,0,0,0,0,0,0,0,0,0,0,0,0,0,0
0d8ec997128229ca620918cbe64fd5a7,1.2,60,18,413,15,5,4,2,7,3,8,3,1,3,1,29,2,2,1,1,6,5,1,2,1,1,2,2,0,0,0,1,3,1,1,0,0,4,0,0,0,0,0,0,0,0,0,0,0,0,0,0,6,0,0,3,1,0,0,0,0,0,0,0,0,0,0,0,0,0,0,0,0,0,0,0,0,0,0,0,0,0,0,0,0,0,0,0,0,0,0,0,0,0,0,0,0,0,0,0,0,0,0,0,0,0,0,0,0,0,0,0,0,0,0,0,0,0,0,0,0,0,4,0,0,0,0,0,0,0,0,0,0,0,0,0,0,0,0,0,0,0,0,0,0,0,0,0,0,0,0,0,0,0,0,0,0,0,0,0,0,0,0,0,0,0,0,0,0,0,0,0,0,0,0,0,0,0,0,0,0,0,0,0,0,0,0,0,0,0,0,0,0,0,0,0,0,0,0,0,0,0,0,0,0,0,0,0,0,0,0,0,0,0,0,0,0,0,0,0,0,0,0,0,0,0,0,0,0,0,0,0,0,0,0,0,0,0,0,0,0,0,0,0,0,0,0,0,0,0,0,0,0,0,0,0,0,0,0,0,0,0,0,0,0,0,0,0,0,0,0,0,0,0,0,0,0,0,0,0,0,0,0,0,0,0,0,0,0,0
0d8ff116ce8976fc820c996a6ee90c3a,18.8,0,62,379,2563,9,2030,30,474,639,308,2,0,47,5,20284,231,584,0,848,444,265,0,16,0,3,18,7,2,17033,2352,31,2951,0,1507,12,0,0,1,12,0,8,0,4,5064,0,0,10,0,5,11,0,14,2,2,30,36,1,1,41,0,2,0,0,447,10,314,17,0,0,0,13,0,0,1,0,70,5,8,0,1,32,0,0,2,27,0,0,0,0,5,5,0,0,0,2,0,20,0,1,8,712,3,7,229,239,2,0,9,10,5,120,15,16,0,9,1511,1501,6,0,12,0,10,0,0,0,0,0,0,1,13,5,1,0,2,0,3,6,0,0,0,1,0,0,3,0,0,0,0,0,0,2,0,1,0,0,0,0,11,19,1,38,0,2,4,2,1,0,0,0,0,0,0,0,1,5,0,4,0,0,2,0,1,0,12,0,0,0,0,0,0,0,0,0,0,0,0,0,0,0,0,198,1494,0,0,0,0,0,0,0,0,0,0,0,0,0,0,0,0,0,0,0,5,0,0,0,8,0,198,0,0,5,5,0,0,1,1,579,0,0,0,0,0,0,0,0,0,0,0,0,0,0,0,0,0,0,0,0,0,0,0,0,0,0,0,0,0,0,0,0,0,0,0,0,0,0,0,0,0,0,0,0,0,0,0,0,0,0,0,0
0d9aa42bb32226b412d8ae64aa71a26c,5.0,11,58,359,87,18,29,206,629,1091,560,5,0,27,4,759,18,12,1,3,83,1079,0,22,1,1,9,9,2,48,19,33,94,16,21,22,0,38,1,8,1,10,0,3,6,19,0,1,0,2,8,0,0,0,0,4,20,0,0,0,0,0,0,1,500,189,8,19,0,0,0,3,0,0,3,0,568,394,0,7,1202,37741,626,124,16,12,1,3,3,7,186,24,54,64,45,7,95,12,2,0,27,74,1,7,12,22,0,2,2,3,7,5,14,16,2,4,1,3,1,0,0,2,0,0,0,0,0,0,0,0,5,7,0,0,0,0,0,0,0,0,0,0,0,0,0,1,0,0,0,0,0,1,31,16,1,1,1,0,0,0,0,0,0,0,0,0,0,0,0,0,0,0,0,0,0,0,0,0,0,0,0,0,0,0,0,0,0,0,0,0,0,0,0,0,0,0,0,0,0,0,0,0,0,3,0,0,0,0,0,0,0,0,0,0,0,0,0,0,0,0,0,0,0,0,0,0,0,0,0,0,0,0,0,0,0,0,0,0,0,0,0,0,0,0,0,0,0,0,0,0,0,0,0,0,0,0,0,0,0,0,0,0,0,0,0,0,0,0,0,0,0,0,0,0,0,0,0,0,0,0,0,0,0,0,0,0,0,0,0,0
0d9ab42c85fdb9611375fd8190125091,5.0,2,25,110,123,8,44,98,567,2257,468,1,0,3,2,477,16,33,0,2,43,20,2,9,0,0,0,4,1,134,87,12,97,9,669,2,0,2,61,30,0,27,15,3,140,9,0,4,0,2,28,1,0,0,0,9,10,3,3,123,0,0,0,0,2,17,17,3,0,0,0,0,0,0,1,0,2,2,0,0,0,0,0,0,0,12,25,0,0,0,20,0,2,4,2,3,0,111,0,0,33,112,0,4,11,13,0,0,2,0,4,0,20,8,0,1,2,37,5,0,46,0,0,0,0,0,0,0,0,3,5,6,1,0,1,0,23,22,0,0,0,0,0,0,0,0,0,0,0,1,0,0,0,0,0,0,0,0,17,17,0,0,0,0,0,0,0,0,0,0,0,0,0,9,0,0,0,0,0,0,0,0,0,0,0,0,0,0,0,0,0,0,0,0,0,0,0,0,0,0,0,0,0,0,0,0,0,0,0,0,0,0,0,0,0,0,0,0,0,0,0,0,0,0,0,0,0,0,0,0,0,0,0,129,0,0,0,0,0,0,0,0,0,0,0,0,0,0,0,0,0,0,0,0,0,0,0,0,0,0,0,0,0,0,0,0,0,0,0,0,0,0,0,0,0,0,0,0,0,0,0,0,0,0,0,0,0,0,0,0
0d9e5b827d821450f0e6c9e94f482284,9.8,101,262,1364,319,44,120,396,1816,1926,1628,25,0,68,19,2037,92,57,0,5,407,770,0,72,7,8,91,22,6,59,50,103,239,45,1153,91,6,109,8,51,1,36,10,0,46,33,0,10,1,21,70,3,3,0,0,6,47,100,97,4464,0,0,0,1,760,198,20,149,2,0,0,41,0,0,45,0,1006,695,12,16,150,1657,419,9,11,364,4,12,12,10,178,43,75,170,47,19,143,188,9,2,60,173,3,23,104,127,2,6,12,8,27,21,43,48,14,5,69,1452,3,4,23,2,10,0,0,2,0,0,0,4,23,11,1,0,1,2,12,7,1,0,0,1,0,0,0,1,0,54,0,0,0,0,93,10,0,1,1,0,44,46,3,48,6,0,3,3,2,1,1,9,24,2,1,0,0,0,0,4,0,0,2,0,0,0,0,3,0,0,0,0,0,0,0,0,0,0,0,0,0,0,0,0,0,3,0,0,0,3,0,0,0,0,0,0,0,0,0,0,0,0,0,0,0,0,0,0,0,0,0,0,0,0,0,0,0,0,0,0,0,0,0,0,0,0,0,0,0,0,0,0,0,0,0,0,0,0,0,0,0,0,0,0,0,0,0,0,0,0,0,0,0,0,0,0,0,0,0,0,0,0,0,0,0,0,0,0,0,0,0,0
0d16a4359e0798a6800a5db41c5f0558,7.6,24,128,5413,147,28,4495,183,730,1171,640,5,0,15,3,1051,20,33,0,1,95,724,0,21,3,1,15,6,1,46,21,30,5595,18,65,20,0,30,5,34,1,8,0,0,1,21,0,4,0,2,12,0,2,0,0,4,13,262,260,11901,0,0,0,1,886,125,4,30,2,0,0,3,0,0,6,0,678,464,0,15,62,434,42,9,8,246,1,4,4,7,121,22,114,137,105,13,90,16,2,0,19,60,1,15,18,32,2,2,5,3,7,5,13,8,2,1,3,50,1,0,0,2,0,0,0,0,0,0,0,1,8,7,0,0,1,0,0,0,0,0,0,0,0,0,0,0,0,2,0,0,0,0,93,10,0,1,1,0,37,37,2,48,6,0,0,0,0,0,0,0,0,0,0,0,0,0,0,0,0,0,0,0,0,0,0,0,0,0,0,0,0,0,0,0,0,0,0,0,0,0,0,0,0,0,0,0,0,0,0,0,0,0,0,0,0,0,0,0,0,0,0,0,0,0,0,0,0,0,0,0,0,0,0,0,0,0,0,0,0,0,0,0,0,0,0,0,0,0,0,0,0,0,0,0,0,0,0,0,0,0,0,0,0,0,0,0,0,0,0,0,0,0,0,0,0,0,0,0,0,0,0,0,0,0,0,0,0,0,0,0
0d020d09acd437b8e1c20dca59c0f3a6,5.8,10,20,216,25,8,7,17,97,12,107,0,0,9,0,75,0,10,1,2,2,76,0,1,1,0,0,0,0,3,3,3,13,0,347,0,0,4,0,12,0,3,4,0,352,0,0,0,0,3,11,0,1,0,0,0,8,2,1,23,0,0,0,0,496,11,3,0,0,0,0,0,0,0,0,0,17,17,0,6,1384,540,711,141,5,8,0,2,2,1,12,1,90,100,90,4,85,0,0,0,3,2,1,6,1,1,0,0,1,0,0,0,0,0,0,0,2,4,0,0,0,0,0,0,0,0,0,0,0,0,0,0,0,0,0,0,0,0,0,0,0,0,0,0,1,0,0,0,0,0,0,0,31,14,1,0,0,0,12,12,1,0,0,0,0,0,0,0,0,0,0,0,0,2,0,0,0,0,0,0,0,0,0,0,0,0,0,0,0,0,0,0,0,0,0,0,0,0,0,0,0,0,0,0,0,0,0,0,0,0,0,0,0,0,0,0,0,0,0,0,0,0,0,0,0,0,0,0,0,0,0,0,0,0,0,0,0,0,0,0,0,0,0,0,0,0,0,0,0,0,0,0,0,0,0,0,0,0,0,0,0,0,0,0,0,0,0,0,0,0,0,0,0,0,0,0,0,0,0,0,0,0,0,0,0,0,0,0,0,0
0d20e6aa3159f6835ce0756d8f710929,3.0,0,8,73,7,0,0,0,0,0,5,0,0,0,0,11779,0,8,0,0,2,2,0,0,0,0,0,0,0,0,18122,1,11468,0,1135,0,0,2,0,0,0,2271,0,0,7348,0,0,0,0,0,0,1,0,0,0,0,0,0,0,0,0,0,0,0,0,0,3261,0,0,0,0,0,0,0,0,0,0,0,0,0,0,0,0,0,0,0,0,0,0,0,0,0,0,1,1,0,0,0,0,0,1135,6756,0,0,1,1,0,0,0,0,0,0,1,0,0,0,1138,2186,1135,0,0,0,0,0,0,0,0,0,1,0,0,0,0,0,0,0,0,0,0,0,0,0,0,0,0,0,0,0,0,0,0,0,0,0,0,0,0,0,5,5,0,0,0,0,0,0,0,0,0,0,0,0,0,7433,0,0,0,0,0,0,0,0,0,0,0,0,0,0,0,0,0,0,0,0,0,0,0,0,0,0,0,0,0,0,0,0,0,0,0,0,0,0,0,0,0,1,0,0,0,0,0,0,0,0,0,0,0,0,0,0,0,0,0,0,0,0,0,0,0,0,0,0,0,0,0,0,0,0,0,0,0,0,0,0,0,0,0,0,0,0,0,0,0,0,0,0,0,0,0,0,0,0,0,0,0,0,0,0,0,0,0,0,0,0,0,0,0,0,0,0
0d34c29c8c3de7522bff00a14aaf1f11,6.4,50,149,1344,573,144,356,50,765,680,744,103,0,250,9,356,19,130,6,0,96,58,10,21,0,7,9,4,1,5,93,242,83,0,65,26,16,3393,4,12,20,18,3,0,10,0,14,0,2,23,6,2,0,0,0,1,23,0,0,0,0,2,4,2,3,18,27,37,0,1,16,41,1,1,25,0,2,0,8,2,0,8905,109,28,0,75,0,1,1,0,6,0,11,58,11,10,7,0,0,2,2,0,2,5,32,44,2,1,2,0,0,0,13,8,0,12,31,50,0,0,164,3,15,0,0,2,0,0,0,2,17,58,0,0,0,42,26,92,1,0,0,1,0,1,1,1,10,57,10,0,0,0,0,1,0,0,2,0,15,21,0,0,0,0,3,3,4,0,0,0,1,17,0,3,0,10,0,15,1,26,8,0,0,0,2,10,0,55,1,1,1,1,1,1,2,0,0,2,0,0,0,0,0,0,2,1,2,3,18,16,2,0,0,0,0,0,0,0,0,0,0,0,0,0,0,0,0,0,0,0,0,0,0,0,0,0,0,0,0,0,0,0,0,0,0,0,0,0,0,0,0,0,0,0,0,0,0,0,0,0,0,0,0,0,0,0,0,0,0,0,0,0,0,0,0,0,0,0,0,0,0,0,0,0,0,0,0,0,0,0
0d40e52b0cd3ff004a94ed31eb1c4f13,9.4,25,160,5456,189,32,4441,99,647,978,537,10,0,18,7,928,31,12,0,2,125,250,0,37,5,2,8,12,3,52,29,58,42,1,130,47,0,36,5,35,1,11,0,0,1,0,0,5,0,7,18,0,3,0,0,8,20,142,139,6501,0,0,0,0,828,48,7,47,2,0,0,6,0,0,12,0,559,389,8,16,101,1210,43,9,12,252,2,6,6,6,41,23,125,148,106,14,110,17,4,1,36,15,1,18,31,47,2,4,6,2,12,10,25,24,4,2,9,160,2,0,12,5,0,0,0,0,0,0,0,1,10,1,0,0,1,3,5,7,0,0,0,0,0,0,0,1,0,7,0,0,1,0,93,10,0,1,1,0,36,36,3,52,6,0,0,0,0,0,0,0,0,0,0,0,0,0,0,0,0,0,0,0,0,0,0,0,0,0,0,0,0,0,0,0,0,0,0,0,0,0,0,0,0,3,0,0,0,0,0,0,0,0,0,0,0,0,0,0,0,0,0,0,0,0,0,0,0,0,0,0,0,0,0,0,0,0,0,0,0,0,0,0,0,0,0,0,0,0,0,0,0,0,0,0,0,0,0,0,0,0,0,0,0,0,0,0,0,0,0,0,0,0,0,0,0,0,0,0,0,0,0,0,0,0,0,0,0,0,0,0
0d45f332786c5bdeaa26b2280f076529,7.0,11,52,339,92,9,19,48,77,20,104,4,0,10,3,280,0,10,1,3,35,180,0,10,2,1,6,3,1,7,12,21,22,0,615,20,0,5,4,34,0,6,4,0,618,0,0,1,0,5,13,0,1,0,0,1,11,2,1,23,0,0,0,0,561,21,3,23,0,0,0,3,0,0,4,0,286,204,0,9,1305,587,687,137,6,59,1,4,4,3,20,13,114,124,105,6,85,0,2,0,14,2,1,7,6,6,0,1,2,1,8,5,6,8,2,1,3,6,1,0,0,2,0,0,0,0,0,0,0,0,0,0,0,0,0,0,0,0,0,0,0,0,0,0,1,0,0,0,0,0,0,0,31,14,1,0,0,0,12,12,1,0,0,0,0,0,0,0,0,0,0,0,0,2,0,0,0,0,0,0,0,0,0,0,0,0,0,0,0,0,0,0,0,0,0,0,0,0,0,0,0,0,0,0,0,0,0,0,0,0,0,0,0,0,0,0,0,0,0,0,0,0,0,0,0,0,0,0,0,0,0,0,0,0,0,0,0,0,0,0,0,0,0,0,0,0,0,0,0,0,0,0,0,0,0,0,0,0,0,0,0,0,0,0,0,0,0,0,0,0,0,0,0,0,0,0,0,0,0,0,0,0,0,0,0,0,0,0,0,0
0c971c9198cbd106e100d88f82a20b64,4.2,61,120,1024,113,140,482,14,763,710,763,3,0,245,2,244,2,66,1,0,35,24,0,11,1,2,6,0,1,5,75,146,667,0,0,21,12,2,0,12,0,0,3,30,39,0,78,0,1,5,6,2,0,0,0,0,67,0,0,0,0,0,0,0,6685,20,13,60,0,1,0,25,1,1,1,0,2,0,8,10,2,31,28164,106,0,99,0,1,1,0,14,0,52,111,52,4,4,0,0,2,0,0,2,0,3,9,0,0,1,0,0,0,10,0,0,0,4,1,0,0,135,0,15,0,0,2,0,0,0,1,13,69,0,0,0,27,27,10,1,0,0,0,0,0,0,0,0,14,0,0,0,0,0,0,0,0,0,0,24,26,0,0,0,0,3,3,16,0,0,0,1,57,0,3,0,43,0,15,1,26,2,0,0,0,10,10,0,55,1,1,1,5,5,5,0,0,0,2,4,0,0,0,0,0,0,0,2,3,0,0,0,0,0,0,0,3,0,0,0,0,0,0,0,0,0,0,0,0,0,0,0,0,0,0,0,0,0,0,0,0,0,0,0,0,0,0,0,0,0,0,0,0,0,0,0,0,0,0,0,0,0,0,0,0,0,0,0,0,0,0,0,0,0,0,0,0,0,0,0,0,0,0,0,0,0,0,0,0,0,0
0c2320dfb9aa32bfe1ef115544756818,10.8,260,257,1801,376,334,1794,148,1551,996,1479,19,0,367,19,1111,63,44,1,4,136,291,0,85,1,9,118,10,25,109,52,54,124,27,239,56,18,83,12,142,0,41,16,2,72,12,18,4,2,27,54,9,82,1,1,7,54,0,0,0,3,1,1,93,567,86,10,91,0,7,0,54,2,2,12,0,512,343,26,12,1292,1990,1086,1147,10,283,1,6,6,5,66,13,140,472,206,10,166,29,2,4,25,30,5,11,63,118,0,6,5,1,6,5,25,18,8,12,33,211,1,0,165,2,46,0,0,4,0,12,77,4,33,13,1,0,0,5,27,47,2,0,0,1,0,0,3,0,0,19,0,0,0,0,0,18,0,0,0,12,12,17,0,0,0,1,5,5,14,1,1,9,35,18,1,6,6,4,1,10,2,52,2,1,1,0,2,22,12,55,1,1,1,1,1,1,0,0,0,2,9,0,0,1,0,0,0,0,0,3,0,0,0,0,0,0,0,1,0,0,0,0,0,0,0,0,0,0,0,0,0,0,0,0,0,0,0,1,0,0,0,0,0,0,0,0,0,0,0,0,0,0,0,0,0,0,0,0,0,0,0,0,0,0,0,0,0,0,0,0,0,0,0,0,0,0,0,5,0,0,0,0,0,0,0,0,0,0,0,0,0,0
0c2585a869de3968cd401f640b8ecc30,1.6,16,11,120,18,2,7,2,6,4,4,1,1,0,1,27,2,2,0,0,5,4,0,0,0,0,0,0,0,0,0,0,3,0,1,0,0,0,1,0,1,0,0,0,1,0,0,0,0,0,0,0,0,0,0,3,1,0,0,0,0,0,0,0,0,1,0,1,0,0,0,0,0,0,0,0,0,0,0,0,0,6,0,0,0,2,0,0,0,0,1,0,0,6,0,0,2,0,0,0,0,0,0,0,0,1,1,0,1,0,0,0,0,0,0,0,1,0,0,0,0,0,0,0,0,0,0,0,0,0,0,0,0,0,0,0,0,0,0,0,0,1,0,0,0,0,0,0,0,0,0,0,0,1,0,0,0,0,0,0,0,0,0,0,0,0,0,0,0,0,0,0,0,0,0,0,0,0,0,0,0,0,0,0,0,0,0,0,0,0,0,0,0,0,0,0,0,0,0,0,0,0,0,0,0,0,0,0,0,0,0,0,0,0,0,0,0,0,0,0,0,0,0,0,0,0,0,0,0,0,0,0,0,0,0,0,0,0,0,0,0,0,0,0,0,0,0,0,0,0,0,0,0,0,0,0,0,0,0,0,0,0,0,0,0,0,0,0,0,0,0,0,0,0,0,0,0,0,0,0,0,0,0,0,0,0,0,0,0,0
0c2919e4daa667f93706205a575fa5e0,5.0,168,317,3351,1821,254,181,7,397,168,476,42,0,43,8,1706,122,385,0,2,292,395,2,37,0,0,0,24,8,3262,335,161,78,0,186,16,0,210,0,14,0,42,9,46,378,0,0,43,0,0,14,42,0,0,0,124,147,70,70,3262,0,42,0,0,76,34,5,2,2,0,0,0,0,0,0,0,134,98,0,1,0,540,0,41,0,8,0,0,0,0,75,3,0,168,0,3,0,3,0,0,82,3,0,0,87,131,1,0,1,0,4,0,49,64,32,75,44,292,0,0,0,45,5010,0,0,0,82,0,0,43,43,0,0,0,1,42,0,0,0,0,0,0,0,0,0,0,2,43,0,0,0,0,42,0,8,0,0,0,14,14,0,0,0,0,0,0,0,0,0,0,83,0,0,41,42,0,0,0,0,0,0,0,0,0,0,0,0,0,0,0,0,0,0,0,0,0,0,0,0,0,86,0,0,0,2,0,8,1,0,0,0,0,0,6,0,0,0,0,0,0,0,0,0,0,0,0,0,0,0,0,0,0,0,0,0,0,0,0,0,0,0,0,0,0,0,0,0,0,0,0,0,0,0,0,0,0,0,0,0,0,0,0,0,0,0,0,0,0,0,0,0,0,0,0,0,0,0,0,0,0,0,0,0,0,0,0,0,0,0,0
0c03439ae9a5727dfa8e5b8b66bece50,3.6,62,74,423,83,130,67,5,640,404,669,2,0,236,2,279,10,60,1,0,36,19,0,6,1,3,3,0,0,0,23,6,28,0,34,12,13,2,0,10,0,0,3,0,8,0,16,0,1,8,8,0,0,0,0,3,30,1,1,42,0,1,0,0,0,13,10,26,0,1,0,19,1,1,2,0,2,0,14,4,0,1684,3038,228,1,47,0,0,0,0,14,0,9,67,9,8,84,0,0,2,33,0,2,2,4,9,0,0,3,0,0,0,4,0,0,1,5,45,0,0,141,0,15,0,0,2,6,0,6,3,7,8,0,0,0,0,12,12,1,0,0,1,0,0,0,0,0,17,0,0,1,0,0,0,0,0,0,876,27,43,0,0,0,0,3,3,3,0,0,0,0,9,0,3,0,8,0,5,1,12,2,0,0,0,0,10,0,60,1,1,1,1,0,0,0,0,0,0,0,0,5,0,0,0,0,0,2,3,0,0,0,0,0,0,0,0,6,0,0,0,0,0,0,0,0,0,0,0,0,0,1,0,0,0,0,0,0,0,0,0,0,0,0,0,0,0,0,0,0,0,0,0,0,0,0,0,0,0,0,0,0,0,0,0,0,0,0,0,0,0,0,0,0,0,0,0,0,0,0,0,0,0,0,0,0,0,0,0,0,0
0c5310c72bc32332fd779ea129f9d2e7,4.0,11,1183,2436,93,9,952,168,653,1092,585,6,0,9,4,1833,18,28,1,1,76,700,0,23,1,1,15,9,2,49,21,33,1197,16,21,22,0,32,5,33,1,9,0,0,3,19,0,1,0,2,12,0,0,0,0,4,17,0,0,0,0,0,0,1,541,120,5,27,0,0,0,3,0,0,4,0,553,384,0,9,1304,835,693,127,15,60,1,4,4,7,118,22,114,124,105,8,85,12,2,0,26,63,1,7,12,22,0,2,2,3,7,5,14,16,2,1,1,3,1,0,0,2,0,0,0,0,0,0,0,0,5,7,0,0,0,0,0,0,0,0,0,0,0,0,0,1,0,0,0,0,0,0,31,7,1,1,1,0,0,0,0,0,0,0,0,0,0,0,0,0,0,0,0,0,0,0,0,0,0,0,0,0,0,0,0,0,0,0,0,0,0,0,0,0,0,0,0,0,0,0,0,0,0,3,0,0,0,0,0,0,0,0,0,0,0,0,0,0,0,0,0,0,0,0,0,0,0,0,0,0,0,0,0,0,0,0,0,0,0,0,0,0,0,0,0,0,0,0,0,0,0,0,0,0,0,0,0,0,0,0,0,0,0,0,0,0,0,0,0,0,0,0,0,0,0,0,0,0,0,0,0,0,0,0,0,0,0,0,0,0
0c7606e3f2f8ae8b8b04b27392fc2be0,2.0,2,9274,287391,7,36,17,1,5,4,40,2,1,35,0,17,0,4,0,0,2,2,0,1,0,0,0,0,1,0,0,0,1,0,0,0,0,9,0,0,0,0,0,0,0,0,0,0,0,0,0,0,0,0,0,0,0,0,0,0,0,0,0,0,0,0,0,0,0,0,0,0,0,0,0,0,0,0,0,0,0,0,0,0,0,0,0,0,0,0,0,0,0,0,0,0,0,0,0,0,0,0,0,0,1,1,0,0,1,0,0,0,1,0,0,0,0,0,0,0,0,0,0,0,0,0,0,0,0,1,0,0,0,0,0,0,0,0,0,0,0,0,0,0,8,0,0,0,0,0,0,0,0,0,0,0,0,0,0,0,0,0,0,0,0,0,0,0,0,0,0,0,0,0,0,0,0,0,0,0,0,0,0,0,0,12,0,0,0,0,0,0,0,0,0,0,0,0,0,0,0,0,0,0,0,0,1,0,0,0,0,0,0,0,0,0,0,0,0,0,0,0,0,0,0,0,0,0,0,0,0,0,0,0,0,0,0,0,0,0,0,0,0,0,0,0,0,0,0,0,0,0,0,0,0,0,0,0,0,0,0,0,0,0,0,0,0,0,0,0,0,0,0,0,0,0,0,0,0,0,0,0,0,0,0,0,0,0,0,0
0c27819d5cd1bf1fdefeb1d1a01f7d68,1.6,0,11,1533,9,0,89,4,19,0,0,1,3,0,0,80,0,3,1,0,9,1,0,0,0,0,0,0,3,1,10,17,0,0,0,6,0,16,0,0,0,2,0,0,0,0,0,0,0,0,0,0,0,0,0,3,4,0,0,0,0,0,0,0,0,0,38,0,0,0,0,0,0,0,0,0,0,0,0,0,0,0,0,0,0,2,0,0,0,0,0,0,0,0,0,4,0,0,0,0,3,0,0,1,2,3,0,0,1,0,0,0,0,0,0,0,0,0,0,0,0,0,0,0,0,0,0,0,0,0,4,0,0,0,0,0,0,0,0,0,0,0,0,0,0,1,0,0,0,0,0,0,0,0,0,0,0,0,0,0,0,0,0,0,0,0,0,0,0,0,0,0,0,0,0,0,0,0,0,0,0,0,0,0,0,0,0,0,0,0,0,0,0,0,0,0,0,0,0,0,0,0,0,0,0,0,0,0,0,0,0,0,0,0,0,0,0,0,0,0,0,0,0,0,0,0,0,0,0,0,0,0,0,0,2,0,0,0,0,0,0,0,0,0,0,0,0,0,0,0,0,0,0,0,0,0,0,0,0,0,0,0,0,0,0,0,0,0,0,0,0,0,0,0,0,0,0,0,0,0,0,0,0,0,0,0,0,0,0,0
0c34147a92a1439e5b17983d0b25e775,6.6,0,128,405,23,0,229,1,5,5,20,1,0,0,0,19,5,0,1,0,0,0,0,2,0,1,5,0,0,0,0,2,18,0,2,0,1,2,0,15,0,0,2,0,0,0,0,1,0,1,0,0,9,1,1,1,0,1,1,11,0,0,0,0,11,0,0,0,0,11,11,0,0,0,0,0,0,0,0,0,0,0,0,1,0,0,0,0,0,0,0,0,6,0,0,0,0,0,0,0,0,0,0,0,0,0,0,0,0,0,0,0,0,0,0,0,4,0,0,0,0,0,0,0,0,1,0,0,0,0,0,0,0,0,0,0,0,0,0,0,0,0,0,0,0,0,0,0,0,0,0,0,0,0,0,0,0,0,0,0,0,0,0,0,0,0,0,0,0,0,0,0,0,0,0,0,0,0,11,11,0,0,0,0,0,0,2,0,0,0,0,0,0,0,11,0,0,0,0,0,0,0,0,1,0,0,0,0,0,0,0,0,0,0,0,0,0,0,0,0,0,0,0,11,0,0,0,0,0,0,0,0,0,0,0,1,0,0,0,0,0,0,0,0,0,0,0,0,0,0,0,0,0,0,0,0,0,0,0,0,0,0,0,0,0,0,0,0,0,0,0,0,0,0,0,0,0,0,0,0,0,0,0,0,0,0,0,0,0,0
0c41411b46225d6e079de8c44b87a1c0,5.0,240,432,4741,2601,363,256,7,548,228,651,60,0,62,11,2376,173,547,0,3,408,528,3,49,0,0,0,33,11,4658,479,203,105,0,195,22,0,300,0,20,0,60,9,64,378,0,0,61,0,0,20,60,0,0,0,178,207,100,100,4658,0,60,0,0,109,46,5,2,2,0,0,0,0,0,0,0,134,98,0,1,0,765,0,59,0,11,0,0,0,0,105,3,0,240,0,3,0,3,0,0,118,3,0,0,123,185,1,0,1,0,4,0,67,88,44,102,62,382,0,0,0,63,7156,0,0,0,118,0,0,61,61,0,0,0,1,60,0,0,0,0,0,0,0,0,0,0,2,61,0,0,0,0,60,0,11,0,0,0,14,14,0,0,0,0,0,0,0,0,0,0,119,0,0,59,60,0,0,0,0,0,0,0,0,0,0,0,0,0,0,0,0,0,0,0,0,0,0,0,0,0,122,0,0,0,2,0,11,1,0,0,0,0,0,6,0,0,0,0,0,0,0,0,0,0,0,0,0,0,0,0,0,0,0,0,0,0,0,0,0,0,0,0,0,0,0,0,0,0,0,0,0,0,0,0,0,0,0,0,0,0,0,0,0,0,0,0,0,0,0,0,0,0,0,0,0,0,0,0,0,0,0,0,0,0,0,0,0,0,0,0
0c66357f04082a8b148a2906c86f7f50,3.2,18,40,236,28,7,6,2,52,47,59,3,2,50,0,108,0,4,0,0,31,15,0,5,0,0,0,0,0,0,0,4,7,0,4,1,0,2,0,9,2,2,0,21,2,0,0,1,0,1,2,4,0,0,0,3,10,0,0,0,0,0,0,0,21,2,5,4,0,0,0,13,0,0,1,0,2,0,0,0,0,24,0,0,0,0,0,0,0,0,2,0,0,8,0,0,0,0,0,0,2,0,2,0,2,4,2,0,0,0,0,0,2,0,0,0,2,0,0,0,0,0,10,0,0,0,0,0,0,2,1,0,0,0,0,0,0,0,0,0,0,0,0,0,0,0,0,0,0,0,0,0,4,0,0,0,0,0,7,19,0,0,0,0,2,2,1,0,0,0,0,11,0,0,0,0,0,4,0,0,2,0,0,0,4,0,0,0,0,1,0,3,3,5,0,0,0,0,0,0,0,0,0,0,0,0,0,0,0,0,0,0,0,0,0,0,0,0,0,0,0,0,0,0,0,0,0,0,0,0,0,0,0,0,0,0,0,0,0,0,0,0,0,0,0,0,0,0,0,0,0,0,0,0,0,0,0,0,0,0,0,0,0,0,0,0,0,0,0,0,0,0,0,0,0,0,0,0,0,0,0,0,0,0,0,0,0,0,0,0
0a083d5941a2472dc030c931ad35a03b,4.6,0,24,121,13,0,2,11,0,0,2,1,0,0,0,79,0,8,1,3,9,3,0,6,2,3,0,0,0,0,0,0,10,0,0,0,0,2,0,0,0,2,0,0,4,0,0,1,0,1,0,0,0,1,1,6,4,2,0,0,0,1,0,0,7,0,0,0,0,0,20,9,19,0,0,0,0,0,0,0,0,0,0,0,0,0,0,1,7,0,0,3,0,0,0,0,0,0,1,0,4,0,1,0,0,0,0,0,0,0,3,0,0,0,0,0,0,0,31,0,0,0,0,0,0,0,0,0,0,0,0,0,0,0,0,0,0,0,0,0,0,0,0,0,0,0,0,0,0,0,0,0,0,0,0,0,0,0,0,0,0,0,0,0,0,0,0,0,0,0,0,0,0,0,0,0,0,0,0,0,0,0,0,0,0,0,0,0,0,0,0,0,0,0,0,0,0,0,0,9,0,0,0,0,0,0,0,0,20,10,0,0,0,0,0,0,0,0,0,1,0,0,0,0,0,0,0,0,0,0,0,0,0,0,0,0,0,0,0,0,0,0,0,0,0,0,0,0,0,0,0,0,0,0,0,0,0,0,0,0,0,0,0,1,10,1,6,0,0,0,0,0,0,0,0,0,0,0,0,0,0,0,0,0,0,0,0,0,0,0
0c92831b669298243c7670cede993aa1,7.0,0,3,48,58,14,16,3,2,0,14,0,0,8,0,51,4,12,2,1,12,10,1,0,0,1,0,0,1,0,2,2,9,0,5,1,1,0,0,1,0,0,0,0,2,0,0,2,0,5,1,1,8,1,1,6,2,0,0,0,0,0,0,0,1697,0,6,0,0,7,6,0,1,0,1,0,0,0,0,1,0,0,0,0,0,0,0,0,0,0,0,0,0,63,63,0,0,0,0,0,1,0,0,0,1,1,0,0,3,0,0,0,1,0,0,0,1,1,0,0,0,0,0,0,0,0,0,0,63,0,0,0,0,0,0,1,0,0,0,0,0,0,0,0,0,0,0,0,0,0,0,0,0,0,0,0,0,0,4,3,0,0,0,0,0,0,0,0,0,0,0,0,0,0,0,0,0,0,6,0,0,0,0,0,0,2,0,0,0,0,0,0,0,0,0,0,0,0,0,0,0,0,0,0,0,1,0,0,0,0,0,0,0,0,0,0,0,0,0,0,0,0,0,0,0,0,0,0,0,0,0,0,0,0,0,0,0,0,0,0,0,0,0,0,0,0,0,0,0,0,0,0,0,0,0,0,0,0,0,0,0,0,0,0,0,0,0,0,0,0,0,0,0,0,0,0,0,0,0,0,0,0,0,0,0,0,0,0,0,0
0c247952efd401ab20b1282bd4fb76f7,5.0,200,383,4010,2184,304,216,7,489,208,592,50,0,53,11,2079,153,452,0,4,353,462,4,48,0,0,0,33,11,3631,399,193,95,0,246,22,0,250,0,20,0,50,9,54,528,0,0,50,0,0,20,50,0,0,0,148,187,80,80,3631,0,50,0,0,89,46,5,2,2,0,0,0,0,0,0,0,134,98,0,1,0,645,0,49,0,11,0,0,0,0,95,3,0,200,0,3,0,3,0,0,98,3,0,0,103,155,1,0,1,0,4,0,67,88,44,92,52,352,0,0,0,53,5405,0,0,0,98,0,0,51,51,0,0,0,1,50,0,0,0,0,0,0,0,0,0,0,2,51,0,0,0,0,50,0,11,0,0,0,14,14,0,0,0,0,0,0,0,0,0,0,99,0,0,49,50,0,0,0,0,0,0,0,0,0,0,0,0,0,0,0,0,0,0,0,0,0,0,0,0,0,102,0,0,0,2,0,11,1,0,0,0,0,0,6,0,0,0,0,0,0,0,0,0,0,0,0,0,0,0,0,0,0,0,0,0,0,0,0,0,0,0,0,0,0,0,0,0,0,0,0,0,0,0,0,0,0,0,0,0,0,0,0,0,0,0,0,0,0,0,0,0,0,0,0,0,0,0,0,0,0,0,0,0,0,0,0,0,0,0,0
0cc09f07990cb503301467ddc2e037dc,1.8,0,3,18,1,1,1,2,0,0,1,2,1,0,0,6,0,0,1,0,3,3,0,0,0,0,0,0,0,0,0,1,0,0,0,1,1,0,0,0,0,0,1,0,0,0,0,0,0,0,0,0,0,0,0,3,1,1,1,11,0,0,0,0,0,0,0,0,0,0,0,0,1,0,0,0,0,1,0,0,0,0,0,0,0,0,0,0,0,0,0,0,0,0,0,0,0,0,0,0,0,0,0,0,0,0,0,0,0,0,0,0,0,0,0,0,0,0,0,0,0,0,0,0,0,0,0,0,0,0,0,0,0,0,0,0,0,0,0,0,0,0,0,0,0,0,0,0,0,0,0,0,0,0,0,0,0,0,0,1,0,0,0,0,0,0,0,0,0,0,0,0,0,0,0,0,0,0,0,0,0,0,0,0,0,0,0,0,0,0,0,0,0,0,0,0,0,0,0,0,0,0,0,0,0,0,0,0,0,0,0,0,0,0,0,1,0,0,0,0,0,0,0,0,0,0,0,0,0,0,0,0,0,0,0,0,0,0,0,0,1,0,0,0,0,0,0,0,0,0,0,0,0,0,0,0,0,0,0,0,0,0,0,0,0,0,0,0,0,0,0,0,0,0,0,0,0,0,0,0,0,0,0,0,0,0,0,0,0,0
0c4875669ff432a73916d0fd75437ee0,1.2,16,14,1471,18,3,1358,2,5,5,4,1,1,0,1,27,2,2,0,0,5,4,0,0,0,0,0,0,0,0,0,0,2,0,1,0,0,0,1,0,1,0,0,0,1,0,0,0,0,0,0,0,0,0,0,3,1,0,0,0,0,0,0,0,0,1,0,1,0,0,0,0,0,0,0,0,0,0,0,0,0,6,0,0,0,2,0,0,0,0,1,0,0,6,0,0,2,0,0,0,0,0,0,0,0,1,1,0,1,0,0,0,0,0,0,0,1,0,0,0,0,0,0,0,0,0,0,0,0,0,0,0,0,0,0,0,0,0,0,0,0,1,0,0,0,0,0,0,0,0,0,0,0,1,0,0,0,0,0,0,0,0,0,0,0,0,0,0,0,0,0,0,0,0,0,0,0,0,0,0,0,0,0,0,0,0,0,0,0,0,0,0,0,0,0,0,0,0,0,0,0,0,0,0,0,0,0,0,0,0,0,0,0,0,0,0,0,0,0,0,0,0,0,0,0,0,0,0,0,0,0,0,0,0,0,0,0,0,0,0,0,0,0,0,0,0,0,0,0,0,0,0,0,0,0,0,0,0,0,0,0,0,0,0,0,0,0,0,0,0,0,0,0,0,0,0,0,0,0,0,0,0,0,0,0,0,0,0,0,0
0c9256704d5435ded461020b0dae6425,4.0,12,91,1421,155,10,962,199,660,1105,591,10,0,10,7,2023,19,30,1,2,108,768,0,30,2,2,15,12,3,53,30,55,1205,15,22,42,0,31,5,34,1,12,0,0,3,18,0,2,0,4,14,0,0,0,0,5,19,0,0,0,0,0,0,1,618,132,5,44,0,0,0,6,0,0,7,0,770,538,0,13,1204,2109,715,132,19,68,2,6,6,9,128,34,125,135,106,9,95,12,4,0,37,66,1,10,18,28,0,12,3,4,13,10,20,24,4,2,2,5,2,0,0,3,0,0,0,0,0,0,0,0,5,7,0,0,0,1,0,0,0,0,0,0,0,0,0,1,0,0,0,0,0,0,31,7,1,1,1,0,0,0,0,0,0,0,0,0,0,0,0,0,0,0,0,0,0,0,0,0,0,0,0,0,0,0,0,0,0,0,0,0,0,0,0,0,0,0,0,0,0,0,0,0,0,3,0,0,0,0,0,0,0,0,0,0,0,0,0,0,0,0,0,0,0,0,0,0,0,0,0,0,0,0,0,0,0,0,0,0,0,0,0,0,0,0,0,0,0,0,0,0,0,0,0,0,0,0,0,0,0,0,0,0,0,0,0,0,0,0,0,0,0,0,0,0,0,0,0,0,0,0,0,0,0,0,0,0,0,0,0,0
0c165920509a09412beeaf98afc4ea20,1.8,0,201,0,200,0,0,0,0,0,0,0,0,0,0,0,0,0,0,0,0,0,0,0,0,17,0,0,0,0,0,0,368,0,0,0,0,84,0,0,0,0,0,0,62,0,0,1,0,0,0,0,0,0,0,0,0,0,0,0,0,0,0,0,5,104,0,45,0,0,0,0,0,0,0,0,0,0,0,0,0,0,0,0,0,0,0,0,0,0,88,0,0,0,0,0,0,0,0,0,282,0,0,0,0,0,0,0,0,0,0,0,0,0,0,0,0,0,0,0,0,0,0,0,0,0,0,0,0,4,0,0,0,0,0,0,0,0,0,0,0,2,0,0,0,0,0,6,0,0,0,0,0,0,0,0,0,0,0,0,0,0,0,0,0,0,0,0,0,0,0,0,0,0,0,0,0,0,0,0,0,1,0,0,0,0,0,0,0,0,0,0,0,0,0,0,0,0,0,0,0,0,0,0,0,0,0,0,0,0,0,0,0,0,0,0,0,0,0,0,0,0,0,0,0,0,0,0,0,0,0,0,0,0,0,0,0,0,0,0,0,0,0,0,0,0,0,0,0,0,0,0,0,0,0,0,0,0,0,0,0,0,0,0,0,0,0,0,0,0,0,0,0,0,0,0,0,0,0,0,0,0,0,0,0,0,0,0,0,0
0ca9d2efbd97d0d6cf8caf6e0aa5c44d,1.6,0,19,2524,16,5,2097,3,8,4,9,2,1,3,3,45,2,2,1,2,27,14,1,2,1,1,2,2,1,0,0,1,2,1,1,0,0,3,0,0,0,0,0,0,0,0,0,0,0,0,0,0,0,0,0,3,1,0,0,0,0,0,0,0,0,0,0,0,0,0,0,0,0,0,0,0,0,0,0,0,0,0,0,0,0,0,0,0,0,0,0,0,0,0,0,0,0,0,0,0,0,0,0,0,0,0,0,0,0,2,0,2,0,0,0,0,0,0,0,0,0,0,0,0,0,0,0,0,0,0,0,0,0,0,0,0,0,0,0,0,0,0,0,0,0,0,0,0,0,0,0,0,0,0,0,0,0,0,0,0,0,0,0,0,0,0,0,0,0,0,0,0,0,0,0,0,0,0,0,0,0,0,0,0,0,0,0,0,0,0,0,0,0,0,0,0,0,0,0,0,0,0,0,0,0,0,0,0,0,0,0,0,0,0,0,0,0,0,0,0,0,0,0,0,0,0,0,0,0,0,0,0,0,0,0,0,0,0,0,0,0,0,0,0,0,0,0,0,0,0,0,0,0,0,0,0,0,0,0,0,0,0,0,0,0,0,0,0,0,0,0,0,0,0,0,0,0,0,0,0,0,0,0,0,0,0,0,0,0,0
0ca024ef83a0f585d6e6ab228403d2b6,8.2,4,77,589,133,0,92,7,16,16,18,8,1,0,5,13998,0,21,6,2,43,226,1,10,1,1,52,0,1,6,0,44,76,0,3396,10,2,12,50,0,0,57,0,33,3400,0,0,0,0,3,0,0,0,0,0,0,20,240,240,9708,0,0,0,0,172,3,1,2,0,0,1,2,2,0,0,0,12,110,0,2,52,50,0,0,0,38,0,0,0,0,0,442,0,2,0,2,0,0,0,0,57,2,0,0,1,3,29,0,0,4,1442,2,8,0,0,3,1,100,2,0,0,4,5,0,0,2,0,0,0,1,2,0,0,0,0,6,0,0,0,0,0,0,0,0,0,0,0,0,0,0,0,0,0,0,0,0,0,0,0,0,0,0,0,0,640,640,0,0,0,0,0,0,0,0,0,0,0,0,0,0,0,0,0,0,0,0,115,0,0,0,0,0,0,0,0,0,0,0,0,0,0,0,0,0,1,0,0,0,2,2,0,0,0,0,0,0,0,0,0,0,0,80,0,0,0,0,0,0,0,0,0,0,0,0,0,0,0,0,0,0,0,0,0,0,0,0,0,0,0,0,0,0,0,0,0,0,0,0,0,0,0,0,0,0,0,0,0,0,0,0,0,0,0,0,0,0,0,0,0,0,0,0,110,0,0,0,0,0,0,0
0ca4891a0c6703cde9b5dc0ff8d59898,1.6,0,8226,287638,13,5,28,2,5,3,8,3,0,3,1,34,1,6,1,1,8,7,1,2,1,1,2,2,0,0,0,1,2,1,1,0,0,11,0,0,0,0,0,0,0,0,0,0,0,0,0,0,6,0,0,3,1,0,0,0,0,0,0,0,0,0,0,0,0,0,0,0,0,0,0,0,0,0,0,0,0,0,0,0,0,0,0,0,0,0,0,0,0,0,0,0,0,0,0,0,0,0,0,0,1,1,0,0,0,0,0,0,3,0,0,0,0,0,0,0,0,0,4,0,0,0,0,0,0,0,0,0,0,0,0,0,0,0,0,0,0,0,0,0,0,0,0,0,0,0,0,0,0,0,0,0,0,0,0,0,0,0,0,0,0,0,0,0,0,0,0,0,0,0,0,0,0,0,0,0,0,0,0,0,0,0,0,0,0,0,0,0,0,0,0,0,0,0,0,0,0,0,0,0,0,0,0,0,0,0,0,0,0,0,2,0,0,0,0,0,0,0,0,0,0,0,0,0,0,0,0,0,0,0,0,0,0,0,0,0,0,0,0,0,0,0,0,0,0,0,0,0,0,0,0,0,0,0,0,0,0,0,0,0,0,0,0,0,0,0,0,0,0,0,0,0,0,0,0,0,0,0,0,0,0,0,0,0,0,0
0ca6628f11932a399eaad38630233420,1.4,0,9261,287377,5,2,17,1,5,4,6,2,1,2,0,7,0,4,0,0,2,2,0,0,0,0,0,0,1,0,0,0,1,0,0,0,0,7,0,0,0,0,0,0,0,0,0,0,0,0,0,0,0,0,0,0,0,0,0,0,0,0,0,0,0,0,0,0,0,0,0,0,0,0,0,0,0,0,0,0,0,0,2,0,0,0,0,0,0,0,0,0,0,0,0,0,0,0,0,0,0,0,0,0,1,1,0,0,1,0,0,0,1,0,0,0,0,0,0,0,0,0,0,0,0,0,0,0,0,1,0,0,0,0,0,0,0,0,0,0,0,0,0,0,0,0,0,0,0,0,0,0,0,0,0,0,0,0,0,0,0,0,0,0,0,0,0,0,0,0,0,0,0,0,0,0,0,0,0,0,0,0,0,0,0,0,0,0,0,0,0,0,0,0,0,0,0,0,0,0,0,0,0,0,0,0,0,0,0,0,0,0,0,0,0,0,0,0,0,0,0,0,0,0,0,0,0,0,0,0,0,0,0,0,0,0,0,0,0,0,0,0,0,0,0,0,0,0,0,0,0,0,0,0,0,0,0,0,0,0,0,0,0,0,0,0,0,0,0,0,0,0,0,0,0,0,0,0,0,0,0,0,0,0,0,0,0,0,0,0
0cab847e982e4cdee44bc1b77ec8c0a3,3.2,227,619,4662,1994,182,207,135,615,2326,753,50,0,24,4,2066,106,352,0,1,216,340,1,25,0,0,0,4,1,39,341,599,276,9,146,26,4,144,1,1,0,67,1,21,139,9,0,55,0,4,1,42,0,0,0,55,260,0,0,0,0,41,0,0,123,31,1648,16,0,0,0,0,0,0,0,0,89,61,0,4,240,1006,68,35,35,8,1,0,0,3,49,2,3,223,3,76,76,218,0,0,208,430,0,17,108,132,0,6,0,0,1,0,43,8,0,175,42,344,3,0,0,26,0,0,0,0,22,0,0,49,7,6,2,0,0,49,5,10,0,0,0,0,0,0,0,0,0,0,0,0,297,0,76,1,0,0,4,0,221,185,0,0,0,0,0,0,0,0,0,0,59,0,0,18,41,0,0,0,0,0,0,0,0,0,0,0,0,0,0,0,0,0,0,0,0,0,0,0,0,0,46,0,0,0,37,0,0,37,0,0,0,0,0,0,0,0,0,0,0,0,0,0,0,0,0,0,0,0,0,0,0,0,0,0,0,0,0,0,0,0,0,0,0,0,0,0,0,0,0,0,0,0,0,0,0,0,0,0,0,0,0,0,0,0,0,0,0,0,0,0,0,0,0,0,0,0,0,0,0,0,0,0,0,0,0,0,0,0,0,0
0cacc29aa8447b7ede122bd97b33b630,5.8,530,393,2904,482,410,143,150,2274,1933,1960,16,0,490,22,1312,83,54,7,18,290,122,3,58,3,10,133,16,21,59,108,101,235,26,276,38,17,159,9,126,2,62,15,0,121,14,18,10,2,22,57,9,1,0,0,9,57,1,0,0,0,1,0,0,554,89,49,87,2,9,7,51,2,2,9,0,169,108,27,27,1313,7591,1265,150,2,265,0,3,3,3,69,1,76,364,74,36,807,27,0,4,38,116,5,59,81,112,6,15,11,0,0,0,26,18,16,14,34,304,1,0,530,0,260,0,0,4,0,12,0,4,32,18,3,0,0,6,27,49,2,0,0,2,0,0,0,0,0,19,0,0,0,0,217,129,0,1,1,0,25,34,1,0,0,0,5,5,15,1,1,9,38,18,1,4,6,6,1,14,8,45,4,1,0,0,2,22,12,55,1,1,1,1,1,1,0,0,0,2,9,0,0,0,0,41,0,0,0,3,0,0,0,0,0,0,0,0,0,7,7,5,0,0,0,2,0,0,0,0,0,0,0,0,0,0,0,0,0,0,0,0,0,0,0,0,0,0,0,0,0,0,0,0,0,0,0,0,0,0,0,0,0,0,0,0,0,0,0,0,0,0,0,0,0,0,0,0,0,0,0,0,0,0,0,1,0,0,0,0,0,0
0cadede1b408e123e245bc46be19de25,6.4,0,7,225,12,7,29,18,96,12,103,0,0,8,0,57,0,6,1,2,2,70,0,2,1,0,0,0,0,1,2,1,14,0,272,0,0,9,0,11,0,3,4,0,278,0,0,0,0,4,11,0,1,0,0,0,6,2,1,23,0,0,0,0,265,11,4,0,0,0,0,0,0,0,0,0,8,8,0,2,751,252,395,73,0,2,0,2,2,0,11,0,90,90,90,4,10,0,0,0,1,0,0,4,1,1,0,6,1,0,0,0,1,0,0,0,2,5,0,0,0,0,0,0,0,0,0,0,0,0,0,0,0,0,0,0,0,0,0,0,0,0,0,0,1,0,0,0,0,0,0,0,31,14,1,0,0,0,12,12,1,0,0,0,0,0,0,0,0,0,0,0,0,2,0,0,0,0,0,0,0,0,0,0,0,0,0,0,0,0,0,0,0,0,0,0,0,0,0,0,0,0,0,0,0,0,0,0,0,0,0,0,0,0,0,0,0,0,0,0,0,0,0,0,0,0,0,0,0,0,0,0,0,0,0,0,0,0,0,0,0,0,0,0,0,0,0,0,0,0,0,0,0,0,0,0,0,0,0,0,0,0,0,0,0,0,0,0,0,0,0,0,0,0,0,0,0,0,0,0,0,0,0,0,0,0,0,0,0,0
0caf25adb84d10b2e3bf51913f14b586,1.6,2,17,414,15,5,6,2,7,3,8,3,1,3,1,29,2,2,1,1,6,5,1,2,1,1,2,2,0,0,0,1,1,1,1,0,0,4,0,0,0,0,0,0,0,0,0,0,0,0,0,0,6,0,0,3,1,0,0,0,0,0,0,0,1,0,0,0,0,0,0,0,0,0,0,0,0,0,0,0,0,0,0,0,0,0,0,0,0,0,0,0,0,0,0,0,0,0,0,0,0,0,0,0,0,0,0,0,0,0,0,0,0,0,0,0,0,0,0,0,0,0,4,0,0,0,0,0,0,0,0,0,0,0,0,0,0,0,0,0,0,0,0,0,0,0,0,0,0,0,0,0,0,0,0,0,0,0,0,0,0,0,0,0,0,0,0,0,0,0,0,0,0,0,0,0,0,0,0,0,0,0,0,0,0,0,0,0,0,0,0,0,0,0,0,0,0,0,0,0,0,0,0,0,0,0,0,0,0,0,0,0,0,0,0,0,0,0,0,0,0,0,0,0,0,0,0,0,0,0,0,0,0,0,0,0,0,0,0,0,0,0,0,0,0,0,0,0,0,0,0,0,0,0,0,0,0,0,0,0,0,0,0,0,0,0,0,0,0,0,0,0,0,0,0,0,0,0,0,0,0,0,0,0,0,0,0,0,0,0
0caf8378ad9a2fb921186d25dd0db740,1.8,6,18,2268,13,7,1864,2,2,2,6,2,0,3,1,29,2,2,1,1,6,5,1,2,1,1,2,2,0,0,0,1,1,1,1,0,0,4,0,0,0,0,0,0,0,0,0,0,0,0,0,0,6,0,0,3,1,0,0,0,0,0,0,0,0,0,0,0,0,0,0,0,0,0,0,0,0,0,0,0,0,0,0,0,0,0,0,0,0,0,0,0,0,0,0,0,0,0,0,0,0,0,0,0,0,0,0,0,0,0,0,0,0,0,0,0,0,0,0,0,0,0,4,0,0,0,0,0,0,0,0,0,0,0,0,0,0,0,0,0,0,0,0,0,0,0,0,0,0,0,0,0,0,0,0,0,0,0,0,0,0,0,0,0,0,0,0,0,0,0,0,0,0,0,0,0,0,0,0,0,0,0,0,0,0,0,0,0,0,0,0,0,0,0,0,0,0,0,0,0,0,0,0,0,0,0,0,0,0,0,0,0,0,0,0,0,0,0,0,0,0,0,0,0,0,0,0,0,0,0,0,0,0,0,0,0,0,0,0,0,0,0,0,0,0,0,0,0,0,0,0,0,0,0,0,0,0,0,0,0,0,0,0,0,0,0,0,0,0,0,0,0,0,0,0,0,0,0,0,0,0,0,0,0,0,0,0,0,0,0
0cafeac3ec572feb8a27fc3279176f7f,5.0,2,25,110,115,8,44,98,567,2257,468,1,0,3,2,479,16,123,0,2,43,20,2,9,0,0,0,4,1,137,87,12,97,9,669,2,0,2,61,30,0,27,15,3,140,9,0,4,0,2,28,1,0,0,0,9,10,3,3,126,0,0,0,0,2,17,17,3,0,0,0,0,0,0,1,0,2,2,0,0,0,0,0,0,0,12,25,0,0,0,20,0,2,4,2,3,0,111,0,0,33,112,0,4,11,13,0,0,2,0,4,0,20,8,0,1,2,37,5,0,46,0,0,0,0,0,0,0,0,3,5,6,1,0,1,0,23,22,0,0,0,0,0,0,0,0,0,0,0,1,0,0,0,0,0,0,0,0,17,17,0,0,0,0,0,0,0,0,0,0,0,0,0,9,0,0,0,0,0,0,0,0,0,0,0,0,0,0,0,0,0,0,0,0,0,0,0,0,0,0,0,0,0,0,0,0,0,0,0,0,0,0,0,0,0,0,0,0,0,0,0,0,0,0,0,0,0,0,0,0,0,0,0,129,0,0,0,0,0,0,0,0,0,0,0,0,0,0,0,0,0,0,0,0,0,0,0,0,0,0,0,0,0,0,0,0,0,0,0,0,0,0,0,0,0,0,0,0,0,0,0,0,0,0,0,0,0,0,0,0
0cb4ffd54776b22a23c44dc2c77e07fb,1.4,0,24,2590,14,8,2246,4,22,67,21,2,1,3,1,33,2,2,1,1,8,5,1,2,1,1,1,2,1,2,2,1,1,1,1,0,0,0,0,0,0,0,0,0,0,0,0,0,0,0,0,0,0,0,0,3,1,0,0,0,0,0,0,0,0,0,0,0,0,0,0,0,0,0,0,0,0,0,0,0,0,0,0,0,0,0,0,0,0,0,0,0,0,0,0,0,0,0,0,0,0,0,0,0,0,0,0,0,0,0,0,0,0,0,0,0,0,0,0,0,0,0,0,0,0,0,0,0,0,0,0,0,0,0,0,0,0,0,0,0,0,0,0,0,0,0,0,0,0,0,0,0,0,0,0,0,0,0,0,0,0,0,0,0,0,0,0,0,0,0,0,0,0,0,0,0,0,0,0,0,0,0,0,0,0,0,0,0,0,0,0,0,0,0,0,0,0,0,0,0,0,0,0,0,0,0,0,0,0,0,0,0,0,0,0,0,0,0,0,0,0,0,0,0,0,0,0,0,0,0,0,0,0,0,0,0,0,0,0,0,0,0,0,0,0,0,0,0,0,0,0,0,0,0,0,0,0,0,0,0,0,0,0,0,0,0,0,0,0,0,0,0,0,0,0,0,0,0,0,0,0,0,0,0,0,0,0,0,0,0
0cb9b2330524bc422b38e716d8ee9fdf,8.4,6,75,1051,242,11,83,10,131,165,300,10,0,59,1,377,5,26,0,0,23,7,0,10,2,6,4,0,1,78,1,12,14,0,472,4,2,20,1,19,0,2,0,45,472,0,0,1,0,6,3,2,0,0,0,3,22,116,2,77,0,0,0,0,76,8,13,9,0,0,0,26,0,0,2,0,4,0,0,3,4,38,0,0,0,0,0,0,0,0,0,0,0,4,0,1,0,0,0,0,4,3,4,0,2,3,0,0,2,0,0,0,3,0,0,6,2,3,0,0,2,10,25,0,0,2,0,0,0,1,3,0,0,0,0,0,0,0,0,0,0,0,0,0,0,0,0,0,0,0,0,0,0,0,8,0,0,0,257,185,0,0,0,2,308,308,2,0,0,0,0,0,0,0,0,0,0,8,0,0,4,0,0,0,6,0,0,0,0,0,0,0,0,0,0,0,0,0,0,0,0,0,0,0,1,0,8,0,0,0,0,0,0,0,0,0,0,0,0,0,0,80,2,0,0,0,0,0,0,0,0,2,2,0,0,0,0,0,0,0,0,0,0,0,0,0,0,0,0,0,0,0,0,0,0,0,0,0,0,0,0,0,0,0,0,0,0,0,0,0,0,0,0,0,0,0,0,0,0,0,0,0,0,0,0,0,0,0,0,0
0cb675bf7aba0091cfa22bd255fc72cc,8.4,6,75,1051,244,11,83,10,131,165,308,10,0,71,1,391,5,25,0,0,23,7,0,11,2,6,4,0,1,78,1,12,14,0,472,4,2,20,1,19,0,2,0,62,472,0,0,1,0,6,3,2,0,0,0,3,22,122,2,77,0,0,0,0,95,8,13,9,0,0,0,26,0,0,2,0,4,0,0,3,4,38,0,0,0,0,0,0,0,0,0,0,0,4,0,1,0,0,0,0,4,3,4,0,2,3,0,0,2,0,0,0,3,0,0,6,2,3,0,0,2,10,25,0,0,2,0,0,0,1,3,0,0,0,0,0,0,0,0,0,0,0,0,0,0,0,0,0,0,0,0,0,0,0,8,0,0,0,270,193,0,0,0,2,324,324,2,0,0,0,0,0,0,0,0,0,0,8,0,0,4,0,0,0,6,0,0,0,0,0,0,0,0,0,0,0,0,0,0,0,0,0,0,0,1,0,8,0,0,0,0,0,0,0,0,0,0,0,0,0,0,80,2,0,0,0,0,0,0,0,0,2,2,0,0,0,0,0,0,0,0,0,0,0,0,0,0,0,0,0,0,0,0,0,0,0,0,0,0,0,0,0,0,0,0,0,0,0,0,0,0,0,0,0,0,0,0,0,0,0,0,0,0,0,0,0,0,0,0,0
0cb56358f9a13101a95ebf3ca7504fd0,8.2,4,75,583,8901,12,87,6,103,190,590,6,0,15,3,469,0,2469,6,0,14,6,0,9,1,1,63,0,1,6,0,44,87,0,3524,9,2,9,61,0,0,68,0,33,3528,0,0,0,0,3,0,0,0,0,0,0,20,264,264,10560,0,0,0,0,171,1,1,1,0,0,1,2,2,0,0,0,0,0,0,2,63,50,0,0,0,38,0,1,1,0,0,0,0,2,0,2,0,0,0,0,68,2,0,0,1,3,27,0,1,0,0,0,8,0,0,3,1,122,2,0,0,4,4,0,0,2,0,0,0,1,2,0,0,0,0,6,0,2,0,0,0,0,0,0,0,0,0,0,0,0,0,0,0,0,0,0,0,0,706,486,0,0,0,0,704,704,0,0,0,0,0,0,0,0,0,0,0,0,0,0,0,0,0,0,0,0,137,0,0,0,0,0,0,0,0,0,0,0,0,0,0,0,0,0,1,0,0,0,2,2,0,0,0,0,0,0,0,0,0,0,0,80,0,0,0,0,0,0,0,0,0,0,0,0,0,0,0,0,0,0,0,0,0,0,0,0,0,1,0,0,0,0,0,0,0,0,0,0,0,0,0,0,0,0,0,0,0,0,0,0,0,0,0,0,0,0,0,0,0,0,0,0,132,0,0,0,0,0,0,0
0cb575652b0eb33a9cb980f28a405dad,4.2,0,18,381,20,2,238,0,8,1,5,0,0,0,0,49,4,0,0,0,5,5,0,1,0,0,3,0,0,0,8,10,4,0,0,0,0,0,12,0,0,0,1,0,0,0,0,2,0,0,0,0,10,0,0,3,1,0,0,0,5,0,0,0,2,0,8,0,0,0,0,0,0,0,0,0,0,0,0,0,0,0,0,0,0,0,0,0,0,0,0,0,0,0,0,0,0,0,0,0,0,0,0,0,3,3,0,0,0,0,0,0,2,0,0,0,1,0,0,0,0,0,0,0,0,0,0,0,0,0,0,0,0,0,0,0,0,0,0,0,0,0,0,0,2,0,0,0,0,0,0,0,0,0,0,0,0,0,0,0,0,0,0,0,0,0,0,0,0,0,0,0,0,0,0,0,0,0,0,0,0,0,0,0,0,0,0,0,0,0,0,0,0,0,0,0,0,0,0,0,0,0,1,0,0,0,0,0,0,0,0,0,0,0,0,0,0,0,0,0,0,0,0,0,0,0,0,0,0,0,0,0,0,0,0,0,0,0,0,0,0,0,0,0,0,0,0,0,0,0,0,0,0,0,0,0,0,0,0,0,0,0,0,0,0,0,0,0,0,0,0,0,0,0,0,0,0,0,0,0,0,0,0,0,0,0,0,0,0,0
0cc9d575e8a62190b28d1b74407a320c,1.6,1,24,1543,11,5,1100,4,20,65,19,1,0,3,1,33,2,2,1,1,8,5,1,2,1,1,1,2,1,2,2,1,2686,1,1,0,0,0,0,0,0,0,0,0,0,0,0,0,0,0,0,0,0,0,0,3,1,0,0,0,0,0,0,0,0,0,0,0,0,0,0,0,0,0,0,0,0,0,0,0,0,0,0,0,0,0,0,0,0,0,0,0,0,1,0,0,0,0,0,0,0,0,0,0,0,0,0,0,0,0,0,0,0,0,0,0,0,0,0,0,0,0,0,0,0,0,0,0,0,0,0,0,0,0,0,0,0,0,0,0,0,0,0,0,0,0,0,0,0,0,0,0,0,0,0,0,0,0,0,0,0,0,0,0,0,0,0,0,0,0,0,0,0,0,0,0,0,0,0,0,0,0,0,0,0,0,0,0,0,0,0,0,0,0,0,0,0,0,0,0,0,0,0,0,0,0,0,0,0,0,0,0,0,0,0,0,0,0,0,0,0,0,0,0,0,0,0,0,0,0,0,0,0,0,0,0,0,0,0,0,0,0,0,0,0,0,0,0,0,0,0,0,0,0,0,0,0,0,0,0,0,0,0,0,0,0,0,0,0,0,0,0,0,0,0,0,0,0,0,0,0,0,0,0,0,0,0,0,0,0
0cc4839a69d99207768a5baac067ae68,4.0,0,33,947,14,531,786,3,44,24,87,2,1,81,0,59,1,4,1,0,2,2,0,9,0,0,188,0,3,0,23,0,82,0,2,1,5,0,0,0,0,2,3,0,0,0,0,0,1,0,0,2,0,0,0,0,0,0,0,0,0,0,0,0,4,0,202,1,0,4,3,0,0,0,1,0,0,0,0,0,0,0,0,0,0,0,0,1,2,0,0,0,0,0,0,0,0,0,0,1,2,16,0,0,1,4,0,0,1,0,0,0,1,0,0,0,3,0,0,0,0,0,0,0,0,0,0,0,0,1,3,0,0,0,0,0,0,0,1,0,0,0,0,0,8,0,0,0,0,0,0,0,0,0,0,0,0,0,2,1,0,0,0,0,0,0,0,0,0,0,0,0,0,3,0,8,0,0,3,0,0,0,0,0,0,21,0,0,0,0,0,0,0,0,0,0,0,0,0,0,0,0,0,0,0,0,2,0,0,0,0,1,1,0,0,0,0,0,0,0,0,0,0,0,0,0,0,0,0,0,0,0,0,0,0,0,0,0,0,0,0,0,0,0,0,0,0,0,0,0,0,0,0,0,0,0,0,0,0,0,0,0,0,0,0,0,0,0,0,0,0,0,0,0,0,0,0,0,0,0,0,0,0,0,0,0,0,0,0,0
0ccc07991c7ab90ffda9f4d139cf43ba,5.2,0,5,8,4,0,8,3,1,1,1,1,0,0,2,10,1,1,0,1,5,6,0,0,0,1,0,0,0,0,0,0,1,0,0,1,0,8,0,0,0,0,0,0,0,0,0,1,0,1,0,0,6,1,1,3,0,0,0,0,0,0,0,0,1,0,0,0,0,0,0,0,0,0,0,0,0,2,0,0,0,1,0,0,0,0,0,0,0,0,0,0,0,0,0,0,0,0,0,0,0,0,0,0,1,1,0,0,1,0,0,0,1,0,0,0,0,0,0,0,0,0,1,0,0,0,0,0,0,0,0,0,0,0,0,0,0,0,0,0,0,0,0,0,0,0,0,0,0,0,0,0,0,0,0,0,0,0,0,0,0,0,0,0,0,0,0,0,0,0,0,0,0,0,0,0,0,0,0,0,0,0,0,0,0,0,0,0,0,0,0,0,0,0,0,0,0,0,0,0,0,0,0,0,0,0,0,0,0,0,0,0,0,0,0,0,0,0,0,0,0,0,0,0,0,0,0,0,0,0,0,0,0,0,0,0,0,0,0,0,0,0,0,0,0,0,0,0,0,0,0,0,0,0,0,0,0,0,0,0,0,0,0,0,0,0,0,0,0,0,0,0,0,0,0,0,0,0,0,0,0,0,0,0,0,0,0,0,0,0
0cd0e34ff3d392958163f3c5c6e9f4cd,6.0,50,149,1354,644,144,364,50,765,660,739,103,0,250,9,358,19,129,6,0,96,58,10,20,0,7,9,4,1,5,93,242,83,0,65,26,16,3393,4,12,20,18,3,0,10,0,14,0,2,23,6,2,0,0,0,0,23,0,0,0,0,2,4,2,3,18,27,37,0,1,16,41,1,1,25,0,2,0,8,2,0,8824,94,28,0,75,0,1,1,0,6,0,13,60,13,10,7,0,0,2,2,0,2,5,32,44,2,1,2,0,0,0,13,8,0,12,31,50,0,0,162,3,15,0,0,2,0,0,0,2,17,58,0,0,0,42,24,92,1,0,0,1,0,1,1,1,10,57,10,0,0,0,0,1,0,0,2,0,15,21,0,0,0,0,3,3,4,0,0,0,1,17,0,3,0,10,0,15,1,29,8,0,0,0,2,10,0,55,1,1,1,1,1,1,2,0,0,2,0,0,0,0,0,0,2,1,2,3,18,16,2,0,0,0,0,0,0,0,0,0,0,0,0,0,0,0,0,0,0,0,0,0,0,0,0,0,0,0,0,0,0,0,0,0,0,0,0,0,0,0,0,0,0,0,0,0,0,0,0,0,0,0,0,0,0,0,0,0,0,0,0,0,0,0,0,0,0,0,0,0,0,0,0,0,0,0,0,0,0,0
0cd05e6afdab5df1b31e904a176243a0,7.6,40,130,445,21,1,282,0,3,1,6,0,38,1,0,149,5,4,1,1,13,9,1,2,1,4,8,2,0,41,2,3,21,1,3,0,1,39,0,0,0,0,2,2,0,0,0,1,79,3,0,2,12,1,1,1,6,2,2,52,0,0,0,0,135,0,0,0,0,0,0,0,0,0,0,0,0,0,0,0,1,53,0,2,0,0,0,0,0,0,0,0,45,3,0,2,5,0,0,0,0,0,0,0,2,2,0,0,0,0,0,0,3,0,0,0,6,0,0,0,0,0,49,0,0,3,1,0,0,0,1,0,0,0,0,0,0,0,66,0,0,0,0,0,0,0,0,0,0,0,0,0,0,0,0,0,0,0,0,0,0,0,0,0,0,0,0,0,0,0,0,0,0,0,0,0,0,0,0,0,0,0,0,0,0,0,2,0,0,0,0,0,0,0,0,0,0,0,0,0,0,0,2,1,0,0,0,0,0,0,0,0,0,0,0,0,0,0,0,0,0,0,0,0,0,0,0,0,0,0,0,0,0,0,0,4,0,0,0,0,0,0,0,0,0,0,0,1,0,0,0,0,0,0,0,0,0,0,0,0,0,0,0,0,0,0,0,0,0,0,0,0,0,0,0,0,0,0,0,0,0,0,0,0,0,0,0,0,0,0
0cd6cecb6b6d36dc28c7e9d88ccbf928,4.4,21,457,1463,235,125,73,9,129,104,233,11,77,74,318,1541,330,154,0,0,103,60,1,5,0,0,0,0,3,84,220,250,203,0,163,13,4,94,152,9,7,2,0,0,72,0,0,2,0,7,2,0,0,0,0,6,26,2,2,78,0,2,2,2,1,14,317,20,76,0,0,182,0,0,11,0,8,0,0,0,0,2007,0,0,0,189,0,1,1,0,0,6,0,10,0,5,6,0,0,0,157,76,4,20,311,318,1,0,5,0,0,0,25,0,0,2,300,77,0,0,0,120,15,0,0,0,0,0,0,0,1,68,0,0,0,0,71,139,0,0,0,0,3,0,0,1,7,14,0,0,0,0,0,0,0,0,33,0,7,19,0,0,0,0,4,4,1,0,0,2,0,48,0,0,0,0,0,4,0,0,2,0,0,0,21,92,0,0,0,8,0,8,8,7,0,0,0,0,0,0,0,1,0,0,0,0,0,0,0,0,0,0,0,0,0,0,0,0,0,0,0,0,0,0,0,0,0,0,0,0,0,0,0,0,0,0,0,0,0,0,0,0,0,0,0,0,0,0,0,1,0,0,0,0,0,0,0,208,76,0,0,0,0,0,0,0,0,0,0,0,0,0,0,0,0,0,0,0,0,0,0,0,0,0,0,0,0,0,0,0
0cd7aa9c367a8f0f65ba790f8e0a2223,2.6,0,10,106,0,1,15,1,0,0,1,1,0,1,0,51,0,1,2,0,1,1,0,0,0,0,0,0,0,0,2,1,0,0,0,1,0,12,0,0,0,0,0,0,0,0,0,0,0,4,0,0,0,0,0,3,3,0,0,0,0,0,0,0,0,0,0,0,0,0,0,0,0,0,0,0,0,0,0,0,0,0,0,0,0,2,0,0,0,0,0,0,0,0,0,4,0,0,0,0,0,0,0,0,0,0,0,0,1,0,0,0,0,0,0,0,0,0,0,0,0,0,0,0,0,0,0,0,0,0,0,0,0,0,0,0,0,0,0,0,0,0,0,0,0,1,0,0,0,0,0,0,0,0,0,0,0,0,0,1,0,0,0,0,0,0,0,0,0,0,0,0,0,0,0,0,0,0,0,0,0,0,0,0,0,0,1,0,0,0,0,0,0,0,0,0,0,0,0,0,0,0,0,0,0,0,0,0,0,0,0,0,0,0,0,0,0,0,0,0,0,0,0,0,0,0,0,0,0,0,0,0,0,0,0,0,0,0,0,0,0,0,0,0,0,0,0,0,0,0,0,0,0,0,0,0,0,0,0,0,0,0,0,0,0,0,0,0,0,0,0,0,0,0,0,0,0,0,0,0,0,0,0,0,0,0,0,0,0,0
0cd8c45d4da143a129fc75e7ccb24103,1.4,0,21,206,57,2,118,16,62,58,41,51,1,0,4,56,5,5,0,2,7,20,1,2,0,2,2,0,0,2,5,20,15,0,5,2,1,44,0,1,0,0,0,3,0,0,0,0,0,3,0,0,0,0,0,3,2,0,0,0,0,0,0,0,10,2,0,0,0,0,0,0,0,0,1,0,6,7,0,0,0,0,0,0,0,0,0,0,0,0,0,0,0,0,0,2,0,0,0,0,15,13,0,1,7,7,1,0,1,0,0,0,2,0,0,0,5,0,0,0,15,0,0,0,0,0,0,0,0,0,0,1,0,0,0,0,6,5,0,0,0,1,1,1,0,0,0,0,0,0,0,0,0,1,0,0,0,0,0,0,0,0,0,0,0,0,0,0,0,0,0,0,0,0,0,0,0,0,0,0,0,0,0,0,0,0,0,0,0,0,0,0,0,0,0,0,0,0,0,0,0,0,0,0,0,0,0,0,0,0,0,0,0,0,0,0,0,0,0,0,0,0,0,0,0,0,0,0,0,0,0,0,0,0,0,0,0,0,0,0,0,0,0,0,0,0,0,0,0,0,0,0,0,0,0,0,0,0,0,0,0,0,0,0,0,0,0,0,0,0,0,0,0,0,0,0,0,0,0,0,0,0,0,0,0,0,0,0,0,0
0cd10be380dfe5b9adf88a2691d49d3e,1.6,1,24,1543,12,5,1100,4,20,65,19,1,0,3,1,33,2,2,1,1,8,5,1,2,1,1,1,2,1,2,2,1,2686,1,1,0,0,0,0,0,0,0,0,0,0,0,0,0,0,0,0,0,0,0,0,3,1,0,0,0,0,0,0,0,0,0,0,0,0,0,0,0,0,0,0,0,0,0,0,0,0,0,0,0,0,0,0,0,0,0,0,0,0,1,0,0,0,0,0,0,0,0,0,0,0,0,0,0,0,0,0,0,0,0,0,0,0,0,0,0,0,0,0,0,0,0,0,0,0,0,0,0,0,0,0,0,0,0,0,0,0,0,0,0,0,0,0,0,0,0,0,0,0,0,0,0,0,0,0,0,0,0,0,0,0,0,0,0,0,0,0,0,0,0,0,0,0,0,0,0,0,0,0,0,0,0,0,0,0,0,0,0,0,0,0,0,0,0,0,0,0,0,0,0,0,0,0,0,0,0,0,0,0,0,0,0,0,0,0,0,0,0,0,0,0,0,0,0,0,0,0,0,0,0,0,0,0,0,0,0,0,0,0,0,0,0,0,0,0,0,0,0,0,0,0,0,0,0,0,0,0,0,0,0,0,0,0,0,0,0,0,0,0,0,0,0,0,0,0,0,0,0,0,0,0,0,0,0,0,0
0cdc7f2318174f819872f169a6989d43,6.4,50,149,1334,627,144,348,50,761,670,741,103,0,250,9,355,19,131,6,0,96,58,10,19,0,7,9,4,1,5,93,242,83,0,65,26,16,3393,4,12,20,18,3,0,10,0,14,0,2,23,6,2,0,0,0,1,23,0,0,0,0,2,4,2,3,18,27,37,0,1,16,41,1,1,25,0,2,0,8,2,0,8881,89,28,0,75,0,1,1,0,6,0,13,60,13,10,7,0,0,2,2,0,2,5,32,44,2,1,2,0,0,0,13,8,0,12,31,50,0,0,163,3,15,0,0,2,0,0,0,2,17,58,0,0,0,42,25,92,1,0,0,1,0,1,1,1,10,57,10,0,0,0,0,1,0,0,2,0,15,21,0,0,0,0,3,3,4,0,0,0,1,17,0,3,0,10,0,15,1,29,8,0,0,0,2,10,0,55,1,1,1,1,1,1,2,0,0,2,0,0,0,0,0,0,2,1,2,3,18,16,2,0,0,0,0,0,0,0,0,0,0,0,0,0,0,0,0,0,0,0,0,0,0,0,0,0,0,0,0,0,0,0,0,0,0,0,0,0,0,0,0,0,0,0,0,0,0,0,0,0,0,0,0,0,0,0,0,0,0,0,0,0,0,0,0,0,0,0,0,0,0,0,0,0,0,0,0,0,0,0
0cdd06bb2d12bcaadd16d126fdf19ae5,1.2,0,914,1766,12,7,741,1,0,0,1,0,0,0,0,25,0,2,0,0,2,1,0,0,0,0,0,0,0,1,2,1,0,0,0,0,0,5,0,0,0,0,0,0,0,0,0,0,0,0,0,0,0,0,0,3,2,0,0,0,0,0,0,0,0,0,0,0,0,0,0,0,0,0,0,0,0,0,0,0,0,19,0,0,0,2,0,0,0,0,0,0,0,0,0,4,0,0,0,0,0,0,0,0,0,0,0,0,1,0,0,0,0,0,0,0,0,0,0,0,0,0,0,0,0,0,0,0,0,0,0,0,0,0,0,0,0,0,0,0,0,0,0,0,0,1,0,0,0,0,0,0,0,0,0,0,0,0,0,0,0,0,0,0,0,0,0,0,0,0,0,0,0,0,0,0,0,0,0,0,0,0,0,0,0,0,1,0,0,0,0,0,0,0,0,0,0,0,0,0,0,0,0,0,0,0,0,0,0,0,0,0,0,0,0,0,0,0,0,0,0,0,0,0,0,0,0,0,0,0,0,0,0,0,0,0,0,0,0,0,0,0,0,0,0,0,0,0,0,0,0,0,0,0,0,0,0,0,0,0,0,0,0,0,0,0,0,0,0,0,0,0,0,0,0,0,0,0,0,0,0,0,0,0,0,0,0,0,0,0
0cde55d6d3510f66c5180774c802d2a0,3.6,0,32,861,34,464,706,3,24,23,77,2,1,75,0,44,1,50,1,0,2,2,0,6,0,0,164,0,1,0,23,0,84,0,2,1,5,0,0,0,0,2,3,0,0,0,0,0,1,0,0,2,0,0,0,0,0,0,0,0,0,0,0,0,4,0,175,1,0,4,3,0,0,0,1,0,0,0,0,0,0,0,0,0,0,0,0,1,2,0,0,0,0,0,0,0,0,0,0,1,2,16,0,0,1,4,0,0,1,0,0,0,1,0,0,0,3,0,0,0,0,0,0,0,0,0,0,0,0,1,3,0,0,0,0,0,0,0,1,0,0,0,0,0,8,0,0,0,0,0,0,0,0,0,0,0,0,0,2,1,0,0,0,0,0,0,0,0,0,0,0,0,0,3,0,8,0,0,3,0,0,0,0,0,0,17,0,0,0,0,0,0,0,0,0,0,0,0,0,0,0,0,0,0,0,0,2,0,0,0,0,1,1,0,0,0,0,0,0,0,0,0,0,0,0,0,0,0,0,0,0,0,0,0,0,0,0,0,0,0,0,0,0,0,0,0,0,0,0,0,0,0,0,0,0,0,0,0,0,0,0,0,0,0,0,0,0,0,0,0,0,0,0,0,0,0,0,0,0,0,0,0,0,0,0,0,0,0,0,0
0ce4d65a9c7639303daf2e50b3883580,1.4,16,13,122,18,2,7,2,6,4,4,1,1,0,1,27,2,2,0,0,5,4,0,0,0,0,0,0,0,0,0,0,3,0,1,0,0,0,1,0,1,0,0,0,1,0,0,0,0,0,0,0,0,0,0,3,1,0,0,0,0,0,0,0,0,1,0,1,0,0,0,0,0,0,0,0,0,0,0,0,0,6,0,0,0,2,0,0,0,0,1,0,0,6,0,0,2,0,0,0,0,0,0,0,0,1,1,0,1,0,0,0,0,0,0,0,1,0,0,0,0,0,0,0,0,0,0,0,0,0,0,0,0,0,0,0,0,0,0,0,0,1,0,0,0,0,0,0,0,0,0,0,0,1,0,0,0,0,0,0,0,0,0,0,0,0,0,0,0,0,0,0,0,0,0,0,0,0,0,0,0,0,0,0,0,0,0,0,0,0,0,0,0,0,0,0,0,0,0,0,0,0,0,0,0,0,0,0,0,0,0,0,0,0,0,0,0,0,0,0,0,0,0,0,0,0,0,0,0,0,0,0,0,0,0,0,0,0,0,0,0,0,0,0,0,0,0,0,0,0,0,0,0,0,0,0,0,0,0,0,0,0,0,0,0,0,0,0,0,0,0,0,0,0,0,0,0,0,0,0,0,0,0,0,0,0,0,0,0,0
0ce6b27487a28187dc49d6153d766fa0,13.4,0,68,1024,2293,19,2007,27,473,621,320,4,2,50,5,26034,229,367,0,1152,29,14,0,17,0,1,18,7,2,23906,1796,31,2295,0,955,12,0,12,1,13,0,8,0,4,4261,0,0,3,0,7,10,0,0,0,0,9,19,1,1,44,0,2,0,0,605,10,268,17,0,0,0,13,0,0,1,0,10,5,8,0,1,32,2,0,2,23,0,0,0,0,5,0,0,0,0,2,0,20,0,1,8,603,3,2,223,233,2,0,4,0,0,0,15,16,0,7,955,949,6,0,12,0,10,0,0,0,0,0,0,1,13,5,1,0,2,0,3,6,0,0,0,1,0,0,3,0,0,0,0,0,0,2,0,1,0,0,0,0,10,20,1,39,0,1,2,2,1,0,0,0,0,0,0,0,1,0,0,4,0,0,2,0,0,0,18,0,0,0,0,1,0,0,0,0,0,0,0,0,0,0,0,197,944,0,0,0,0,0,0,0,0,0,0,0,0,0,0,0,0,0,0,0,8,0,0,0,2,0,197,0,0,8,8,0,0,1,1,585,1,4,0,0,0,0,0,0,0,0,0,0,0,0,0,0,0,0,0,0,0,0,0,0,0,0,0,0,0,0,0,0,0,0,0,0,0,0,0,0,0,0,0,0,0,0,0,0,0,0,0,0
0ce52d5069ca6276a9c84fb4b22052cc,1.2,0,914,1766,12,7,741,1,0,0,1,0,0,0,0,25,0,2,0,0,2,1,0,0,0,0,0,0,0,1,2,1,0,0,0,0,0,5,0,0,0,0,0,0,0,0,0,0,0,0,0,0,0,0,0,3,2,0,0,0,0,0,0,0,0,0,0,0,0,0,0,0,0,0,0,0,0,0,0,0,0,19,0,0,0,2,0,0,0,0,0,0,0,0,0,4,0,0,0,0,0,0,0,0,0,0,0,0,1,0,0,0,0,0,0,0,0,0,0,0,0,0,0,0,0,0,0,0,0,0,0,0,0,0,0,0,0,0,0,0,0,0,0,0,0,1,0,0,0,0,0,0,0,0,0,0,0,0,0,0,0,0,0,0,0,0,0,0,0,0,0,0,0,0,0,0,0,0,0,0,0,0,0,0,0,0,1,0,0,0,0,0,0,0,0,0,0,0,0,0,0,0,0,0,0,0,0,0,0,0,0,0,0,0,0,0,0,0,0,0,0,0,0,0,0,0,0,0,0,0,0,0,0,0,0,0,0,0,0,0,0,0,0,0,0,0,0,0,0,0,0,0,0,0,0,0,0,0,0,0,0,0,0,0,0,0,0,0,0,0,0,0,0,0,0,0,0,0,0,0,0,0,0,0,0,0,0,0,0,0
0ce76aae5b1789baf99bfeb02b444e3b,1.2,0,3,19,4,0,2,0,1,1,1,0,0,0,0,6,0,1,0,0,2,2,0,0,0,0,0,0,0,0,0,0,2,0,1,0,0,16,0,0,0,0,0,0,0,0,0,0,0,1,0,0,0,0,0,0,0,0,0,0,0,0,0,0,1,0,0,0,0,0,0,0,0,0,0,0,0,0,0,0,0,1,0,0,0,0,0,0,0,0,0,0,0,0,0,0,0,0,0,0,0,0,0,0,1,1,0,0,0,0,0,0,1,0,0,0,0,1,0,0,0,0,0,0,0,0,0,0,0,0,0,0,0,0,0,0,0,0,0,0,0,0,0,0,0,0,0,0,0,0,0,0,0,0,0,0,0,0,0,0,0,0,0,0,0,0,0,0,0,0,0,0,0,0,0,0,0,0,0,0,0,0,0,0,0,0,0,0,0,0,0,0,0,0,0,0,0,0,0,0,0,0,0,0,0,0,0,0,0,0,0,0,0,0,0,0,0,0,0,0,0,0,0,0,0,0,0,0,0,0,0,0,0,0,0,0,0,0,0,0,0,0,0,0,0,0,0,0,0,0,0,0,0,0,0,0,0,0,0,0,0,0,0,0,0,0,0,0,0,0,0,0,0,0,0,0,0,0,0,0,0,0,0,0,0,0,0,0,0,0
0cecfe58f0a6eb2060b764de7b5d4d25,11.6,22,121,1606,224,85,98,43,474,539,570,11,1,86,3,1951,82,95,5,77,152,354,1,70,3,11,20,7,5,266,21,16,48,3,88,328,10,193,29,43,1,25,1,3,8073,2,1,2,2,55,17,1,65,1,1,6,21,8,8,338,11,16,16,47,490,13,5,22,116,12,8,8,4,4,7,2,376,351,1,12,1171,1640,603,124,6,69,0,3,4,1,12,3,107,129,106,10,197,0,0,0,59,59,1,7,6,95,30,224,0,0,4,0,1,0,0,0,1,3,46,0,0,0,7796,1,14,0,0,4,0,1,2,0,40,0,0,0,0,0,0,0,0,1,1,0,2,0,0,0,0,0,0,0,8,0,0,0,16,0,6,4,0,0,0,0,0,0,0,0,0,3,8,0,0,0,76,0,0,0,0,0,0,0,0,0,0,0,0,0,0,0,0,0,0,0,0,0,0,0,0,0,0,0,0,0,0,0,0,0,0,0,0,1,0,0,0,0,0,0,0,0,0,0,0,0,0,0,0,0,0,0,0,0,0,0,0,0,0,0,0,0,0,0,0,0,0,0,0,0,0,0,0,0,0,0,0,0,0,0,0,0,0,1,2,0,0,0,0,0,0,0,0,0,0,0,0,0,0,0,0,0,0,0,0,0,0,0,0,0,0,0
0cee4cd5f8c492a720a67fdf46a05b0d,2.2,2,19,73,76,7,19,96,491,2239,366,0,0,2,2,256,13,79,0,1,38,14,1,5,0,0,0,4,1,14,15,9,67,9,134,2,0,0,8,0,1,20,2,3,25,9,0,0,0,0,0,1,0,0,0,3,4,0,0,0,0,0,0,0,0,16,17,4,0,0,0,0,0,0,2,0,0,0,0,0,0,0,0,0,0,1,0,0,0,0,17,0,0,2,0,2,0,111,0,0,21,112,0,2,9,11,0,0,0,0,4,0,7,8,0,1,1,5,0,0,0,0,0,0,0,0,0,0,0,1,5,3,1,0,0,0,0,0,0,0,0,0,0,0,0,0,1,1,2,1,0,0,0,0,0,0,0,0,0,0,0,0,0,0,0,0,0,0,0,0,0,0,0,0,0,0,0,0,0,0,0,0,0,0,0,0,0,0,0,0,0,0,0,0,0,0,0,0,0,0,0,0,0,0,0,0,0,0,0,0,0,0,0,0,0,0,0,0,0,0,0,0,0,0,0,0,0,0,0,0,0,0,0,0,0,0,0,0,0,0,0,0,0,0,0,0,0,0,0,0,0,0,0,0,0,0,0,0,0,0,0,0,0,0,0,0,0,0,0,0,0,0,0,0,0,0,0,0,0,0,0,0,0,0,0,0,0,0,0,0
0ceed71c5cfa44b988d70ddfd0d81dc4,5.0,216,386,4253,2325,327,230,7,484,200,571,54,0,56,9,2110,151,484,0,3,370,484,3,40,0,0,0,27,9,4303,431,181,93,0,240,18,0,270,0,16,0,54,9,58,528,0,0,54,0,0,16,54,0,0,0,160,179,92,92,4303,0,54,0,0,99,38,5,2,2,0,0,0,0,0,0,0,134,98,0,1,0,687,0,53,0,9,0,0,0,0,91,3,0,216,0,3,0,3,0,0,106,3,0,0,111,167,1,0,1,0,4,0,55,72,36,90,56,340,0,0,0,57,6451,0,0,0,106,0,0,55,55,0,0,0,1,54,0,0,0,0,0,0,0,0,0,0,2,55,0,0,0,0,54,0,9,0,0,0,14,14,0,0,0,0,0,0,0,0,0,0,107,0,0,53,54,0,0,0,0,0,0,0,0,0,0,0,0,0,0,0,0,0,0,0,0,0,0,0,0,0,110,0,0,0,2,0,9,1,0,0,0,0,0,6,0,0,0,0,0,0,0,0,0,0,0,0,0,0,0,0,0,0,0,0,0,0,0,0,0,0,0,0,0,0,0,0,0,0,0,0,0,0,0,0,0,0,0,0,0,0,0,0,0,0,0,0,0,0,0,0,0,0,0,0,0,0,0,0,0,0,0,0,0,0,0,0,0,0,0,0
0cef80bd43ef1860e33ce05e903d51d6,10.4,106,164,1001,445,144,52,8,854,546,773,7,1,264,8,338,11,57,2,2,60,41,2,19,1,3,4,6,2,0,57,57,40,0,20,17,15,24,3,20,0,0,5,0,10,0,14,3,2,7,7,2,0,1,1,6,30,0,0,0,0,0,0,0,883,16,22,36,0,1,0,32,1,1,2,0,4,7,8,2,1,1949,219,2893,50,146,0,0,0,0,6,0,10,117,15,7,269,2,0,2,2,0,4,4,9,15,0,0,1,0,0,0,19,16,0,4,6,29,0,0,137,51,30,0,0,2,1,0,6,1,13,7,0,0,2,12,17,12,2,0,0,0,0,0,0,0,0,14,0,0,0,0,118,0,0,0,1,0,20,33,0,0,0,1,5,5,6,0,0,0,1,26,0,4,0,11,0,13,1,23,4,0,0,0,7,10,1,55,1,1,1,2,2,2,0,0,0,2,0,0,1,0,0,0,0,0,2,3,0,0,0,0,0,0,0,0,46,0,0,22,0,878,1,0,0,0,0,0,0,0,0,0,0,0,0,0,0,0,0,0,0,0,0,0,0,0,0,0,0,0,0,0,0,0,0,0,0,0,0,0,0,0,0,0,0,0,0,0,0,0,0,0,0,0,0,0,0,0,0,0,0,0,0,0,0,0,0,0,0,0
0cefbf1386781ea858485b4ccc390920,4.6,287,991,6555,2768,284,294,184,690,2357,1017,73,0,44,10,3188,156,557,0,3,313,582,1,38,2,2,0,10,3,32,520,990,342,9,168,83,4,206,1,10,0,93,1,40,176,9,0,79,0,8,11,62,0,0,0,107,467,0,0,0,0,61,0,0,247,48,2104,48,0,0,0,6,0,0,6,0,203,155,0,9,586,1601,154,70,79,15,2,6,6,1,83,22,66,344,48,126,157,217,5,2,364,538,1,30,153,169,0,10,2,2,17,10,79,24,4,233,64,463,5,0,0,47,0,0,0,0,40,0,0,64,7,6,2,0,0,63,5,10,0,0,0,0,0,0,0,0,0,0,0,0,308,0,104,1,0,0,4,0,363,305,0,0,0,0,0,0,0,0,0,0,100,0,0,39,61,0,0,0,0,0,0,0,0,0,0,0,0,0,0,0,0,0,0,0,0,0,0,0,0,0,61,0,0,0,62,0,0,61,0,0,0,0,0,0,0,0,0,0,0,0,0,0,0,0,0,0,0,0,0,0,0,0,0,0,0,0,0,0,0,0,0,0,0,0,0,0,0,0,0,0,0,0,0,0,0,0,0,0,0,0,0,0,0,0,0,0,0,0,0,0,0,0,0,0,0,0,0,0,0,0,0,0,0,0,0,0,0,0,0,0
0cefce0dbbbedc5eb1febe4d85b23c71,8.0,0,42,570,102,3,196,9,119,239,76,98,2,2,8,87,9,10,0,2,10,12,0,3,0,3,4,0,0,3,15,42,25,0,12,4,2,29,0,1,1,0,0,3,1,0,0,1,0,2,0,1,4,1,1,3,2,1,1,40,0,0,0,0,0,3,22,1,0,0,0,0,0,0,0,0,0,13,0,0,0,19,0,0,1,4,0,0,0,0,1,0,0,0,0,4,0,0,0,0,0,2,0,5,12,13,1,0,3,0,0,0,2,0,0,0,9,0,0,0,25,10,0,0,0,0,0,0,0,0,0,4,0,0,0,0,6,4,0,0,0,1,0,1,0,0,0,0,0,0,0,1,0,1,0,0,2,0,0,0,0,0,0,0,0,0,0,0,0,0,0,0,0,0,0,0,0,0,0,0,0,0,0,0,0,0,0,0,0,0,0,0,0,0,0,0,0,0,0,0,0,0,0,0,0,0,0,0,0,0,0,0,0,0,0,0,0,0,0,0,0,0,0,0,0,0,0,0,0,0,0,0,0,0,0,0,0,0,0,0,0,0,0,0,0,0,0,0,0,0,0,0,0,0,0,0,0,0,0,0,0,0,0,0,0,0,0,0,0,0,0,0,0,0,0,0,0,0,0,0,0,0,0,0,0,0,0,0,0,0
0cf2e3c0cae4792231f345fc79c19e50,4.0,0,13,166,2,15,2,1,0,0,29,0,0,1,0,60,0,2,0,0,1,1,0,1,1,1,0,0,0,0,0,30,22,0,1,0,0,2,0,0,0,2,0,0,15,0,0,0,0,0,0,2,0,0,0,3,2,1,1,40,0,0,0,0,0,0,0,0,0,0,0,0,0,0,0,0,0,0,0,0,0,0,0,0,0,0,0,0,0,0,0,0,0,0,0,0,0,0,0,0,4,0,0,17,1,1,0,0,0,0,0,0,1,0,0,0,1,14,0,0,0,2,0,0,0,0,0,0,0,0,0,0,0,0,0,0,0,0,0,0,0,0,0,0,0,0,0,0,0,0,0,0,0,0,0,0,0,0,14,14,0,0,0,0,1,0,0,0,0,0,14,0,0,14,0,0,0,0,0,0,0,0,0,0,0,0,1,0,0,0,0,0,0,0,0,0,0,0,0,0,0,0,0,0,0,0,0,0,0,0,0,14,0,0,0,0,0,0,0,0,0,0,0,0,0,0,0,0,0,0,0,0,0,0,0,0,0,0,0,0,0,0,0,0,0,0,0,0,0,0,0,0,0,0,0,0,0,0,0,0,0,0,0,0,0,0,0,36,0,0,0,0,0,0,0,0,0,0,0,0,0,0,0,0,0,0,0,0,0,0
0cf3e91199fbef9cbbe3001d39c620d8,5.8,0,2,34,18,1,4,1,1,0,3,0,0,1,0,770,2,3,1,1,744,1188,1,2,1,2,2,2,0,0,0,1,1,1,1,0,0,4,0,0,0,0,0,0,0,0,0,1,0,0,0,0,11,1,1,6,2,0,0,0,0,0,0,0,0,0,0,0,0,0,0,0,0,0,0,0,0,0,0,0,0,0,0,0,0,0,0,0,0,0,0,0,0,74,74,0,0,0,0,0,0,0,0,0,0,0,0,0,1,0,0,0,0,0,0,0,0,0,0,0,0,0,4,0,0,0,0,0,74,0,0,0,0,0,0,0,0,0,0,0,0,0,0,0,0,0,0,0,0,0,0,0,0,0,0,0,0,0,0,0,0,0,0,0,0,0,0,0,0,0,0,0,0,0,0,0,0,0,0,0,0,0,0,0,0,0,0,0,0,0,0,0,0,0,0,0,0,0,0,0,0,0,0,0,0,0,0,0,0,0,0,0,0,0,0,0,0,0,0,0,0,0,0,0,0,0,0,0,0,0,0,0,0,0,0,0,0,0,0,0,0,0,0,0,0,0,0,0,0,0,0,0,0,0,0,0,0,0,0,0,0,0,0,0,0,0,0,0,0,0,0,0,0,0,0,0,0,0,0,0,0,0,0,0,0,0,0,0,0,0
0cf9d253ca7243737c3507f876f446b2,4.4,57,53,320,75,10,31,52,222,106,156,36,0,2,8,438,17,4,0,3,35,173,0,27,1,1,6,8,2,102,30,28,26,0,2,22,2,1,4,33,0,3,0,33,0,0,0,1,2,2,12,0,0,0,0,1,14,75,0,0,0,0,0,0,609,27,3,28,0,0,0,3,0,0,4,0,281,202,0,18,1474,1186,793,691,7,61,1,4,4,10,23,13,114,188,125,5,103,2,2,0,13,12,1,7,12,29,0,13,1,1,6,5,16,16,2,1,1,2,1,0,0,54,0,0,0,0,0,0,21,2,9,4,0,0,0,0,0,0,2,0,0,0,0,0,1,0,0,0,0,0,0,0,244,0,0,0,2,0,0,0,75,0,0,0,0,0,0,0,0,0,0,0,0,0,0,0,0,0,0,0,0,0,0,0,0,0,3,0,0,0,0,0,0,0,0,0,0,0,0,0,0,0,0,0,1,0,0,1,0,0,0,0,0,2,0,0,3,0,0,0,0,0,0,0,0,0,0,0,0,0,0,0,0,0,0,0,0,0,0,0,0,0,0,0,0,0,0,0,0,0,0,0,0,0,0,0,0,0,0,0,0,0,0,0,0,0,0,0,0,0,0,0,0,0,0,0,0,0,0,0,0,0,0,0,0,0,0,0,0,0
0cf35dbe0768d375031678ee14c9b7f0,3.6,63,75,424,138,130,67,5,640,404,669,3,0,236,2,276,11,31,1,0,36,19,0,8,1,3,4,0,0,0,26,12,29,0,34,13,13,2,0,10,0,0,3,0,8,0,16,0,1,8,8,0,0,0,0,3,28,1,1,39,0,1,0,0,3,13,10,26,0,1,0,19,1,1,2,0,2,0,14,4,0,1703,3374,222,1,47,0,0,0,0,14,0,9,68,9,8,80,0,0,2,30,0,2,2,5,10,0,0,3,0,0,0,4,0,0,1,6,46,0,0,141,0,15,0,0,2,6,0,6,3,8,8,0,0,0,0,12,12,1,0,0,1,0,0,0,0,0,17,0,0,1,0,0,0,0,0,0,926,27,43,0,0,0,0,3,3,3,0,0,0,1,9,0,3,0,8,0,5,1,12,2,0,0,0,0,10,0,60,1,1,1,1,0,0,0,0,0,0,0,0,5,0,0,0,0,0,2,3,0,0,0,0,0,0,0,0,6,0,0,0,0,0,0,0,0,0,0,0,0,0,1,0,0,0,0,0,0,0,0,0,0,0,0,0,0,0,0,0,0,0,0,0,0,0,0,0,0,0,0,0,0,0,0,0,0,0,0,0,0,0,0,0,0,0,0,0,0,0,0,0,0,0,0,0,0,0,0,0,0,0
0cf46f706503926a159d4599f4370b90,9.4,5,19,161,30,2,11,2,170,6,12,0,1,0,2,55,2,3,0,0,19,13,0,3,0,1,0,0,0,1,0,0,2,0,0,0,2,2,0,0,1,0,0,0,0,0,0,2,1,0,0,0,5,1,1,8,3,0,0,0,0,0,0,0,0,2,0,3,0,0,0,0,0,0,1,0,0,0,0,0,183,9,0,0,2,31,0,0,0,0,1,0,0,1,0,0,18,0,0,0,0,0,0,0,2,3,1,0,2,0,0,0,1,0,0,1,0,0,0,0,0,0,1,0,0,0,0,0,0,0,0,0,0,0,0,0,1,0,1,0,0,1,0,0,1,0,1,1,1,0,71899,0,0,0,0,0,0,0,0,4,0,0,7171,0,0,0,0,0,0,0,0,0,0,0,0,0,68,0,0,0,0,0,0,0,0,0,0,0,0,0,0,0,0,0,0,0,0,0,0,0,1,0,0,0,0,0,0,0,0,0,0,0,0,0,0,0,0,0,0,0,7171,0,0,0,0,0,1,0,0,0,0,0,0,0,0,0,0,0,0,0,0,0,0,0,0,0,0,0,0,0,0,0,0,0,0,0,0,0,0,0,0,0,0,0,0,0,0,0,0,0,0,0,0,0,0,0,0,0,0,0,0,0,0,0,0,0,0,0,0,0
0cf053cfd40eeae31ec034d793ec5f90,7.0,3,50,349,76,4,27,317,349,330,342,5,0,3,4,763,27,4,0,1,58,696,0,34,1,1,41,3,1,14,15,24,143,32,34,21,0,2,5,27,0,3,2,0,0,44,0,2,0,2,7,1,1,0,0,4,17,0,0,0,1,0,0,0,547,144,0,24,0,0,0,3,0,0,4,0,600,407,1,14,1330,788,662,136,5,55,1,3,3,12,143,20,70,107,96,4,40,24,2,0,11,107,0,1,7,29,0,9,3,1,9,5,7,8,2,1,1,2,1,0,0,3,0,0,0,1,1,0,35,0,0,4,0,0,0,0,0,0,0,0,0,0,0,0,0,0,0,0,0,0,0,0,0,0,0,0,0,0,0,0,0,0,0,0,0,0,0,0,0,0,0,0,0,0,0,0,0,0,0,0,0,0,0,0,0,0,0,0,0,0,0,0,0,0,0,0,0,0,0,0,0,0,0,0,0,0,0,0,0,0,0,0,0,0,0,0,0,0,0,0,0,0,0,0,0,0,0,0,0,0,0,0,0,0,0,2,0,0,0,0,0,0,0,0,0,0,0,0,0,0,0,0,0,0,0,0,0,0,0,0,0,0,0,0,0,0,0,0,0,0,0,0,0,0,0,0,0,0,0,0,0,0,0,0,0,0,0,0,0,0
0cfa477d69952a90a512490f5b79274f,2.2,2,19,73,101,7,19,97,491,2239,366,0,0,2,2,257,13,20,0,1,38,14,1,5,0,0,0,4,1,14,15,9,68,10,135,2,0,0,8,0,1,20,2,3,25,10,0,0,0,0,0,1,0,0,0,3,4,0,0,0,0,0,0,0,0,16,17,4,0,0,0,0,0,0,2,0,0,0,0,0,0,0,0,0,0,1,0,0,0,0,17,0,0,2,0,2,0,111,0,0,21,112,0,2,9,11,0,0,0,0,4,0,7,8,0,1,1,5,0,0,0,0,0,0,0,0,0,0,0,1,5,3,1,0,0,0,0,0,0,0,0,0,0,0,0,0,1,1,2,1,0,0,0,0,0,0,0,0,0,0,0,0,0,0,0,0,0,0,0,0,0,0,0,0,0,0,0,0,0,0,0,0,0,0,0,0,0,0,0,0,0,0,0,0,0,0,0,0,0,0,0,0,0,0,0,0,0,0,0,0,0,0,0,0,0,0,0,0,0,0,0,0,0,0,0,0,0,0,0,0,0,0,0,0,0,0,0,0,0,0,0,0,0,0,0,0,0,0,0,0,0,0,0,0,0,0,0,0,0,0,0,0,0,0,0,0,0,0,0,0,0,0,0,0,0,0,0,0,0,0,0,0,0,0,0,0,0,0,0,0
0cfab3f8ea799e75d1817bf171f306ae,1.8,0,16,26,33,0,13,5185,1,1,1,2,0,0,0,16,0,16,0,0,0,0,0,0,0,0,0,0,0,0,0,1,0,0,0,0,0,8,0,0,0,1,0,0,0,0,0,0,0,0,0,0,0,0,0,0,0,1,1,11,0,0,0,0,1,0,0,0,0,0,0,0,0,0,0,0,0,0,0,0,1,3,0,0,0,0,0,0,0,0,0,0,0,18,18,0,0,0,0,0,15,12961,0,0,0,1,1,0,1,0,0,0,0,0,0,0,0,0,0,0,0,7,0,0,0,0,0,0,18,0,0,0,0,0,0,0,0,0,0,0,0,0,0,0,0,0,0,0,0,0,0,0,0,0,0,0,0,0,0,0,0,0,0,0,0,0,0,0,0,0,0,0,0,0,0,0,0,0,0,0,0,0,0,0,0,0,0,0,0,0,0,0,0,0,0,0,0,0,0,0,0,0,0,0,0,0,0,0,0,0,0,0,0,0,0,0,0,0,0,0,0,0,0,0,0,0,0,0,0,0,0,0,0,0,0,0,0,0,0,0,0,0,0,0,0,0,0,0,0,0,0,0,0,0,0,0,0,0,0,0,0,0,0,0,0,0,0,0,0,0,0,0,0,0,0,0,0,0,0,0,0,0,0,0,0,0,0,0,0,0
0cfc54d4c2186648f0b444795ddb3890,1.8,0,27,236,8,7,4,1,0,0,4,1,0,8,0,26,0,1,1,2,3,3,0,0,0,0,0,0,0,0,2,1,0,0,0,0,0,9,0,0,0,0,0,0,0,0,0,0,0,0,0,1,0,0,0,3,2,0,0,0,0,0,0,0,0,0,0,0,0,0,0,0,0,0,0,0,0,0,0,0,0,0,0,0,0,2,0,0,0,0,0,0,0,0,0,4,0,0,0,0,0,0,0,4,0,0,0,0,1,0,0,0,0,0,0,0,0,0,0,0,0,0,0,0,0,0,0,0,0,0,0,0,0,0,0,0,0,0,0,0,0,0,0,0,0,1,0,0,0,0,0,1,31,6,0,0,0,0,0,0,0,0,0,0,0,0,0,0,0,0,0,0,0,0,0,0,0,0,0,0,0,0,0,0,0,0,0,0,0,0,0,0,0,0,0,0,0,0,0,0,0,0,0,0,0,0,0,0,0,0,0,0,0,0,0,0,0,0,0,0,0,0,0,0,0,0,0,0,0,0,0,0,0,0,0,0,0,0,0,0,0,0,0,0,0,0,0,0,0,0,0,0,0,0,0,0,0,0,0,0,0,0,0,0,0,0,0,0,0,0,0,0,0,0,0,0,0,0,0,0,0,0,0,0,0,0,0,0,0,0
0cfe829490cfb074eb34762a71be15dd,6.0,0,19,25,18,1,2,0,1,0,3,0,0,1,0,32,2,6,1,1,7,6,1,2,1,2,2,2,0,0,0,1,2,1,2,0,0,4,0,0,0,0,0,0,0,0,0,1,0,0,0,0,11,1,1,6,20,0,0,0,0,0,0,0,0,0,0,0,0,0,0,0,0,0,0,0,0,0,0,0,0,0,0,0,0,0,0,0,0,0,0,0,0,0,0,0,0,0,0,0,0,0,0,0,0,0,0,0,0,0,0,0,0,0,0,0,1,0,0,0,0,0,4,0,0,0,0,0,0,0,0,0,0,0,0,0,0,0,0,0,0,0,0,0,0,0,0,0,0,0,0,0,0,0,0,0,0,0,0,0,0,0,0,0,0,0,0,0,0,0,0,0,0,0,0,0,0,0,0,0,0,0,0,0,0,0,0,0,0,0,0,0,0,0,0,0,0,0,0,0,0,0,0,0,0,0,0,0,0,0,0,0,0,0,0,0,0,0,0,0,0,0,0,0,0,0,0,0,0,0,0,0,0,0,0,0,0,0,0,0,0,0,0,0,0,0,0,0,0,0,0,0,0,0,0,0,0,0,0,0,0,0,0,0,0,0,0,0,0,0,0,0,0,0,0,0,0,0,0,0,0,0,0,0,0,0,0,0,0,0
0d0a1e005b5533a8849fc3f21c255665,9.4,273,300,1738,519,849,165,191,2315,1954,2461,25,0,1405,28,2517,75,38,2,11,322,310,2,73,5,11,126,17,23,61,62,88,459,26,470,76,17,116,13,152,1,66,15,0,80,14,18,6,2,26,56,9,1,0,0,5,58,257,256,11555,0,1,0,0,1437,110,528,111,2,8,6,57,2,2,15,0,645,439,27,31,1418,1839,1236,163,8,322,2,8,8,7,84,29,147,414,127,18,168,27,6,4,61,105,5,43,88,114,0,9,8,2,15,14,37,34,20,13,34,515,2,0,530,4,20,0,0,4,0,12,0,4,35,18,2,0,0,5,27,49,2,0,0,2,0,0,0,1,0,19,0,0,0,2,62,536,1,1,1,0,25,33,1,0,0,0,5,5,15,1,1,9,37,18,1,4,6,6,1,14,8,45,4,1,0,0,2,22,12,55,1,1,1,1,1,1,0,0,0,2,9,0,0,0,0,0,0,0,0,3,0,0,0,0,0,0,0,0,0,6,6,0,0,0,0,2,0,0,0,0,0,0,0,0,0,0,0,0,0,0,0,0,0,0,0,0,0,0,0,0,0,0,0,0,0,0,0,0,0,0,0,0,0,0,0,0,0,0,0,0,0,0,0,0,0,0,0,0,0,0,0,0,0,0,0,0,0,0,0,0,0,0
0d0b9ba1005854dc8a66e166832ea42f,5.8,1,22,30,23,1,4,1,1,0,3,0,0,1,0,35,2,7,1,1,7,6,1,2,1,2,2,2,0,0,0,1,2,1,2,0,0,4,0,0,0,0,0,0,0,0,0,1,0,0,0,0,11,1,1,6,23,0,0,0,0,0,0,0,0,0,0,0,0,0,0,0,0,0,0,0,0,0,0,0,0,0,0,0,0,0,0,0,0,0,0,0,0,1,0,0,0,0,0,0,0,0,0,0,0,0,0,0,0,0,0,0,0,0,0,0,1,0,0,0,0,0,4,0,0,0,0,0,0,0,0,0,0,0,0,0,0,0,0,0,0,0,0,0,0,0,0,0,0,0,0,0,0,0,0,0,0,0,0,0,0,0,0,0,0,0,0,0,0,0,0,0,0,0,0,0,0,0,0,0,0,0,0,0,0,0,0,0,0,0,0,0,0,0,0,0,0,0,0,0,0,0,0,0,0,0,0,0,0,0,0,0,0,0,0,0,0,0,0,0,0,0,0,0,0,0,0,0,0,0,0,0,0,0,0,0,0,0,0,0,0,0,0,0,0,0,0,0,0,0,0,0,0,0,0,0,0,0,0,0,0,0,0,0,0,0,0,0,0,0,0,0,0,0,0,0,0,0,0,0,0,0,0,0,0,0,0,0,0,0
0d0e1d7b6a7882a31892635f256154d0,5.4,0,2,35,17,1,4,1,1,0,3,0,0,1,0,765,2,3,1,1,744,1188,1,2,1,2,2,2,0,0,0,1,1,1,1,0,0,0,0,0,0,0,0,0,0,0,0,1,0,0,0,0,5,1,1,6,2,0,0,0,0,0,0,0,0,0,0,0,0,0,0,0,0,0,0,0,0,0,0,0,0,0,0,0,0,0,0,0,0,0,0,0,0,56,56,0,0,0,0,0,0,0,0,0,0,0,0,0,1,0,0,0,0,0,0,0,0,0,0,0,0,0,0,0,0,0,0,0,56,0,0,0,0,0,0,0,0,0,0,0,0,0,0,0,0,0,0,0,0,0,0,0,0,0,0,0,0,0,0,0,0,0,0,0,0,0,0,0,0,0,0,0,0,0,0,0,0,0,0,0,0,0,0,0,0,0,0,0,0,0,0,0,0,0,0,0,0,0,0,0,0,0,0,0,0,0,0,0,0,0,0,0,0,0,0,0,0,0,0,0,0,0,0,0,0,0,0,0,0,0,0,0,0,0,0,0,0,0,0,0,0,0,0,0,0,0,0,0,0,0,0,0,0,0,0,0,0,0,0,0,0,0,0,0,0,0,0,0,0,0,0,0,0,0,0,0,0,0,0,0,0,0,0,0,0,0,0,0,0,0
0d0e13448d1aeae5f8aa059c6d8a0629,3.8,11,70,1174,80,9,943,174,653,1092,585,6,0,9,4,1832,19,8,1,1,76,699,0,21,1,1,15,9,2,49,24,37,1190,17,22,22,0,30,5,33,1,9,0,0,3,20,0,1,0,2,12,0,0,0,0,4,18,0,0,0,0,0,0,1,532,122,5,30,0,0,0,3,0,0,4,0,555,387,0,14,1251,1888,698,131,18,62,1,4,4,7,120,22,116,126,106,8,105,10,2,0,26,63,1,9,13,23,0,10,2,3,7,5,14,16,2,1,1,3,1,0,0,2,0,0,0,0,0,0,0,0,5,7,0,0,0,1,0,0,0,0,0,0,0,0,0,1,0,0,0,0,0,0,31,7,1,1,1,0,0,0,0,0,0,0,0,0,0,0,0,0,0,0,0,0,0,0,0,0,0,0,0,0,0,0,0,0,0,0,0,0,0,0,0,0,0,0,0,0,0,0,0,0,0,3,0,0,0,0,0,0,0,0,0,0,0,0,0,0,0,0,0,0,0,0,0,0,0,0,0,0,0,0,0,0,0,0,0,0,0,0,0,0,0,0,0,0,0,0,0,0,0,0,0,0,0,0,0,0,0,0,0,0,0,0,0,0,0,0,0,0,0,0,0,0,0,0,0,0,0,0,0,0,0,0,0,0,0,0,0,0
0d0f97cdedd3490c0163b08367df0347,4.0,36,8,132,21,0,2,5,2,0,2,1,0,0,0,145,4,7,1,3,13,2,0,4,2,2,0,0,0,0,0,0,30,0,0,0,0,0,0,0,0,27,0,0,5,0,0,1,0,1,0,0,0,0,0,6,4,0,0,0,0,1,0,0,6,0,0,0,0,0,20,9,19,0,0,0,6,0,0,0,0,0,0,0,0,0,0,1,5,0,0,3,0,0,0,0,0,0,6,0,31,2,1,0,1,2,2,0,0,0,3,10,0,0,0,0,0,0,21,0,0,0,0,0,0,0,0,0,0,0,0,0,0,0,0,0,0,0,0,0,0,0,0,0,0,0,0,0,0,0,0,0,0,0,0,0,0,0,0,0,0,0,0,0,0,0,0,0,0,0,0,0,0,0,0,0,0,0,0,0,0,0,0,0,0,0,0,0,0,0,0,0,0,0,0,0,0,0,0,8,0,0,0,51,0,0,0,0,20,10,0,0,0,0,0,0,0,0,0,0,0,0,0,0,0,0,0,0,0,0,0,0,0,0,0,0,0,0,0,0,0,0,0,0,0,0,0,0,0,0,0,0,2,0,0,0,0,0,0,0,0,0,0,1,10,1,5,0,0,0,0,0,0,0,0,0,0,0,0,0,0,0,0,0,0,0,0,0,0,0
0d1a433010938f994935c118ef75e4fe,14.2,0,68,986,2435,21,2008,31,478,642,321,4,2,50,5,28033,180,1112,0,1232,32,17,0,17,0,1,18,8,2,25625,2016,31,2581,0,3362,12,0,14,1,10,0,8,0,4,5198,0,0,3,0,7,10,0,0,0,0,9,19,1,1,44,0,2,0,0,646,10,300,17,0,0,0,13,0,0,1,0,10,5,8,0,1,32,0,0,2,23,0,0,0,0,5,0,0,0,0,2,0,20,0,1,8,670,3,2,175,184,2,0,4,0,0,0,15,16,0,7,1175,1168,6,0,12,0,10,0,0,0,0,0,0,1,13,5,1,0,2,0,3,6,0,0,0,1,0,0,3,0,0,0,0,0,0,2,0,1,0,0,0,0,10,20,1,40,0,1,2,2,1,0,0,0,0,0,0,0,1,8,0,4,0,0,2,0,0,0,18,0,0,0,0,1,0,0,0,0,0,0,0,0,0,0,0,197,1162,0,0,0,0,0,0,0,0,0,0,0,0,0,0,0,0,0,0,0,8,0,0,0,2,0,197,0,0,8,8,0,0,1,1,589,1,4,0,0,0,0,0,0,0,0,0,0,0,0,0,0,0,0,0,0,0,0,0,0,0,0,0,0,0,0,0,0,0,0,0,0,0,0,0,0,0,0,0,0,0,0,0,0,0,0,0,0
0d1ada3549d0e30aa822e6499bdf8600,7.2,0,83,88,15,9,8,5,3,2,8,3,1,10,3,118,2,3,0,2,10,13,1,3,1,3,1,0,0,0,0,0,32,0,3,14,1,5,0,0,0,3,0,29,302,0,0,2,1,2,0,0,9,2,1,6,2,0,0,0,0,0,0,0,77,0,29,0,0,0,0,0,0,0,0,0,0,6,0,0,0,6,0,0,0,0,0,0,0,0,0,0,0,17,17,0,0,0,0,0,3,0,0,0,2,4,1,0,1,0,0,0,1,0,0,0,2,1,0,0,0,0,0,0,0,0,0,0,17,0,1,0,0,0,0,0,0,0,1,0,0,0,0,0,0,0,0,0,0,0,0,0,0,0,2,0,0,0,0,0,0,0,0,0,0,0,0,0,0,0,0,0,0,0,0,0,0,0,0,0,0,0,0,0,0,0,0,0,0,0,0,0,0,0,0,0,0,0,0,0,0,0,0,0,0,0,0,0,0,0,0,0,0,0,0,0,0,0,0,0,0,0,0,0,0,0,0,0,0,0,0,0,0,0,0,0,0,0,0,0,0,0,0,0,0,0,0,0,0,0,0,0,0,0,0,0,0,0,0,0,0,0,0,0,0,0,0,0,0,0,0,0,0,0,0,0,0,0,0,0,0,0,0,0,0,0,0,0,0,0
0d1b4da6cfd38e56ea291dc268d9ae67,2.2,2,19,73,94,7,19,96,491,2239,366,0,0,2,2,256,13,113,0,1,38,14,1,5,0,0,0,4,1,14,15,9,67,9,134,2,0,0,8,0,1,20,2,3,25,9,0,0,0,0,0,1,0,0,0,3,4,0,0,0,0,0,0,0,0,16,17,4,0,0,0,0,0,0,2,0,0,0,0,0,0,0,0,0,0,1,0,0,0,0,17,0,0,2,0,2,0,111,0,0,21,112,0,2,9,11,0,0,0,0,4,0,7,8,0,1,1,5,0,0,0,0,0,0,0,0,0,0,0,1,5,3,1,0,0,0,0,0,0,0,0,0,0,0,0,0,1,1,2,1,0,0,0,0,0,0,0,0,0,0,0,0,0,0,0,0,0,0,0,0,0,0,0,0,0,0,0,0,0,0,0,0,0,0,0,0,0,0,0,0,0,0,0,0,0,0,0,0,0,0,0,0,0,0,0,0,0,0,0,0,0,0,0,0,0,0,0,0,0,0,0,0,0,0,0,0,0,0,0,0,0,0,0,0,0,0,0,0,0,0,0,0,0,0,0,0,0,0,0,0,0,0,0,0,0,0,0,0,0,0,0,0,0,0,0,0,0,0,0,0,0,0,0,0,0,0,0,0,0,0,0,0,0,0,0,0,0,0,0,0
0d2b8c3d5261386659b7a89875e85757,1.8,0,248,0,209,0,0,0,0,0,0,0,0,0,0,0,0,0,0,0,0,0,0,0,0,20,0,0,0,0,0,0,394,0,0,0,0,84,0,0,0,0,0,0,62,0,0,1,0,0,0,0,0,0,0,0,0,0,0,0,0,0,0,0,26,93,0,49,0,0,0,0,0,0,0,0,0,0,0,0,0,0,0,0,0,0,0,0,0,0,75,0,0,0,0,0,0,0,0,0,290,0,0,0,0,0,0,0,0,0,0,0,0,0,0,0,0,0,0,0,0,0,0,0,0,0,0,0,0,4,0,0,0,0,0,0,0,0,0,0,0,2,0,0,0,0,0,6,0,0,0,0,0,0,0,0,0,0,0,0,0,0,0,0,0,0,0,0,0,0,0,0,0,0,0,0,0,0,0,0,0,1,0,0,0,0,0,0,0,0,0,0,0,0,0,0,0,0,0,0,0,0,0,0,0,0,0,0,0,0,0,0,0,0,0,0,0,0,0,0,0,0,0,0,0,0,0,0,0,0,0,0,0,0,0,0,0,0,0,0,0,0,0,0,0,0,0,0,0,0,0,0,0,0,0,0,0,0,0,0,0,0,0,0,0,0,0,0,0,0,0,0,0,0,0,0,0,0,0,0,0,0,0,0,0,0,0,0,0,0
0d2bcf8a2d4c4ced43d5b6efe39aa712,3.2,0,18,302,15,6,7,2,3,1,7,0,0,50,0,19,0,6,0,1,9,8,1,4,1,1,0,2,0,0,0,1,1,0,1,0,0,7,0,0,0,0,0,0,1,0,0,0,0,1,0,1,0,0,0,0,4,0,0,0,0,0,2,2,1,101,0,0,0,0,0,0,0,0,1,0,0,0,0,0,2,1,0,0,0,0,0,0,0,0,0,0,0,0,0,0,0,0,0,0,0,0,2,0,0,0,0,0,2,0,0,0,0,0,0,0,0,0,3,0,0,1,10,0,0,0,0,0,0,0,0,0,0,0,0,0,0,0,0,0,0,0,0,0,0,0,0,0,0,0,0,1,0,0,0,0,0,0,6,12,0,0,0,1,2,2,0,0,0,0,0,10,0,0,0,5,0,0,0,0,0,0,0,0,8,0,0,0,0,0,0,0,0,0,0,0,0,0,0,0,0,2,0,0,0,0,0,0,0,0,0,0,0,0,0,0,0,0,0,0,0,0,5,0,0,0,0,0,0,0,0,5,4,0,0,0,0,0,0,0,0,0,0,0,0,0,0,0,0,0,0,0,0,0,0,0,0,0,0,0,0,0,0,0,0,0,0,0,0,0,0,0,0,0,0,0,0,0,0,0,0,0,0,0,0,0,0,0,0,0
0d2c0d890b7f4919af32df11083f20e6,9.2,10,8,60,9,0,5,14,50,7,51,1,0,1,2,57,1,1,0,1,4,46,0,1,0,1,0,0,0,3,2,2,3,0,0,0,0,3,2,7,0,0,4,1,1,0,0,3,0,0,6,0,7,1,1,6,8,2,1,23,1,0,0,0,338,6,0,0,0,0,0,0,0,0,0,0,17,17,0,7,913,405,474,96,5,7,0,1,1,1,7,1,45,58,48,0,85,0,0,0,2,2,1,2,2,2,0,4,0,0,0,0,1,0,0,3,0,0,0,0,0,1,1,0,0,0,0,0,5,0,0,0,0,0,0,0,0,0,0,0,0,0,0,0,0,0,0,0,0,0,0,0,0,0,0,0,0,0,3,3,1,0,0,0,0,0,0,0,0,0,0,0,0,0,0,0,0,0,0,0,0,0,0,0,0,0,0,0,0,0,0,0,0,0,0,0,0,0,0,0,0,0,0,0,0,0,0,0,0,0,0,0,0,0,1,1,0,0,0,0,0,0,0,0,0,0,0,0,0,0,0,0,0,0,0,0,0,0,0,0,0,0,0,0,0,0,0,0,0,0,0,0,0,0,0,0,0,0,0,0,0,0,0,0,0,0,0,0,0,0,0,0,0,0,0,0,0,0,0,0,0,0,0,0,0,0,0,0,0,0
0d3b66d55e34bd4804d6a69cbe6880c7,7.2,13,55,378,89,8,18,50,77,20,101,4,0,9,4,233,0,10,1,3,28,147,0,9,2,1,6,3,1,5,12,21,22,0,261,20,0,5,4,32,0,6,4,0,264,0,0,1,0,5,11,0,1,0,0,1,13,2,1,23,0,0,0,0,575,16,3,18,0,0,0,3,0,0,3,0,155,120,0,17,1367,749,746,149,9,57,1,4,4,2,14,11,115,127,106,7,105,0,2,0,14,2,1,7,6,6,0,13,2,1,6,5,6,8,2,1,3,6,1,0,0,2,0,0,0,1,1,0,0,0,0,0,0,0,0,0,0,0,0,0,0,0,0,0,1,0,0,0,0,0,0,0,31,14,1,0,0,0,12,12,1,0,0,0,0,0,0,0,0,0,0,0,0,2,0,0,0,0,0,0,0,0,0,0,0,0,0,0,0,0,0,0,0,0,0,0,0,0,0,0,0,0,0,0,0,0,0,0,0,0,0,0,0,0,0,0,0,0,0,0,0,0,0,0,0,0,0,0,0,0,0,0,0,0,0,0,0,0,0,0,0,0,0,0,0,0,0,0,0,0,0,0,0,0,0,0,0,0,0,0,0,0,0,0,0,0,0,0,0,0,0,0,0,0,0,0,0,0,0,0,0,0,0,0,0,0,0,0,0,0
0d3cd9ca0498cc05a15fc8a0a4686203,6.8,175,280,1577,274,137,109,153,1624,1049,1308,27,4,164,11,1380,71,53,2,5,254,403,3,105,3,13,106,8,2,74,63,102,129,29,209,33,14,113,14,128,4,39,21,1,55,13,0,9,4,25,54,13,0,0,0,22,64,0,0,0,0,1,0,0,385,82,76,72,0,2,0,87,2,2,15,0,702,440,26,6,1026,1629,979,106,23,237,0,4,4,2,60,12,53,227,51,8,93,41,0,2,23,43,7,9,71,128,0,7,9,7,12,21,20,10,8,59,31,304,0,0,28,3,20,0,0,6,1,0,1,8,27,4,1,0,0,5,34,25,4,0,0,5,0,0,2,0,5,18,4,0,0,0,2,0,0,0,0,0,16,18,0,0,0,0,8,8,9,2,2,19,36,17,1,3,6,4,173,14,2,5,4,0,0,0,0,5,0,60,1,1,1,1,1,1,0,0,0,0,0,0,2,0,0,10,1,0,0,6,0,0,0,0,0,0,0,0,0,0,0,0,0,0,0,0,0,0,28,0,0,0,1,0,0,40,0,0,0,0,0,0,0,0,0,0,0,0,0,0,0,0,0,0,0,0,0,0,0,0,0,0,0,0,0,0,0,0,0,0,0,0,0,0,0,1,1,0,0,0,0,0,0,0,0,0,0,0,0,0,0,0
0d3db8fc7b4e9c299e613cdf2809e840,3.0,0,1,2,31,0,0,0,0,0,5,0,0,0,0,13997,0,64,0,0,2,2,0,0,0,0,0,0,0,0,28684,1,11288,0,569,0,0,0,0,0,0,1139,0,0,9321,0,0,0,0,0,0,1,0,0,0,0,0,0,0,0,0,0,0,0,0,0,4151,0,0,0,0,0,0,0,0,0,0,0,0,0,0,0,0,0,0,0,0,0,0,0,0,0,0,1,1,0,0,0,0,0,569,8797,0,0,1,1,0,0,0,0,0,0,1,0,0,0,572,1136,569,0,0,0,0,0,0,0,0,0,1,0,0,0,0,0,0,0,0,0,0,0,0,0,0,0,0,0,0,0,0,0,0,0,0,0,0,0,0,0,5,5,0,0,0,0,0,0,0,0,0,0,0,0,0,9324,0,0,0,0,0,0,0,0,0,0,0,0,0,0,0,0,0,0,0,0,0,0,0,0,0,0,0,0,0,0,0,0,0,0,0,0,0,0,0,0,0,1,0,0,0,0,0,0,0,0,0,0,0,0,0,0,0,0,0,0,0,0,0,0,0,0,0,0,0,0,0,0,0,0,0,0,0,0,0,0,0,0,0,0,0,0,0,0,0,0,0,0,0,0,0,0,0,0,0,0,0,0,0,0,0,0,0,0,0,0,0,0,0,0,0,0
0d4b574da8f3ca8ad71df72c3dfd2216,1.2,0,5,567,10,7,486,1,0,0,0,1,0,0,0,20,1,1,0,0,1,1,0,0,0,0,0,0,0,0,0,0,602,0,0,1,0,0,0,0,0,0,0,1,0,0,0,0,0,0,0,1,0,0,0,3,1,0,0,0,0,0,0,0,0,0,0,0,0,0,0,0,0,0,0,0,0,0,0,0,0,0,0,0,0,0,0,0,0,0,0,0,0,0,0,0,0,0,0,0,0,0,0,0,0,0,0,0,1,0,0,0,0,0,0,0,0,0,0,0,0,0,0,0,0,0,0,0,0,0,0,0,0,0,0,0,0,0,0,0,0,0,0,0,0,0,0,0,0,0,0,0,0,0,0,0,0,0,0,0,0,0,0,0,0,0,0,0,0,0,0,0,0,0,0,0,0,0,0,0,0,0,0,0,0,0,0,0,0,0,0,0,0,0,0,0,0,0,0,0,0,0,0,0,0,0,0,0,0,0,0,0,0,0,0,0,0,0,0,0,0,0,0,0,0,0,0,0,0,0,0,0,0,0,0,0,0,0,0,0,0,0,0,0,0,0,0,0,0,0,0,0,0,0,0,0,0,0,0,0,0,0,0,0,0,0,0,0,0,0,0,0,0,0,0,0,0,0,0,0,0,0,0,0,0,0,0,0,0,0
0d5c3605eced8767167bbc7e5e0d03c0,2.6,0,20,303,14,5,5,2,4,1,7,0,0,50,0,19,0,6,0,1,9,8,1,4,1,1,0,2,0,0,0,1,1,0,1,0,0,7,0,0,0,0,0,0,1,0,0,0,0,1,0,1,0,0,0,0,4,0,0,0,0,0,2,2,1,2,0,0,0,0,0,0,0,0,1,0,0,0,0,0,3527,1,0,0,0,0,0,0,0,0,0,0,0,0,0,0,0,0,0,0,0,0,2,0,0,0,0,0,2,0,0,0,0,0,0,0,0,0,3,0,0,0,10,0,0,0,0,0,0,0,0,0,0,0,0,0,0,0,0,0,0,0,0,0,0,0,0,0,0,0,0,1,0,0,0,0,0,0,6,12,0,0,0,1,2,2,0,0,0,0,0,10,0,0,0,5,0,0,0,0,0,0,0,0,8,0,0,0,0,0,0,0,0,0,0,0,0,0,0,0,0,2,0,0,0,0,0,0,0,0,0,0,0,0,0,0,0,0,0,0,0,0,5,0,0,0,0,0,0,0,0,5,4,0,0,0,0,0,0,0,0,0,0,0,0,0,0,0,0,0,0,0,0,0,0,0,0,0,0,0,0,0,0,0,0,0,0,0,0,0,0,0,0,0,0,0,0,0,0,0,0,0,0,0,0,0,0,0,0,0
0d5cbd4427d5fa7d19dc5b6aad714116,4.8,0,1,27,14,0,2,1,0,0,0,0,0,0,0,743,1,1,0,0,740,1185,0,0,0,1,0,0,0,0,0,0,0,0,0,0,0,0,0,0,0,0,0,0,0,0,0,1,0,0,0,0,6,1,1,6,1,0,0,0,0,0,0,0,0,0,0,0,0,0,0,0,0,0,0,0,0,0,0,0,0,0,0,0,0,0,0,0,0,0,0,0,0,79,79,0,0,0,0,0,0,0,0,0,0,0,0,0,1,0,0,0,0,0,0,0,0,0,0,0,0,0,0,0,0,0,0,0,79,0,0,0,0,0,0,0,0,0,0,0,0,0,0,0,0,0,0,0,0,0,0,0,0,0,0,0,0,0,0,0,0,0,0,0,0,0,0,0,0,0,0,0,0,0,0,0,0,0,0,0,0,0,0,0,0,0,0,0,0,0,0,0,0,0,0,0,0,0,0,0,0,0,0,0,0,0,0,0,0,0,0,0,0,0,0,0,0,0,0,0,0,0,0,0,0,0,0,0,0,0,0,0,0,0,0,0,0,0,0,0,0,0,0,0,0,0,0,0,0,0,0,0,0,0,0,0,0,0,0,0,0,0,0,0,0,0,0,0,0,0,0,0,0,0,0,0,0,0,0,0,0,0,0,0,0,0,0,0,0,0
0ccd623ef441a62c20a66f822c6d1ab4,2.6,25,25,624,15,5,29,0,6,2,4,0,0,0,2,20,0,6,0,1,2,2,0,0,0,0,0,0,0,0,0,0,2,0,0,0,2,9,0,0,0,0,0,0,0,0,0,0,1,0,0,1,0,0,0,0,0,0,0,0,0,0,0,0,0,2,0,0,0,0,0,0,0,0,0,0,0,0,0,0,0,68,554,11508,0,0,0,0,0,0,0,0,0,24,1,0,9,0,0,0,0,0,0,4,1,1,0,0,0,0,0,0,1,0,0,0,0,0,0,0,0,1,0,0,0,0,0,0,2,0,0,0,0,0,0,0,0,0,1,0,0,0,0,0,0,0,0,0,0,0,33212,0,111,0,0,0,0,0,1,1,0,0,0,0,0,0,0,0,0,0,0,0,0,0,0,0,0,0,0,0,0,0,0,0,0,0,2,0,0,0,0,0,0,0,0,0,0,0,0,0,1,0,0,0,0,0,0,0,0,0,0,0,0,0,0,0,16,0,0,0,0,0,0,0,0,0,0,0,0,0,0,0,0,0,0,0,0,0,0,0,0,0,0,0,0,0,0,0,0,0,0,0,0,0,0,0,0,0,0,0,0,0,0,0,0,0,0,0,0,0,0,0,0,0,0,0,0,0,0,0,0,0,0,0,0,0,0,0,0,0
9e1ef3cdcd5ad9ea7e21b14d6379390f,1.2,0,0,0,0,0,0,0,2,2,2,0,0,0,0,0,0,0,0,0,0,0,0,0,0,0,0,0,0,0,0,0,0,0,0,0,0,0,0,0,0,0,0,0,0,0,0,0,0,0,0,0,0,0,0,1,0,0,0,0,0,0,0,0,0,0,0,0,0,0,0,0,0,0,0,0,0,0,0,0,0,0,0,0,0,0,0,0,0,0,0,0,0,0,0,0,0,0,0,0,0,0,0,0,0,0,0,0,0,0,0,0,0,0,0,0,0,0,0,0,0,3,0,0,0,0,0,0,1,0,0,0,0,0,0,0,0,0,0,0,0,0,0,0,0,0,0,0,0,0,0,0,0,0,0,0,0,0,1,0,0,0,0,0,0,0,0,0,0,0,0,0,0,0,0,0,0,0,0,0,0,0,0,0,0,0,0,0,0,0,0,0,0,0,0,0,5,0,0,0,0,0,0,0,0,0,0,0,0,0,0,0,0,0,0,0,0,0,0,0,0,0,0,0,0,0,0,0,0,0,0,0,0,0,0,0,0,0,0,0,0,0,0,0,0,0,0,0,0,0,0,0,0,0,0,0,0,0,0,0,0,0,0,0,0,0,0,0,0,0,0,0,0,0,0,0,0,0,0,0,0,0,0,0,0,0,0,0,0,0
10bfa92ad422559cce5b5c6028076312,1.2,0,0,0,0,0,0,0,2,2,2,0,0,0,0,0,0,0,0,0,0,0,0,0,0,0,0,0,0,0,0,0,0,0,0,0,0,0,0,0,0,0,0,0,0,0,0,0,0,0,0,0,0,0,0,1,0,0,0,0,0,0,0,0,0,0,0,0,0,0,0,0,0,0,0,0,0,0,0,0,0,0,0,0,0,0,0,0,0,0,0,0,0,0,0,0,0,0,0,0,0,0,0,0,0,0,0,0,0,0,0,0,0,0,0,0,0,0,0,0,0,3,0,0,0,0,0,0,1,0,0,0,0,0,0,0,0,0,0,0,0,0,0,0,0,0,0,0,0,0,0,0,0,0,0,0,0,0,1,0,0,0,0,0,0,0,0,0,0,0,0,0,0,0,0,0,0,0,0,0,0,0,0,0,0,0,0,0,0,0,0,0,0,0,0,0,5,0,0,0,0,0,0,0,0,0,0,0,0,0,0,0,0,0,0,0,0,0,0,0,0,0,0,0,0,0,0,0,0,0,0,0,0,0,0,0,0,0,0,0,0,0,0,0,0,0,0,0,0,0,0,0,0,0,0,0,0,0,0,0,0,0,0,0,0,0,0,0,0,0,0,0,0,0,0,0,0,0,0,0,0,0,0,0,0,0,0,0,0,0
13a85fbaa304a5bb5d24e9e1ce7fcb4d,7.4,1,45,822,106,77,62,10,83,43,189,3,0,195,1,135,0,40,1,0,4,3,0,2,0,0,4,0,0,49,26,6,39008,1,1,12,13,25,0,0,0,4,3,0,0,0,0,0,0,6,0,0,5,0,0,0,4,786,26,568,1,0,0,0,762,2,5,2,16,0,0,0,0,0,1,0,0,0,0,0,0,22,0,0,0,2,0,4,0,0,2,0,0,0,0,2,0,0,0,0,5,0,2,0,0,4,1,0,0,0,0,0,3,0,0,0,3,1,0,0,0,0,15,0,0,0,0,1,0,0,11,0,0,0,0,6,2,0,0,0,0,0,0,0,4,0,0,0,0,0,0,0,0,1,1,0,0,0,18,20,2,4,0,7,3,3,0,0,0,0,0,0,0,3,0,0,0,13,0,0,0,0,0,0,12,8,0,0,0,0,0,0,0,0,0,0,0,0,0,0,0,0,0,0,0,0,3,3,0,0,0,0,0,0,0,0,0,0,0,0,0,0,7,0,0,0,0,0,0,0,0,0,0,0,0,0,0,0,0,0,0,0,0,0,0,0,0,0,0,0,0,0,0,0,0,0,0,0,0,0,0,0,0,0,0,0,0,0,0,0,0,0,0,0,0,0,0,0,0,0,0,0,0,0,0,0,0,0,0,0
14f3035781bb698c37ad287483af569e,1.6,0,15,181,1,0,0,1,0,0,0,1,0,0,0,0,0,0,0,0,0,0,0,0,0,0,0,0,0,0,0,0,0,0,0,1,1,16,0,0,0,0,0,0,0,0,0,0,0,0,0,0,0,0,0,1,0,0,0,0,0,0,0,0,0,0,0,0,0,0,0,0,0,0,0,0,0,0,0,0,0,0,0,0,0,0,0,0,0,0,0,0,0,1,1,0,0,0,0,0,0,0,0,0,0,0,0,0,0,0,0,0,0,0,0,0,0,0,0,0,0,1,0,0,0,0,0,0,1,0,0,0,0,0,0,0,0,0,0,0,0,0,0,0,0,0,0,0,0,0,0,0,0,0,0,0,0,0,0,0,0,0,0,0,0,0,0,0,0,0,0,0,0,0,0,0,0,0,0,0,0,0,0,0,0,0,0,0,0,0,0,0,0,0,0,0,0,0,0,0,0,0,0,0,0,0,0,0,0,0,0,0,0,0,0,0,0,0,0,0,0,0,0,0,0,0,0,0,0,0,0,0,0,0,0,0,0,0,0,0,0,0,0,0,0,0,0,0,0,0,0,0,0,0,0,0,0,0,0,0,0,0,0,0,0,0,0,0,0,0,0,0,0,0,0,0,0,0,0,0,0,0,0,0,0,0,0,0,0,0
22f2b9fba07d7a6ac677990f38e96d30,7.4,1,45,822,107,77,62,9,83,43,188,3,0,193,1,131,0,39,1,0,4,3,0,2,0,0,4,0,0,49,26,6,39007,1,1,12,13,25,0,0,0,4,3,0,0,0,0,0,0,6,0,0,5,0,0,0,4,718,24,522,1,0,0,0,694,2,5,2,16,0,0,0,0,0,1,0,0,0,0,0,0,22,0,0,0,2,0,4,0,0,2,0,0,0,0,2,0,0,0,0,5,0,2,0,0,4,1,0,0,0,0,0,3,0,0,0,3,1,0,0,0,0,15,0,0,0,0,1,0,0,9,0,0,0,0,6,2,0,0,0,0,0,0,0,4,0,0,0,0,0,0,0,0,1,1,0,0,0,17,20,2,4,0,6,3,3,0,0,0,0,0,0,0,3,0,0,0,11,0,0,0,0,0,0,10,8,0,0,0,0,0,0,0,0,0,0,0,0,0,0,0,0,0,0,0,0,3,3,0,0,0,0,0,0,0,0,0,0,0,0,0,0,6,0,0,0,0,0,0,0,0,0,0,0,0,0,0,0,0,0,0,0,0,0,0,0,0,0,0,0,0,0,0,0,0,0,0,0,0,0,0,0,0,0,0,0,0,0,0,0,0,0,0,0,0,0,0,0,0,0,0,0,0,0,0,0,0,0,0,0
0cd5df1834907a59a4d55a71e5d08951,7.4,1,45,822,106,77,62,9,83,43,188,3,0,193,1,132,0,40,1,0,4,3,0,2,0,0,4,0,0,49,26,6,39007,1,1,12,13,25,0,0,0,4,3,0,0,0,0,0,0,6,0,0,5,0,0,0,4,742,25,545,1,0,0,0,717,2,5,2,16,0,0,0,0,0,1,0,0,0,0,0,0,22,0,0,0,2,0,4,0,0,2,0,0,0,0,2,0,0,0,0,5,0,2,0,0,4,1,0,0,0,0,0,3,0,0,0,3,1,0,0,0,0,10,0,0,0,0,1,0,0,9,0,0,0,0,6,2,0,0,0,0,0,0,0,4,0,0,0,0,0,0,0,0,1,1,0,0,0,17,20,2,4,0,6,3,3,0,0,0,0,0,0,0,3,0,0,0,11,0,0,0,0,0,0,10,8,0,0,0,0,0,0,0,0,0,0,0,0,0,0,0,0,0,0,0,0,3,3,0,0,0,0,0,0,0,0,0,0,0,0,0,0,6,0,0,0,0,0,0,0,0,0,0,0,0,0,0,0,0,0,0,0,0,0,0,0,0,0,0,0,0,0,0,0,0,0,0,0,0,0,0,0,0,0,0,0,0,0,0,0,0,0,0,0,0,0,0,0,0,0,0,0,0,0,0,0,0,0,0,0
28c312af7fb4c53f2f6e38c62eeb9c66,7.2,1,45,822,103,77,62,8,83,43,187,3,0,191,1,116,0,38,1,0,4,3,0,2,0,0,4,0,0,47,26,6,39008,1,1,11,12,24,0,0,0,4,3,0,0,0,0,0,0,6,0,0,5,0,0,0,4,566,19,408,1,0,0,0,548,2,5,2,16,0,0,0,0,0,1,0,0,0,0,0,0,22,0,0,0,2,0,4,0,0,2,0,0,0,0,2,0,0,0,0,5,0,2,0,0,4,1,0,0,0,0,0,3,0,0,0,3,1,0,0,0,0,15,0,0,0,0,1,0,0,9,0,0,0,0,6,2,0,0,0,0,0,0,0,4,0,0,0,0,0,0,0,0,1,1,0,0,0,16,20,2,4,0,5,3,3,0,0,0,0,0,0,0,3,0,0,0,9,0,0,0,0,0,0,8,8,0,0,0,0,0,0,0,0,0,0,0,0,0,0,0,0,0,0,0,0,3,3,0,0,0,0,0,0,0,0,0,0,0,0,0,0,5,0,0,0,0,0,0,0,0,0,0,0,0,0,0,0,0,0,0,0,0,0,0,0,0,0,0,0,0,0,0,0,0,0,0,0,0,0,0,0,0,0,0,0,0,0,0,0,0,0,0,0,0,0,0,0,0,0,0,0,0,0,0,0,0,0,0,0
29b77b033d3ac00b0139716b35bbd410,1.2,0,0,0,0,0,0,0,2,2,2,0,0,0,0,0,0,0,0,0,0,0,0,0,0,0,0,0,0,0,0,0,0,0,0,0,0,0,0,0,0,0,0,0,0,0,0,0,0,0,0,0,0,0,0,1,0,0,0,0,0,0,0,0,0,0,0,0,0,0,0,0,0,0,0,0,0,0,0,0,0,0,0,0,0,0,0,0,0,0,0,0,0,0,0,0,0,0,0,0,0,0,0,0,0,0,0,0,0,0,0,0,0,0,0,0,0,0,0,0,0,3,0,0,0,0,0,0,1,0,0,0,0,0,0,0,0,0,0,0,0,0,0,0,0,0,0,0,0,0,0,0,0,0,0,0,0,0,1,0,0,0,0,0,0,0,0,0,0,0,0,0,0,0,0,0,0,0,0,0,0,0,0,0,0,0,0,0,0,0,0,0,0,0,0,0,5,0,0,0,0,0,0,0,0,0,0,0,0,0,0,0,0,0,0,0,0,0,0,0,0,0,0,0,0,0,0,0,0,0,0,0,0,0,0,0,0,0,0,0,0,0,0,0,0,0,0,0,0,0,0,0,0,0,0,0,0,0,0,0,0,0,0,0,0,0,0,0,0,0,0,0,0,0,0,0,0,0,0,0,0,0,0,0,0,0,0,0,0,0
32e3492082ec74d0c6238fb77284f894,1.2,0,0,0,0,0,0,0,2,2,2,0,0,0,0,0,0,0,0,0,0,0,0,0,0,0,0,0,0,0,0,0,0,0,0,0,0,0,0,0,0,0,0,0,0,0,0,0,0,0,0,0,0,0,0,1,0,0,0,0,0,0,0,0,0,0,0,0,0,0,0,0,0,0,0,0,0,0,0,0,0,0,0,0,0,0,0,0,0,0,0,0,0,0,0,0,0,0,0,0,0,0,0,0,0,0,0,0,0,0,0,0,0,0,0,0,0,0,0,0,0,3,0,0,0,0,0,0,1,0,0,0,0,0,0,0,0,0,0,0,0,0,0,0,0,0,0,0,0,0,0,0,0,0,0,0,0,0,1,0,0,0,0,0,0,0,0,0,0,0,0,0,0,0,0,0,0,0,0,0,0,0,0,0,0,0,0,0,0,0,0,0,0,0,0,0,5,0,0,0,0,0,0,0,0,0,0,0,0,0,0,0,0,0,0,0,0,0,0,0,0,0,0,0,0,0,0,0,0,0,0,0,0,0,0,0,0,0,0,0,0,0,0,0,0,0,0,0,0,0,0,0,0,0,0,0,0,0,0,0,0,0,0,0,0,0,0,0,0,0,0,0,0,0,0,0,0,0,0,0,0,0,0,0,0,0,0,0,0,0
35c883cea7a75c129281bd485b07934c,7.4,1,45,822,107,77,62,10,83,43,189,3,0,195,1,134,0,40,1,0,4,3,0,2,0,0,4,0,0,49,26,6,39008,1,1,12,13,25,0,0,0,4,3,0,0,0,0,0,0,6,0,0,5,0,0,0,4,751,25,545,1,0,0,0,728,2,5,2,16,0,0,0,0,0,1,0,0,0,0,0,0,22,0,0,0,2,0,4,0,0,2,0,0,0,0,2,0,0,0,0,5,0,2,0,0,4,1,0,0,0,0,0,3,0,0,0,3,1,0,0,0,0,15,0,0,0,0,1,0,0,11,0,0,0,0,6,2,0,0,0,0,0,0,0,4,0,0,0,0,0,0,0,0,1,1,0,0,0,18,20,2,4,0,7,3,3,0,0,0,0,0,0,0,3,0,0,0,13,0,0,0,0,0,0,12,8,0,0,0,0,0,0,0,0,0,0,0,0,0,0,0,0,0,0,0,0,3,3,0,0,0,0,0,0,0,0,0,0,0,0,0,0,7,0,0,0,0,0,0,0,0,0,0,0,0,0,0,0,0,0,0,0,0,0,0,0,0,0,0,0,0,0,0,0,0,0,0,0,0,0,0,0,0,0,0,0,0,0,0,0,0,0,0,0,0,0,0,0,0,0,0,0,0,0,0,0,0,0,0,0
38a980047078015cac22b408a1ae4878,7.4,1,45,822,105,77,62,9,83,43,188,3,0,193,1,121,0,39,1,0,4,3,0,2,0,0,4,0,0,49,26,6,39008,1,1,12,13,25,0,0,0,4,3,0,0,0,0,0,0,6,0,0,5,0,0,0,4,655,22,476,1,0,0,0,634,2,5,2,16,0,0,0,0,0,1,0,0,0,0,0,0,22,0,0,0,2,0,4,0,0,2,0,0,0,0,2,0,0,0,0,5,0,2,0,0,4,1,0,0,0,0,0,3,0,0,0,3,1,0,0,0,0,15,0,0,0,0,1,0,0,9,0,0,0,0,6,2,0,0,0,0,0,0,0,4,0,0,0,0,0,0,0,0,1,1,0,0,0,17,20,2,4,0,6,3,3,0,0,0,0,0,0,0,3,0,0,0,11,0,0,0,0,0,0,10,8,0,0,0,0,0,0,0,0,0,0,0,0,0,0,0,0,0,0,0,0,3,3,0,0,0,0,0,0,0,0,0,0,0,0,0,0,6,0,0,0,0,0,0,0,0,0,0,0,0,0,0,0,0,0,0,0,0,0,0,0,0,0,0,0,0,0,0,0,0,0,0,0,0,0,0,0,0,0,0,0,0,0,0,0,0,0,0,0,0,0,0,0,0,0,0,0,0,0,0,0,0,0,0,0
40d8c18ed3a1f1f84ea0a43afa5723df,7.4,1,45,822,107,77,62,10,83,43,189,3,0,195,1,135,0,40,1,0,4,3,0,2,0,0,4,0,0,49,26,6,39008,1,1,12,13,25,0,0,0,4,3,0,0,0,0,0,0,6,0,0,5,0,0,0,4,775,26,568,1,0,0,0,751,2,5,2,16,0,0,0,0,0,1,0,0,0,0,0,0,22,0,0,0,2,0,4,0,0,2,0,0,0,0,2,0,0,0,0,5,0,2,0,0,4,1,0,0,0,0,0,3,0,0,0,3,1,0,0,0,0,15,0,0,0,0,1,0,0,11,0,0,0,0,6,2,0,0,0,0,0,0,0,4,0,0,0,0,0,0,0,0,1,1,0,0,0,18,20,2,4,0,7,3,3,0,0,0,0,0,0,0,3,0,0,0,13,0,0,0,0,0,0,12,8,0,0,0,0,0,0,0,0,0,0,0,0,0,0,0,0,0,0,0,0,3,3,0,0,0,0,0,0,0,0,0,0,0,0,0,0,7,0,0,0,0,0,0,0,0,0,0,0,0,0,0,0,0,0,0,0,0,0,0,0,0,0,0,0,0,0,0,0,0,0,0,0,0,0,0,0,0,0,0,0,0,0,0,0,0,0,0,0,0,0,0,0,0,0,0,0,0,0,0,0,0,0,0,0
0cd5fd6f5e1dfdbe73100fa13f9f92be,1.4,0,5,143,1,0,0,0,0,0,0,0,0,0,0,0,0,1,0,0,0,0,0,0,0,0,0,0,0,0,0,0,0,0,0,0,0,2,0,0,0,0,0,0,0,0,0,0,0,0,0,0,0,0,0,0,0,0,0,0,0,0,0,0,1,0,0,0,0,0,0,0,0,0,0,0,0,0,0,0,0,0,0,0,0,0,0,0,0,0,0,0,0,0,0,0,0,0,0,0,0,0,0,0,0,0,0,0,0,0,0,0,0,0,0,0,0,0,0,0,0,0,0,0,0,0,0,0,0,0,0,0,0,0,0,0,0,0,0,0,0,0,0,0,0,0,0,0,0,0,0,0,0,0,0,0,0,0,0,0,0,0,0,0,0,0,0,0,0,0,0,0,0,0,0,0,0,0,0,0,0,0,0,0,0,0,0,0,0,0,0,0,0,0,0,0,0,0,0,0,0,0,0,0,0,0,0,0,0,0,0,0,0,0,0,0,0,0,0,0,0,0,0,0,0,0,0,0,0,0,0,0,0,0,0,0,0,0,0,0,0,0,0,0,0,0,0,0,0,0,0,0,0,0,0,0,0,0,0,0,0,0,0,0,0,0,0,0,0,0,0,0,0,0,0,0,0,0,0,0,0,0,0,0,0,0,0,0,0,0
43fe623fb4af6297e19b836c94112294,7.2,1,45,822,105,77,62,8,83,43,187,3,0,191,1,117,0,37,1,0,4,3,0,3,0,0,4,0,0,47,26,6,39008,1,1,11,12,24,0,0,0,4,3,0,0,0,0,0,0,6,0,0,5,0,0,0,4,573,19,408,1,0,0,0,556,2,5,2,16,0,0,0,0,0,1,0,0,0,0,0,0,22,0,0,0,2,0,4,0,0,2,0,0,0,0,2,0,0,0,0,5,0,2,0,0,4,1,0,0,0,0,0,3,0,0,0,3,1,0,0,0,0,15,0,0,0,0,1,0,0,9,0,0,0,0,6,2,0,0,0,0,0,0,0,4,0,0,0,0,0,0,0,0,1,1,0,0,0,16,20,2,4,0,5,3,3,0,0,0,0,0,0,0,3,0,0,0,9,0,0,0,0,0,0,8,8,0,0,0,0,0,0,0,0,0,0,0,0,0,0,0,0,0,0,0,0,3,3,0,0,0,0,0,0,0,0,0,0,0,0,0,0,5,0,0,0,0,0,0,0,0,0,0,0,0,0,0,0,0,0,0,0,0,0,0,0,0,0,0,0,0,0,0,0,0,0,0,0,0,0,0,0,0,0,0,0,0,0,0,0,0,0,0,0,0,0,0,0,0,0,0,0,0,0,0,0,0,0,0,0
51f815f5082dcdbbc3ce3ef7a4455f2f,7.6,1,45,822,103,77,62,8,83,43,187,3,0,191,1,118,0,37,1,0,4,3,0,3,0,0,4,0,0,47,26,6,39008,1,1,11,12,24,0,0,0,4,3,0,0,0,0,0,0,6,0,0,5,0,0,0,4,582,20,430,1,0,0,0,563,2,5,2,16,0,0,0,0,0,1,0,0,0,0,0,0,22,0,0,0,2,0,4,0,0,2,0,0,0,0,2,0,0,0,0,5,0,2,0,0,4,1,0,0,0,0,0,3,0,0,0,3,1,0,0,0,0,10,0,0,0,0,1,0,0,9,0,0,0,0,6,2,0,0,0,0,0,0,0,4,0,0,0,0,0,0,0,0,1,1,0,0,0,16,20,2,4,0,5,3,3,0,0,0,0,0,0,0,3,0,0,0,9,0,0,0,0,0,0,8,8,0,0,0,0,0,0,0,0,0,0,0,0,0,0,0,0,0,0,0,0,3,3,0,0,0,0,0,0,0,0,0,0,0,0,0,0,5,0,0,0,0,0,0,0,0,0,0,0,0,0,0,0,0,0,0,0,0,0,0,0,0,0,0,0,0,0,0,0,0,0,0,0,0,0,0,0,0,0,0,0,0,0,0,0,0,0,0,0,0,0,0,0,0,0,0,0,0,0,0,0,0,0,0,0
53a2fdf7bb256fc52eb9c96e4c4abced,1.2,0,0,0,0,0,0,0,2,2,2,0,0,0,0,0,0,0,0,0,0,0,0,0,0,0,0,0,0,0,0,0,0,0,0,0,0,0,0,0,0,0,0,0,0,0,0,0,0,0,0,0,0,0,0,1,0,0,0,0,0,0,0,0,0,0,0,0,0,0,0,0,0,0,0,0,0,0,0,0,0,0,0,0,0,0,0,0,0,0,0,0,0,0,0,0,0,0,0,0,0,0,0,0,0,0,0,0,0,0,0,0,0,0,0,0,0,0,0,0,0,3,0,0,0,0,0,0,1,0,0,0,0,0,0,0,0,0,0,0,0,0,0,0,0,0,0,0,0,0,0,0,0,0,0,0,0,0,1,0,0,0,0,0,0,0,0,0,0,0,0,0,0,0,0,0,0,0,0,0,0,0,0,0,0,0,0,0,0,0,0,0,0,0,0,0,5,0,0,0,0,0,0,0,0,0,0,0,0,0,0,0,0,0,0,0,0,0,0,0,0,0,0,0,0,0,0,0,0,0,0,0,0,0,0,0,0,0,0,0,0,0,0,0,0,0,0,0,0,0,0,0,0,0,0,0,0,0,0,0,0,0,0,0,0,0,0,0,0,0,0,0,0,0,0,0,0,0,0,0,0,0,0,0,0,0,0,0,0,0
53a644c50a31200f66db1ef53f2a1580,7.8,1,45,822,107,77,62,9,83,43,188,3,0,193,1,128,0,40,1,0,4,3,0,2,0,0,4,0,0,49,26,6,39008,1,1,12,13,25,0,0,0,4,3,0,0,0,0,0,0,6,0,0,5,0,0,0,4,661,22,476,1,0,0,0,640,2,5,2,16,0,0,0,0,0,1,0,0,0,0,0,0,22,0,0,0,2,0,4,0,0,2,0,0,0,0,2,0,0,0,0,5,0,2,0,0,4,1,0,0,0,0,0,3,0,0,0,3,1,0,0,0,0,10,0,0,0,0,1,0,0,9,0,0,0,0,6,2,0,0,0,0,0,0,0,4,0,0,0,0,0,0,0,0,1,1,0,0,0,17,20,2,4,0,6,3,3,0,0,0,0,0,0,0,3,0,0,0,11,0,0,0,0,0,0,10,8,0,0,0,0,0,0,0,0,0,0,0,0,0,0,0,0,0,0,0,0,3,3,0,0,0,0,0,0,0,0,0,0,0,0,0,0,6,0,0,0,0,0,0,0,0,0,0,0,0,0,0,0,0,0,0,0,0,0,0,0,0,0,0,0,0,0,0,0,0,0,0,0,0,0,0,0,0,0,0,0,0,0,0,0,0,0,0,0,0,0,0,0,0,0,0,0,0,0,0,0,0,0,0,0
53c11f4593a525dcdec94cc0dd9abab4,7.2,1,45,822,103,77,62,8,83,43,187,3,0,191,1,116,0,38,1,0,4,3,0,3,0,0,4,0,0,47,26,6,39008,1,1,11,12,24,0,0,0,4,3,0,0,0,0,0,0,6,0,0,5,0,0,0,4,529,18,386,1,0,0,0,512,2,5,2,16,0,0,0,0,0,1,0,0,0,0,0,0,22,0,0,0,2,0,4,0,0,2,0,0,0,0,2,0,0,0,0,5,0,2,0,0,4,1,0,0,0,0,0,3,0,0,0,3,1,0,0,0,0,15,0,0,0,0,1,0,0,9,0,0,0,0,6,2,0,0,0,0,0,0,0,4,0,0,0,0,0,0,0,0,1,1,0,0,0,16,20,2,4,0,5,3,3,0,0,0,0,0,0,0,3,0,0,0,9,0,0,0,0,0,0,8,8,0,0,0,0,0,0,0,0,0,0,0,0,0,0,0,0,0,0,0,0,3,3,0,0,0,0,0,0,0,0,0,0,0,0,0,0,5,0,0,0,0,0,0,0,0,0,0,0,0,0,0,0,0,0,0,0,0,0,0,0,0,0,0,0,0,0,0,0,0,0,0,0,0,0,0,0,0,0,0,0,0,0,0,0,0,0,0,0,0,0,0,0,0,0,0,0,0,0,0,0,0,0,0,0
54b8ac97515aca827451007c9367f1f7,7.4,1,45,822,106,77,62,10,83,43,189,3,0,195,1,136,0,40,1,0,4,3,0,2,0,0,4,0,0,49,26,6,39007,1,1,12,13,25,0,0,0,4,3,0,0,0,0,0,0,6,0,0,5,0,0,0,4,811,27,591,1,0,0,0,786,2,5,2,16,0,0,0,0,0,1,0,0,0,0,0,0,22,0,0,0,2,0,4,0,0,2,0,0,0,0,2,0,0,0,0,5,0,2,0,0,4,1,0,0,0,0,0,3,0,0,0,3,1,0,0,0,0,15,0,0,0,0,1,0,0,11,0,0,0,0,6,2,0,0,0,0,0,0,0,4,0,0,0,0,0,0,0,0,1,1,0,0,0,18,20,2,4,0,7,3,3,0,0,0,0,0,0,0,3,0,0,0,13,0,0,0,0,0,0,12,8,0,0,0,0,0,0,0,0,0,0,0,0,0,0,0,0,0,0,0,0,3,3,0,0,0,0,0,0,0,0,0,0,0,0,0,0,7,0,0,0,0,0,0,0,0,0,0,0,0,0,0,0,0,0,0,0,0,0,0,0,0,0,0,0,0,0,0,0,0,0,0,0,0,0,0,0,0,0,0,0,0,0,0,0,0,0,0,0,0,0,0,0,0,0,0,0,0,0,0,0,0,0,0,0
c307b109901ca566d4244eb319d642de,2.6,0,57,403,422,5,187,41,185,267,130,150,3,2,11,220,13,205,0,3,20,47,3,7,0,4,4,3,2,4,35,70,42,0,20,8,2,108,1,3,0,2,2,3,125,0,0,2,0,5,2,1,0,0,0,2,10,0,0,0,0,6,2,2,10,4,0,0,0,0,0,0,0,0,1,0,39,38,0,0,0,0,0,0,0,10,0,0,0,0,0,0,0,11,14,6,0,0,0,0,46,33,0,10,22,22,2,0,3,0,0,0,16,8,0,0,12,0,0,0,38,0,0,0,0,0,0,0,28,0,2,7,0,0,1,0,12,10,0,0,0,1,2,2,0,0,0,0,0,1,0,0,0,2,0,0,0,0,1,1,0,0,0,0,0,0,0,0,0,0,0,0,0,2,0,0,0,0,0,0,0,0,0,0,0,0,3,0,0,0,0,0,0,0,0,0,0,0,0,0,0,1,0,0,0,0,0,0,0,0,0,0,0,0,0,0,0,0,0,0,0,0,0,0,0,0,0,2,17657,3,0,0,0,0,0,1,0,0,0,0,0,0,0,0,0,0,0,0,0,0,0,0,0,0,0,0,0,0,0,0,0,0,0,0,0,0,0,0,0,0,0,0,0,0,0,0,0,0,0,0,0,0,0,0,0,0,0,0,0,0
c0785f417aaf685af51c1212a0aa955c,2.6,4,52,454,445,3,74,27,115,193,71,92,2,2,8,122,17,231,0,1,6,16,1,2,0,2,2,0,1,2,23,56,42,0,10,5,3,64,1,1,0,20,2,0,25,0,0,1,0,3,0,1,0,0,0,0,4,0,0,0,0,0,0,0,0,3,0,0,0,0,0,0,0,0,15,0,122,120,0,0,0,2241,25,0,0,5,0,0,0,0,0,0,0,12,14,6,757,0,0,0,30,19,0,5,24,24,1,0,2,74,1,0,9,0,0,0,25,0,0,0,21,0,0,0,0,0,0,0,28,1,2,4,0,0,0,31,6,5,0,0,0,0,1,1,0,0,0,0,0,1,0,0,0,1,0,0,0,0,1,1,0,0,0,0,0,0,0,0,0,0,0,0,0,2,0,0,0,0,0,0,0,0,0,0,0,0,3,0,0,0,0,0,0,0,0,0,0,0,0,0,0,0,0,0,0,0,0,0,0,0,0,0,0,0,0,0,0,0,0,0,0,0,0,0,0,0,0,0,0,0,0,0,0,0,0,0,0,0,0,0,0,0,0,0,0,0,0,0,0,0,0,0,0,0,0,0,0,0,0,0,0,0,0,0,0,0,0,0,0,0,0,0,0,0,0,0,0,0,0,0,0,0,0,0,0,0,0,0,0,0
c4828afdd0e365d9a699c83aa93f0137,1.2,0,0,0,0,0,0,0,0,0,0,0,0,0,0,0,0,0,0,0,0,0,0,0,0,0,0,0,0,0,0,0,0,0,0,0,0,0,0,0,0,0,0,0,0,0,0,0,0,0,0,0,0,0,0,0,0,0,0,0,0,0,0,0,0,0,0,0,0,0,0,0,0,0,0,0,0,0,0,0,0,0,0,0,0,0,0,0,0,0,0,0,0,0,0,0,0,0,0,0,0,0,0,0,0,0,0,0,0,0,0,0,0,0,0,0,0,0,0,0,0,1,0,0,0,0,0,0,0,0,0,0,0,0,0,0,0,0,0,0,0,0,0,0,0,0,0,0,0,0,0,0,0,0,0,0,0,0,0,0,0,0,0,0,0,0,0,0,0,0,0,0,0,0,0,0,0,0,0,0,0,0,0,0,0,0,0,0,0,0,0,0,0,0,0,0,0,0,0,0,0,0,0,0,0,0,0,0,0,0,0,0,0,0,0,0,0,0,0,0,0,0,0,0,0,0,0,0,0,0,0,0,0,0,0,0,0,0,0,0,0,0,0,0,0,0,0,0,0,0,0,0,0,0,0,0,0,0,0,0,0,0,0,0,0,0,0,0,0,0,0,0,0,0,0,0,0,0,0,0,0,0,0,0,0,0,0,0,0,0
c5938b91184c188fb5ced8738bcfa2f3,11.6,47,114,689,545,35,333,198,914,1218,744,8,2,34,9,896,66,85,0,0,60,662,0,34,0,0,35,4,4,64,74,67,145,24,200,10,6,25,12,33,1,23,4,9,115,28,0,6,2,0,10,2,393,0,0,12,28,0,0,0,111,0,0,0,459,132,9,52,0,0,0,0,0,0,0,0,429,299,0,20,649,5658,629,366,36,173,0,2,2,9,134,11,113,177,135,8,383,15,1,0,48,96,1,16,39,78,2,10,2,2,1,0,24,8,0,0,7,43,10,1325,0,114,0,0,0,0,0,8,48,1,15,11,2,0,1,5,5,10,2,0,0,0,0,0,0,0,0,0,0,5,1,0,96,0,1,1,2,0,16,27,0,0,0,0,0,0,0,0,0,0,7,0,0,8,0,0,0,0,0,0,0,0,0,0,0,0,14,0,0,0,0,0,0,0,0,0,0,0,0,0,0,0,0,6,0,0,3,1,0,0,0,0,0,3,0,1,22,0,0,0,0,0,0,0,0,0,0,0,0,0,0,0,0,0,0,0,0,0,0,0,0,0,0,0,0,0,0,0,0,1,0,0,0,0,0,0,0,0,0,0,0,0,0,0,0,0,0,0,0,0,0,0,0,0,0,0,1,0,0,0,0,0,0,0,0,0,0,0,0,0
c71929da3ea3da497f1f89199c77d1ac,2.8,0,0,4,9,0,2,1,0,0,0,0,0,0,0,13,0,1,0,0,0,0,0,0,0,0,0,0,0,0,0,0,8,0,25,0,0,0,0,0,0,0,0,1,1,0,0,0,0,0,0,1,0,0,0,3,0,0,0,0,0,0,1,23,1,0,0,0,0,0,0,0,0,0,0,0,0,0,0,0,0,0,0,0,0,0,0,0,0,0,0,0,0,0,0,0,0,0,0,0,6,0,0,0,0,0,0,0,1,0,0,0,0,0,0,3,0,0,0,0,0,0,0,0,0,0,0,1,0,0,0,0,0,0,0,0,0,0,0,0,0,0,0,0,1,0,0,0,0,0,0,0,0,0,0,0,0,0,0,0,0,0,0,0,6,5,0,0,0,0,0,0,0,0,0,0,0,0,0,0,0,0,0,0,0,0,0,0,0,0,0,0,0,0,0,0,0,0,0,1,0,1,0,0,0,0,0,0,0,0,0,663,0,0,0,0,0,0,0,0,0,0,0,0,0,0,0,0,0,0,0,0,0,0,0,0,0,0,0,0,0,0,0,0,0,0,0,0,0,0,0,0,0,0,0,0,0,0,0,0,0,0,0,0,0,0,1,1,0,0,0,0,0,0,0,0,0,0,0,0,0,0,0,0,0,0,0,0,0,0
148891362ae542a3163d37bceface0de,3.6,12,55,283,452,2,30,127,12,5,22,4,0,4,1,412,10,223,0,2,20,296,1,8,0,0,0,4,1,2,15,8,45,1,159,3,0,0,0,3,0,6,0,8,34,1,0,0,0,1,2,24,0,0,0,3,19,1,1,38,0,0,0,0,309,3,0,5,0,0,0,13,0,0,1,0,329,234,0,18,0,14,0,0,0,1,0,0,0,0,1,12,1,13,0,2,0,2,0,0,33,30,2,1,4,7,2,1,1,0,11,0,6,8,0,24,3,223,0,311,0,0,0,0,0,0,0,0,0,0,3,0,0,0,0,0,0,0,0,0,0,0,0,0,0,0,0,0,0,0,0,0,0,0,0,0,0,0,2,7,0,0,0,1,2,2,1,0,0,0,2,0,0,6,1,0,0,4,0,0,2,0,1,0,1,0,0,0,0,0,0,0,0,0,0,0,0,0,0,0,0,0,0,10,1,0,0,0,0,0,0,0,0,0,0,0,0,0,0,0,0,0,0,0,0,0,0,0,0,0,0,0,0,0,0,1,0,0,0,0,0,0,0,0,0,0,0,0,0,0,0,0,0,0,0,0,0,0,0,0,0,0,0,0,0,0,0,0,0,0,0,0,0,0,0,0,0,0,0,0,0,0,0,0,0,0,0,0,0,0
12224937103c1d0fa3efd808bc491c4e,3.4,140,87,385,123,230,33,404,479,215,686,5,0,25,10,3646,180,93,0,1,136,2852,1,113,0,0,66,6,2,153,96,38,314,34,1381,56,16,4,11,7,11,23,42,3,252,39,0,1,0,4,10,0,0,0,0,2,72,0,0,0,0,0,0,0,125,212,0,106,6,0,0,0,0,0,1,0,4685,3253,12,16,35,2666,387,26,29,59,0,1,1,21,207,31,108,245,84,9,270,66,0,6,68,150,3,78,94,191,0,13,1,29,8,30,15,16,5,40,67,252,6,0,0,0,0,0,0,2,0,0,2,5,5,0,0,0,1,26,3,3,0,0,0,0,0,0,4,0,0,14,0,0,0,0,70,0,0,1,7,0,236,236,0,0,0,0,2,2,0,0,0,1,38,4,0,40,0,0,0,0,0,0,2,0,0,0,0,0,0,26,8,0,0,0,0,0,0,0,0,0,0,0,0,0,0,15,0,0,0,51,0,0,0,0,0,2,0,0,0,0,0,0,1,0,0,0,6,0,0,0,0,0,4,0,0,0,0,0,0,0,0,0,0,0,0,0,0,0,0,0,0,1,0,0,0,0,0,0,0,0,0,0,0,0,0,0,0,0,0,0,0,0,0,0,0,0,0,0,0,0,0,0,0,0,0,0,0,0,0,0,0,0
73555509028ef8d62f50b1a57ad3c809,2.6,2,46,386,190,3,138,28,110,208,87,95,2,2,8,229,25,66,0,2,15,30,2,7,0,2,2,3,2,2,14,67,46,0,19,6,1,68,1,1,0,20,2,3,19,0,0,2,0,4,0,2,0,0,0,2,13,0,0,0,0,0,0,0,10,2,0,0,0,0,0,0,0,0,1,0,32,30,0,0,0,60,0,0,0,2,0,0,0,0,0,0,0,12,14,3,5,0,0,0,31,20,0,0,24,24,1,0,2,74,1,0,14,8,0,6,27,0,0,0,23,0,0,0,0,0,0,0,28,0,2,5,0,0,1,31,6,5,0,0,0,1,1,1,0,0,0,0,0,1,0,0,0,1,0,0,0,0,1,1,0,0,0,0,0,0,0,0,0,0,0,0,0,2,0,0,0,0,0,0,0,0,0,0,0,0,3,0,0,0,0,0,0,0,0,0,0,0,0,0,0,0,0,0,0,0,0,0,0,0,0,0,0,0,0,0,0,0,0,0,0,0,0,0,0,0,0,0,0,0,0,0,0,0,0,0,0,0,0,0,0,0,0,0,0,0,0,0,0,0,0,0,0,0,0,0,0,0,0,0,0,0,0,0,0,0,0,0,0,0,0,0,0,0,0,0,0,0,0,0,0,0,0,0,0,0,0,0,0,0
a3d0856589da38ef3acb65e0e06df850,1.8,61,39,253,54,18,22,13,419,207,306,0,0,18,1,151,2,9,0,0,36,220,0,1,0,0,0,0,0,0,0,0,3,0,44,6,3,4,0,0,0,1,0,0,0,0,0,0,0,2,4,0,0,0,0,0,5,0,0,0,0,0,0,0,0,7,0,8,0,0,0,0,0,0,1,0,171,131,10,4,80,265,128,17,0,32,0,0,0,0,5,12,1,58,0,4,24,0,0,2,3,0,2,4,3,6,0,0,0,7,5,30,2,0,0,0,0,42,0,0,0,0,0,0,0,2,0,0,0,2,4,0,0,0,0,0,3,3,0,0,0,0,0,0,0,0,0,14,0,0,0,0,0,0,0,0,0,0,0,0,0,0,0,0,2,2,0,0,0,0,0,2,0,0,0,0,1,0,0,0,2,0,0,0,0,0,0,26,8,0,0,0,0,0,0,0,0,0,0,0,0,0,0,15,0,0,0,0,0,0,0,0,0,0,0,0,0,0,0,0,0,0,0,0,0,0,0,0,0,0,0,0,0,0,0,0,0,0,0,0,0,0,0,0,0,0,0,0,0,0,0,0,0,0,0,0,0,0,0,0,0,0,0,0,0,0,0,0,0,0,0,0,0,0,0,0,0,0,0,0,0,0,0,0,0,0,0,0,0,0
a7a3dbf9dd16606262d647c7d5814be1,7.2,15,75,282,99,13,53,9,35,3,20,5,1,7,2,124,8,16,1,0,26,27,0,2,0,1,0,0,1,0,39,92,7,0,16,2,0,8,1,0,0,4,5,3,23,0,0,3,0,0,0,1,0,1,1,9,9,0,0,0,0,0,0,0,211,0,0,0,0,0,1,0,0,0,0,0,7,7,0,0,1,85,0,2,0,1,0,0,0,0,1,0,6,30,19,5,1,0,0,0,13,3,0,0,3,4,0,0,2,0,0,0,7,0,0,0,1,18,2,0,0,5,0,0,0,2,3,0,35,2,1,0,0,0,0,2,0,0,0,0,0,0,0,0,0,1,0,0,0,2,0,0,2,0,0,0,0,0,2,1,0,0,0,0,0,0,0,0,0,0,0,0,0,2,0,0,0,0,0,0,0,0,0,0,0,0,3,0,0,0,0,0,0,0,0,0,98,0,0,0,2,0,0,0,0,0,0,1,0,0,0,0,0,0,0,0,0,0,0,20,0,0,0,1,0,0,0,0,0,0,0,0,0,0,0,0,0,0,0,0,0,0,0,0,0,0,0,0,0,0,0,0,0,0,0,0,0,0,0,0,0,0,0,0,0,0,0,0,0,0,0,0,0,0,0,0,0,0,0,0,0,0,0,0,0,0,0,0,0,0
a7c33bf6cbd0079e4d07d9ead4453ed6,10.0,0,35,334,99,5,188,16,101,144,69,74,2,4,9,224,11,10,0,2,18,23,1,3,0,3,2,0,1,2,35,62,27,0,10,8,1,15,1,1,0,4,4,5,21,0,0,3,0,4,0,1,10,1,1,12,12,1,0,12,0,4,0,0,3,2,101,0,0,0,0,0,0,0,1,0,13,18,0,0,0,0,0,0,0,8,0,0,0,0,0,0,0,15,19,3,0,0,0,0,11,3,0,5,15,15,1,0,3,0,0,0,8,0,0,0,8,0,2,0,21,2,1,0,0,0,0,0,36,0,0,5,0,0,0,0,12,7,0,0,0,1,0,1,0,0,0,0,0,2,0,0,0,1,0,0,0,0,1,1,0,0,0,0,0,0,0,0,0,0,0,0,0,2,0,0,0,0,0,0,0,0,0,0,0,0,3,0,0,0,0,0,0,0,0,0,0,0,0,0,0,0,0,0,0,0,0,1,0,0,0,0,0,0,0,0,0,0,0,0,0,0,0,0,0,0,0,0,2,2,0,0,0,0,0,1,0,0,0,0,0,0,0,0,0,0,0,0,0,0,0,0,0,0,0,0,0,0,0,0,0,0,0,0,0,0,0,0,0,0,0,0,0,0,0,0,0,0,0,0,0,0,0,0,0,0,0,0,0,0
0e2f4c29866168b70b1d66c288cd3b9b,7.4,1,45,822,104,77,62,10,83,43,189,3,0,195,1,135,0,38,1,0,4,3,0,2,0,0,4,0,0,49,26,6,39007,1,1,12,13,25,0,0,0,4,3,0,0,0,0,0,0,6,0,0,5,0,0,0,4,802,26,568,1,0,0,0,777,2,5,2,16,0,0,0,0,0,1,0,0,0,0,0,0,22,0,0,0,2,0,4,0,0,2,0,0,0,0,2,0,0,0,0,5,0,2,0,0,4,1,0,0,0,0,0,3,0,0,0,3,1,0,0,0,0,10,0,0,0,0,1,0,0,11,0,0,0,0,6,2,0,0,0,0,0,0,0,4,0,0,0,0,0,0,0,0,1,1,0,0,0,18,20,2,4,0,7,3,3,0,0,0,0,0,0,0,3,0,0,0,13,0,0,0,0,0,0,12,8,0,0,0,0,0,0,0,0,0,0,0,0,0,0,0,0,0,0,0,0,3,3,0,0,0,0,0,0,0,0,0,0,0,0,0,0,7,0,0,0,0,0,0,0,0,0,0,0,0,0,0,0,0,0,0,0,0,0,0,0,0,0,0,0,0,0,0,0,0,0,0,0,0,0,0,0,0,0,0,0,0,0,0,0,0,0,0,0,0,0,0,0,0,0,0,0,0,0,0,0,0,0,0,0
a9ac8ba20b970d019ba77afed8cf50f9,9.4,2,108,677,219,44,198,18,320,441,282,105,2,110,9,343,41,34,1,2,27,28,1,17,1,4,4,0,2,39,23,86,48,1,27,35,3,20,1,5,0,6,4,5,61,0,0,3,0,12,7,1,5,1,1,12,41,1,0,12,0,1,0,0,436,7,22,26,0,0,0,0,0,0,7,0,13,16,0,0,9,107,0,0,0,47,0,3,3,0,3,0,1,17,19,3,13,0,0,0,13,3,4,5,18,47,2,0,5,0,0,0,9,0,0,4,11,10,2,0,43,3,9,2,0,0,0,0,37,0,6,4,0,0,0,6,7,4,0,0,0,1,0,1,0,0,0,0,0,2,0,0,1,1,0,0,0,0,4,6,0,0,0,0,0,0,0,0,0,0,0,0,0,2,0,0,0,0,0,0,0,0,0,0,0,19,4,0,0,0,0,0,0,0,0,0,0,0,0,0,0,0,0,0,0,0,0,1,0,0,0,0,0,0,0,0,0,0,0,0,0,0,0,0,0,0,0,0,0,0,0,0,0,0,0,1,0,0,0,0,0,0,0,0,0,0,0,0,0,0,0,1,0,0,0,0,0,0,0,0,0,0,0,0,0,0,0,0,0,0,0,0,0,0,0,0,0,0,0,0,0,0,0,0,0,0,0,0,0,0
a9e662104e3954c8bb0b02c6dae0e3f3,3.0,3,39,274,1069,3,114,15,75,134,52,68,3,3,7,82,5,58,0,986,11,17,81,4,0,3,2,0,1,2,14,38,21,0,10,4,3,14,1,1,0,4,2,0,25,0,0,2,0,3,0,1,0,0,0,3,3,0,0,0,0,0,0,0,983,4,20,0,0,0,0,0,0,0,0,0,14,16,0,0,1,183,984,0,0,1,0,0,0,0,1,0,0,15,16,3,25,0,0,0,9,0,0,0,8,10,2,0,2,0,0,0,8,0,0,0,4,0,2,0,17,0,0,0,0,0,0,0,33,2,2,4,0,0,0,0,6,4,0,0,0,0,0,1,1,2,0,0,0,1,0,0,0,1,0,0,1,0,1,1,0,0,0,0,0,0,0,0,0,0,0,0,0,2,0,0,0,0,0,0,0,0,0,0,0,0,3,0,0,0,0,0,0,0,0,0,0,0,0,0,0,0,0,0,0,0,0,0,0,0,0,0,0,0,0,0,0,0,0,0,0,0,0,0,0,0,0,0,0,0,0,0,0,0,0,0,0,0,0,0,0,0,0,0,0,0,0,0,0,0,0,0,0,0,0,0,0,0,0,0,0,0,0,0,0,0,0,0,0,0,0,0,0,0,0,0,0,0,0,0,0,0,0,0,0,0,0,0,0,0
a10fe5fa3f861d6f3faf705013e43045,3.2,56,84,413,230,100,29,44,523,248,535,3,0,162,3,472,2,10,1,1,41,484,1,14,1,2,5,4,1,1,45,44,36,1,56,14,13,2,0,3,0,0,4,0,7,1,14,0,1,5,6,0,0,0,0,0,18,0,0,0,0,0,0,0,3170,12,0,17,0,1,0,22,1,1,1,0,528,361,8,98,1287,166,331,41,0,50,0,0,0,0,6,12,8,62,8,5,26,2,0,2,19,20,2,35,4,13,2,0,1,7,12,17,9,8,0,2,5,84,0,1746,123,0,0,0,0,2,0,0,0,1,12,7,0,0,0,0,6,3,1,0,0,0,0,0,0,0,0,14,0,0,0,0,0,0,0,0,0,0,10,9,0,0,0,0,3,3,4,0,0,0,0,17,0,4,0,0,0,7,1,21,2,0,0,0,2,5,0,55,1,1,1,1,1,1,0,0,0,2,0,0,0,0,0,15,0,0,2,3,0,0,0,0,0,0,0,0,0,0,0,0,0,8,0,0,0,0,0,0,0,0,0,0,0,0,0,0,0,0,0,0,0,0,0,0,0,0,0,0,0,0,0,0,0,0,0,0,0,0,0,0,0,0,0,0,0,0,0,0,0,0,3,0,0,0,0,0,0,0,0,0,1,0,0,0,0,0,0,0,0,0
0e33e0d0807a3bdbdea93d600365964e,7.4,1,45,822,107,77,62,9,83,43,188,3,0,193,1,131,0,40,1,0,4,3,0,2,0,0,4,0,0,49,26,6,39008,1,1,12,13,25,0,0,0,4,3,0,0,0,0,0,0,6,0,0,5,0,0,0,4,710,24,522,1,0,0,0,688,2,5,2,16,0,0,0,0,0,1,0,0,0,0,0,0,22,0,0,0,2,0,4,0,0,2,0,0,0,0,2,0,0,0,0,5,0,2,0,0,4,1,0,0,0,0,0,3,0,0,0,3,1,0,0,0,0,10,0,0,0,0,1,0,0,9,0,0,0,0,6,2,0,0,0,0,0,0,0,4,0,0,0,0,0,0,0,0,1,1,0,0,0,17,20,2,4,0,6,3,3,0,0,0,0,0,0,0,3,0,0,0,11,0,0,0,0,0,0,10,8,0,0,0,0,0,0,0,0,0,0,0,0,0,0,0,0,0,0,0,0,3,3,0,0,0,0,0,0,0,0,0,0,0,0,0,0,6,0,0,0,0,0,0,0,0,0,0,0,0,0,0,0,0,0,0,0,0,0,0,0,0,0,0,0,0,0,0,0,0,0,0,0,0,0,0,0,0,0,0,0,0,0,0,0,0,0,0,0,0,0,0,0,0,0,0,0,0,0,0,0,0,0,0,0
a84ff0576453a0df594e47dfe0b445dd,2.8,14,19,118,47,9,10,10,5,3,10,2,1,4,4,89,2,11,0,0,12,20,0,1,0,0,0,0,1,0,13,1,9,0,1,2,4,5,1,0,0,3,2,1,1,0,0,1,0,1,0,1,0,0,0,6,6,0,0,0,0,0,0,0,1,2,0,0,0,0,0,0,0,0,0,0,14,14,0,0,4,155,0,1,1,1,0,0,0,0,3,0,1,22,18,0,25,0,0,0,13,3,0,2,4,6,1,0,1,0,0,0,6,0,0,1,0,3,1,0,0,3,0,1,0,0,1,0,36,1,1,0,0,0,0,1,0,0,0,0,0,0,0,0,0,0,0,0,0,2,0,0,3,0,0,0,0,0,1,1,0,0,0,0,0,0,0,0,0,0,0,0,0,1,0,0,0,0,0,0,0,0,0,0,0,0,3,0,0,0,0,0,0,0,0,0,0,0,0,0,1,0,0,0,0,0,0,1,0,0,0,0,0,0,0,0,0,0,0,0,0,0,0,0,0,0,0,0,0,0,0,0,0,0,0,0,0,0,0,0,0,0,0,0,0,0,0,0,0,0,0,0,0,0,0,0,0,0,0,0,0,0,0,0,0,0,0,0,0,0,0,0,0,0,0,0,0,0,0,0,0,0,0,0,0,0,0,0,0,0
a90a54ee776288220f6f3aaed42a261f,5.8,2,51,458,404,5,73,28,131,201,90,91,2,4,8,250,31,181,0,2,12,16,2,6,0,2,2,3,2,2,34,75,57,0,10,9,1,64,1,2,0,36,3,1,12,0,0,4,0,3,1,1,2,0,0,3,7,0,0,0,2,0,0,0,2,3,1,0,0,0,0,0,0,0,0,0,18,16,0,0,0,3558,0,0,0,6,0,0,0,0,1,0,2,16,18,5,67,0,0,0,86,75,0,5,34,34,1,0,2,74,1,0,15,8,1,0,40,0,1,0,21,0,0,0,0,0,0,0,32,1,2,4,0,0,0,31,6,5,0,0,0,0,1,1,0,1,0,0,0,1,0,0,0,1,0,0,0,0,1,1,0,0,0,0,0,0,0,0,0,0,0,0,0,2,0,0,0,0,0,0,0,0,0,0,0,0,3,0,0,0,0,0,0,0,0,0,0,0,0,0,0,0,0,0,0,0,0,0,0,0,0,0,0,0,0,0,0,0,0,0,0,2250,0,0,0,0,0,0,0,0,0,0,0,0,0,0,0,0,0,0,0,0,0,0,0,0,0,0,0,0,0,0,0,0,0,0,0,0,0,0,0,0,0,0,0,0,0,0,0,0,0,0,0,0,0,0,0,0,0,0,0,0,0,0,0,0,0,0,0,0
a94e97bf0a80b715ed60daa627b29b2d,1.2,0,0,0,0,0,0,0,0,0,0,0,0,0,0,0,0,0,0,0,0,0,0,0,0,0,0,0,0,0,0,0,0,0,0,0,0,0,0,0,0,0,0,0,0,0,0,0,0,0,0,0,0,0,0,0,0,0,0,0,0,0,0,0,0,0,0,0,0,0,0,0,0,0,0,0,0,0,0,0,0,0,0,0,0,0,0,0,0,0,0,0,0,0,0,0,0,0,0,0,0,0,0,0,0,0,0,0,0,0,0,0,0,0,0,0,0,0,0,0,0,1,0,0,0,0,0,0,0,0,0,0,0,0,0,0,0,0,0,0,0,0,0,0,0,0,0,0,0,0,0,0,0,0,0,0,0,0,0,0,0,0,0,0,0,0,0,0,0,0,0,0,0,0,0,0,0,0,0,0,0,0,0,0,0,0,0,0,0,0,0,0,0,0,0,0,0,0,0,0,0,0,0,0,0,0,0,0,0,0,0,0,0,0,0,0,0,0,0,0,0,0,0,0,0,0,0,0,0,0,0,0,0,0,0,0,0,0,0,0,0,0,0,0,0,0,0,0,0,0,0,0,0,0,0,0,0,0,0,0,0,0,0,0,0,0,0,0,0,0,0,0,0,0,0,0,0,0,0,0,0,0,0,0,0,0,0,0,0,0
a98e7bc2ffad6d49f152686f96788dc3,2.0,12,31,128,412,0,28,130,10,3,3,3,0,0,1,246,8,169,0,2,14,205,1,4,0,0,0,4,1,1,15,2,49,1,184,2,0,0,0,0,0,1,0,8,38,1,0,0,0,0,0,19,0,0,0,3,10,1,1,38,0,0,0,0,255,1,0,1,0,0,0,0,0,0,0,0,209,157,0,51,0,14,0,0,0,1,0,0,0,0,1,0,1,13,0,2,0,2,0,0,14,21,0,1,4,7,2,1,1,0,0,0,6,8,0,27,3,270,0,257,0,0,0,0,0,0,0,0,0,0,2,0,0,0,0,0,0,0,0,0,0,0,0,0,0,0,0,0,0,0,0,0,0,0,0,0,0,0,0,0,0,0,0,0,0,0,0,0,0,0,2,0,0,7,1,0,0,0,0,0,0,0,0,0,0,0,0,0,0,0,0,0,0,0,0,0,0,0,0,0,0,0,0,0,1,0,0,0,0,0,0,0,0,0,0,0,0,0,0,0,0,0,0,0,0,0,0,0,0,0,0,0,0,0,0,1,0,0,0,0,0,0,0,0,0,0,0,0,0,0,0,0,0,0,0,0,0,0,0,0,0,0,0,0,0,0,0,0,0,0,0,0,0,0,0,0,0,0,0,0,0,0,0,0,0,0,0,0,0,0
a0232db9969b9aa5ee85397a90a95e57,1.6,14,23,69,68,0,3,19,4,1,2,1,0,0,2,171,1,3,0,1,10,191,1,6,1,1,0,4,1,1,1,2,10,1,37,2,2,0,0,0,0,0,0,0,0,1,0,0,0,0,0,0,0,0,0,0,2,2,2,84,0,0,0,0,4728,2,0,1,0,0,0,0,0,0,0,0,208,156,0,191,2665,111,0,25,0,1,0,1,0,0,1,0,0,12,0,2,14,2,0,0,5,11,0,0,1,4,2,0,1,0,0,0,6,8,0,2,0,60,0,22151,0,0,0,0,0,0,0,0,0,0,2,0,0,0,0,0,0,0,0,0,0,0,0,0,0,0,0,0,0,0,0,0,0,0,0,0,0,0,0,0,0,0,0,0,0,0,0,0,0,0,0,0,0,0,0,0,0,0,0,0,0,0,0,0,0,0,0,0,0,0,0,0,0,0,0,0,0,0,0,0,0,0,0,0,0,0,0,0,0,0,0,0,0,0,0,0,0,0,0,0,0,48,0,0,0,0,0,0,0,0,0,0,0,0,0,0,0,0,0,0,0,0,0,0,0,0,0,0,0,0,0,0,0,0,0,0,0,0,0,0,0,0,0,0,0,0,0,0,0,0,0,0,0,0,0,0,0,0,0,0,0,0,0,0,0,0,0,0,0,0
a538ed02f51a3ffd834ceb5e1fa4cf76,2.8,0,39,146,36,0,10,23,74,73,43,4,0,0,6,196,2,14,3,2,13,86,1,4,0,0,2,0,0,1,241,6,13,1,0,2,0,0,2,1,1,0,13,5,55,0,0,1,137,2,1,1,0,0,0,6,13,0,0,0,0,0,0,0,1,1,0,0,1,0,0,15,0,0,4,0,32,33,1,0,0,1,0,0,0,31,0,1,1,0,1,0,36,37,36,0,0,0,0,0,63,65,1,1,2,2,19,0,1,2,0,0,3,0,0,0,0,0,0,0,0,0,0,0,0,0,0,0,0,0,2,0,0,0,0,0,0,0,137,0,0,0,0,0,0,0,0,0,0,0,0,0,0,1,1,0,0,0,0,0,0,0,0,0,0,0,0,0,0,0,0,0,0,0,0,0,0,0,0,0,4,0,0,0,0,0,0,0,0,0,0,0,0,0,0,0,0,0,0,0,0,0,0,0,0,0,0,0,0,0,2,0,0,0,0,0,0,0,0,0,0,0,0,0,0,0,0,0,0,0,0,0,0,0,0,1,0,0,0,0,0,0,0,0,0,0,1,0,0,0,0,0,0,0,0,0,0,0,0,0,0,0,0,0,0,0,0,0,0,0,0,0,0,0,0,0,0,0,0,0,0,0,0,0,0,0,0,0,0,0
a756fd2efa1e84718486d1b1b79a2243,1.2,12,44,138,77,0,14,26,8,11,7,1,0,0,3,475,5,27,0,1,139,147,0,8,0,0,0,3,1,0,10,16,22,0,246,6,3,0,7,2,2,3,3,1,2,0,0,2,1,2,0,1,0,0,0,0,10,0,0,0,0,0,0,0,1,4,19,24,0,0,0,0,0,0,1,0,473,323,0,0,1,161,27,0,0,3,0,0,0,0,2,0,0,11,0,2,5,6,0,0,20,18,1,1,11,12,0,1,1,64,1,45,6,8,0,11,9,147,0,0,0,0,0,0,0,0,0,0,1,1,1,0,0,0,1,0,0,0,1,0,0,1,0,0,0,0,2,5,1,0,0,0,8,0,0,0,0,0,0,0,0,0,0,0,0,0,0,0,0,2,2,0,0,2,1,0,0,0,0,0,0,0,0,0,0,0,2,0,0,0,0,0,0,0,0,0,0,0,0,0,0,0,0,0,0,0,0,0,0,0,0,0,0,0,0,0,0,0,0,0,1,0,0,0,0,0,2,0,0,0,1,0,0,0,0,0,0,0,0,0,0,0,0,0,0,0,0,0,0,0,0,0,0,0,0,0,0,0,0,0,0,0,0,0,0,0,0,0,0,0,0,0,0,0,0,0,0,0,0,0,0,0,0,0,0,0,0,0,0,0
a878ba26000edaac5c98eff4432723b3,10.2,17,64,402,147,32,51,46,51,7,80,8,2,28,10,295,4,73,0,3,72,143,0,7,1,2,1,0,1,7,14,11,7,0,5,6,3,21,1,7,0,3,3,2,10,0,0,3,0,2,6,1,4,1,1,9,17,2,2,65,1,0,0,0,531,13,0,13,0,0,0,0,0,0,3,0,226,176,0,7,1213,557,638,132,5,9,1,3,3,3,14,13,46,72,63,1,95,0,2,0,15,5,1,2,4,6,1,1,2,3,8,7,7,0,0,3,1,2,1,0,0,1,0,1,0,0,1,0,36,1,1,0,0,0,0,1,0,0,0,0,0,0,0,0,0,0,0,0,0,2,0,0,1,0,0,0,0,0,1,1,0,0,0,0,0,0,0,0,0,0,0,0,0,1,0,0,0,0,0,0,0,0,0,0,0,24,3,0,0,0,0,0,0,0,0,0,0,0,0,0,1,0,0,0,0,0,0,1,0,0,0,0,0,0,0,0,0,0,0,4,0,0,0,0,0,0,0,0,0,0,0,0,0,0,0,0,0,0,0,0,0,0,0,0,0,0,0,0,0,0,0,0,0,0,0,0,0,0,0,0,0,0,0,0,0,0,0,0,0,0,0,0,0,0,0,0,0,0,0,0,0,0,0,0,0,0,0,0,0,0
a501120d70f03c123b02825dd61fc2c8,1.8,12,21,65,57,0,4,15,4,1,1,2,0,0,1,192,5,29,0,1,11,190,1,5,1,1,0,4,1,1,1,2,9,1,19,2,0,0,0,0,0,0,0,0,0,1,0,0,0,0,0,0,0,0,0,3,5,0,0,0,0,0,0,0,481,1,0,1,0,0,0,0,0,0,0,0,205,153,0,19,0,14,0,0,0,1,0,1,0,0,1,0,1,13,0,2,0,2,0,0,5,11,0,0,1,4,2,0,1,0,0,0,6,8,0,1,0,29,0,482,0,0,0,0,0,0,0,0,0,0,2,0,0,0,0,0,0,0,0,0,0,0,0,0,0,0,0,0,0,0,0,0,0,0,0,0,0,0,0,0,0,0,0,0,0,0,0,0,0,0,0,0,0,0,0,0,0,0,0,0,0,0,0,0,0,0,0,0,0,0,0,0,0,0,0,0,0,0,0,0,0,0,0,0,1,0,0,0,0,0,0,0,0,0,0,0,0,0,0,0,0,0,0,0,0,0,0,0,0,0,0,0,0,0,0,0,0,0,0,0,0,0,0,0,0,0,0,0,0,0,0,0,0,0,0,0,0,0,0,0,0,0,0,0,0,0,0,0,0,0,0,0,0,0,0,0,0,0,0,0,0,0,0,0,0,0,0,0,0,0
a555609372d8f3ecd324dcd216d7e5e8,7.0,0,6,1,5,0,0,2,0,0,0,2,0,0,0,28,0,2,0,3,1,1,0,5,0,1,0,0,0,2,0,0,7,0,0,0,0,1,0,0,0,1,0,0,2,0,0,0,0,1,0,0,0,1,1,3,0,0,0,0,0,0,0,0,1,0,0,0,0,0,0,0,0,0,0,0,0,0,0,0,0,0,0,0,0,0,0,1,1,0,0,1,0,0,0,0,0,0,0,0,6,1,8,0,1,2,0,0,0,0,0,0,0,0,0,0,0,0,1,0,0,0,0,0,0,0,0,0,0,0,0,0,0,0,0,0,0,0,0,0,0,0,0,0,0,0,0,0,0,0,0,0,0,0,0,0,0,0,0,0,0,0,0,0,0,0,0,0,0,0,0,0,0,0,0,0,0,0,0,0,0,0,0,0,0,0,0,0,0,0,0,0,0,0,0,0,0,0,0,1,0,0,0,0,0,0,0,0,0,0,0,0,0,0,0,0,0,0,0,2,0,0,0,0,0,0,0,0,0,0,0,0,0,0,0,0,0,0,0,0,0,0,0,1,0,0,0,0,0,0,0,0,1,1,1,0,0,0,0,0,0,0,0,0,0,0,0,0,0,0,0,0,0,0,0,0,0,0,0,0,0,0,0,0,0,0,0,0,0,0
0cd419f4f957e1c0ed0bef2fe68bd313,1.2,0,8,95,8,1,1,1,4,0,0,3,0,0,0,1,0,1,0,0,0,0,0,0,0,0,0,0,0,0,2,5,0,0,0,0,0,8,0,0,0,0,0,0,0,0,0,0,0,0,0,1,0,0,0,0,0,0,0,0,0,0,0,0,1,0,0,0,0,0,0,0,0,0,0,0,0,0,0,0,0,4,0,1,0,1,0,0,0,0,0,0,0,0,0,4,0,0,0,0,0,0,0,4,0,0,0,0,1,0,0,0,0,0,0,0,0,0,0,0,0,0,0,0,0,0,0,0,1,0,0,0,0,0,0,0,0,0,0,0,0,0,0,0,0,0,0,0,0,0,0,0,0,0,0,0,0,0,0,0,0,0,0,0,0,0,0,0,0,0,0,0,0,0,0,0,0,0,0,0,0,0,0,0,0,0,0,0,0,0,0,0,0,0,0,0,0,0,0,0,0,0,0,0,0,0,0,0,0,0,0,0,0,0,0,0,0,0,0,0,0,0,0,0,0,0,0,0,0,0,0,0,0,0,0,0,0,0,0,0,0,0,0,0,0,0,0,0,0,0,0,0,0,0,0,0,0,0,0,0,0,0,0,0,0,0,0,0,0,0,0,0,0,0,0,0,0,0,0,0,0,0,0,0,0,0,0,0,0,0
aa47f80e669d593af7aca3757ffc8203,4.0,14,70,311,101,26,33,21,279,267,227,4,2,17,7,313,20,44,0,1,65,48,0,5,0,0,0,0,1,4,17,13,16,0,1,5,6,6,1,2,0,7,4,3,4,0,0,3,2,1,1,2,0,0,0,12,13,0,0,0,0,1,0,0,1,8,6,11,4,0,0,0,0,0,0,0,14,30,2,3,4,213,0,2,1,1,0,0,0,0,9,0,1,23,18,8,25,72,0,0,17,77,0,4,12,19,3,0,3,2,5,2,12,0,0,4,1,4,1,0,0,6,0,1,0,2,3,0,36,1,4,0,1,0,0,1,0,0,2,0,0,0,0,0,0,0,1,1,0,2,0,0,3,1,0,0,0,0,1,1,0,0,0,0,0,0,0,0,0,0,2,2,0,3,1,0,0,0,0,0,0,0,0,0,0,0,3,0,0,0,0,0,0,0,0,0,0,0,0,0,1,0,0,0,0,0,0,1,0,0,0,0,0,0,0,0,0,0,0,0,0,0,0,0,0,0,0,0,0,0,1,0,0,0,0,0,0,0,0,0,0,0,0,0,0,0,0,0,0,0,0,0,0,0,0,0,0,0,0,0,0,0,0,0,0,0,0,0,0,0,0,0,0,0,0,0,0,0,0,0,0,0,0,0,0,0,0,0,0,0
aba2a43121c8e22d2ad43afbeecc9815,1.8,12,20,62,46,0,4,34,4,1,1,1,0,0,1,173,7,30,0,1,11,88,1,5,1,1,0,4,1,0,0,0,10,1,45,2,0,0,0,0,0,0,0,0,0,1,0,0,0,1,0,0,0,0,0,3,4,0,0,0,0,0,0,0,156,1,0,1,0,0,0,0,0,0,0,0,188,136,0,0,0,14,0,0,0,1,0,1,0,0,2,0,1,13,0,2,0,2,0,0,0,6,0,0,1,4,2,0,1,0,0,0,6,8,0,2,0,80,0,157,0,0,0,0,0,0,0,0,0,0,2,0,0,0,0,0,0,0,0,0,0,0,0,0,0,1,0,0,0,0,0,0,0,0,0,0,0,0,0,0,0,0,0,0,0,0,0,0,0,0,0,0,0,0,0,0,0,0,0,0,0,0,0,0,0,0,0,0,0,0,0,0,0,0,0,0,0,0,0,0,0,0,0,0,0,0,0,0,0,0,0,0,0,0,0,0,0,0,0,0,0,0,0,0,0,0,0,0,0,0,0,0,0,0,0,0,0,0,0,0,0,0,0,0,0,0,0,0,0,0,0,0,0,0,0,0,0,0,0,0,0,0,0,0,0,0,0,0,0,0,0,0,0,0,0,0,0,0,0,0,0,0,0,0,0,0,0,0,0,0
ad7bffe4fde25c9a4e6b72e4b69bb9d5,7.0,0,7,3,13,0,0,3,0,0,0,2,1,0,0,170,1,7,0,3,15,27,0,10,0,4,0,0,0,3,4,0,25,0,24,0,0,1,0,0,0,1,0,0,2,0,0,0,0,3,0,0,0,1,1,3,0,0,0,0,0,0,0,0,1,0,0,0,0,0,0,0,0,0,2,0,168,166,0,0,0,10,0,0,0,0,0,1,1,0,0,1,0,0,0,0,0,0,0,0,8,1,12,2,5,7,0,0,1,7,0,2,0,0,0,0,0,0,1,0,0,0,0,0,0,0,0,0,0,0,0,126,0,0,0,1,0,0,0,0,0,0,0,0,0,0,0,0,0,0,0,0,0,0,0,0,8,0,0,0,0,0,0,0,0,0,0,0,0,0,0,0,0,0,0,0,0,0,0,0,0,0,0,0,0,0,0,0,0,0,0,0,0,0,0,0,0,0,0,1,0,0,0,4,0,0,0,0,0,0,0,0,0,0,0,0,0,0,0,2,0,0,0,0,0,0,0,0,0,0,0,0,0,0,0,0,0,0,0,0,0,0,0,1,0,0,0,0,2,0,0,0,3,1,1,0,0,0,0,0,0,0,0,0,0,0,0,0,0,0,0,0,0,0,0,0,0,0,0,0,0,0,0,0,0,0,0,0,0,0
ae6af24501520d8e9e069cf6e85fb87a,2.4,16,25,122,80,3,10,10,13,5,12,2,1,2,4,66,0,10,0,0,12,17,0,1,0,0,0,0,1,0,11,15,7,0,0,2,4,5,1,0,0,9,2,0,147,0,0,1,0,1,0,4,0,0,0,0,2,0,0,0,0,1,0,0,0,2,0,0,0,0,0,0,0,0,0,0,14,14,0,0,4,101,108,36,0,1,0,0,0,0,1,0,1,25,14,1,14,0,0,0,11,0,0,3,6,8,1,0,1,0,0,0,7,0,0,2,2,4,1,0,0,0,0,1,0,0,0,0,29,1,1,0,0,0,0,1,0,0,0,0,0,0,0,0,0,0,0,1,0,1,0,0,1,0,0,0,0,0,1,1,0,0,0,0,0,0,0,0,0,0,2,0,0,2,2,0,0,0,0,0,0,0,0,0,0,0,3,0,0,0,0,0,0,0,0,0,0,0,0,0,1,0,0,0,0,0,0,0,0,0,0,0,0,0,0,0,0,0,0,0,0,0,0,0,0,0,0,0,0,0,0,0,0,0,0,0,0,0,0,0,0,0,0,0,0,0,0,0,0,0,0,0,0,0,0,0,0,0,0,0,0,0,0,0,0,0,0,0,0,0,0,0,0,0,0,0,0,0,0,0,0,0,0,0,0,0,0,0,0,0
af34cdc7d8967e7633fdc1a0355b30e7,1.2,14,29,96,160,0,3,57,7,1,4,3,0,0,2,196,1,15,0,1,11,206,1,4,0,0,0,4,1,2,5,2,17,1,45,2,2,0,0,0,0,0,0,2,4,1,0,0,0,0,0,2,0,0,0,0,6,0,0,0,0,0,0,0,7449,2,0,1,0,0,0,0,0,0,0,0,222,170,0,178,2692,3960,24,2560,0,1,0,0,0,0,1,0,0,12,0,2,366,2,0,0,8,15,0,0,1,4,2,0,1,0,0,0,6,8,0,7,0,62,0,7697,0,0,0,0,0,0,0,0,0,0,2,0,0,0,0,0,1,41,0,0,0,0,0,0,0,0,0,0,0,0,0,0,0,0,0,0,0,0,0,0,0,0,0,0,0,0,0,0,0,0,0,0,0,1,0,0,0,0,0,0,0,0,0,0,0,0,0,0,0,0,0,0,0,0,0,0,0,0,0,0,0,0,0,0,1,0,0,0,0,0,0,0,0,0,0,0,0,0,0,0,0,5094,0,0,0,0,0,0,0,0,0,0,0,0,0,0,0,0,0,0,0,0,0,0,0,0,0,0,0,0,0,0,0,0,0,0,0,0,0,0,0,0,0,0,0,0,0,0,0,0,0,0,0,0,0,0,0,0,0,0,0,0,0,0,0,0,0,0,0,0
afd47151d0fb1dd6ff2f3502e8cb79ad,1.2,14,22,68,32,0,3,19,2,1,1,1,0,0,2,168,1,11,0,1,10,191,1,4,0,0,0,4,1,1,1,2,10,1,37,2,2,0,0,0,0,0,0,0,0,1,0,0,0,0,0,0,0,0,0,0,2,0,0,0,0,0,0,0,6203,2,0,1,0,0,0,0,0,0,0,0,208,156,0,163,2427,259,0,25,0,1,0,0,0,0,1,0,0,12,0,2,55,2,0,0,5,11,0,0,1,4,2,0,1,0,0,0,6,8,0,2,0,60,0,0,0,0,0,0,0,0,0,0,0,0,2,0,0,0,0,0,0,0,0,0,0,0,0,0,0,0,0,0,0,0,0,0,0,0,0,0,0,0,0,0,0,0,0,0,0,0,0,0,0,0,0,0,0,0,0,0,0,0,0,0,0,0,0,0,0,0,0,0,0,0,0,0,0,0,0,0,0,0,0,0,0,0,0,0,0,0,0,0,0,0,0,0,0,0,0,0,0,0,0,0,0,16,0,0,0,0,0,0,0,0,0,0,0,0,0,0,0,0,0,0,0,0,0,0,0,0,0,0,0,0,0,0,0,0,0,0,0,0,0,0,0,0,0,0,0,0,0,0,0,0,0,0,0,0,0,0,0,0,0,0,0,0,0,0,0,0,0,0,0,0
b1c59fefcda733c97c50092068cc110a,1.2,0,0,0,0,0,0,0,0,0,0,0,0,0,0,0,0,0,0,0,0,0,0,0,0,0,0,0,0,0,0,0,0,0,0,0,0,0,0,0,0,0,0,0,0,0,0,0,0,0,0,0,0,0,0,0,0,0,0,0,0,0,0,0,0,0,0,0,0,0,0,0,0,0,0,0,0,0,0,0,0,0,0,0,0,0,0,0,0,0,0,0,0,0,0,0,0,0,0,0,0,0,0,0,0,0,0,0,0,0,0,0,0,0,0,0,0,0,0,0,0,1,0,0,0,0,0,0,0,0,0,0,0,0,0,0,0,0,0,0,0,0,0,0,0,0,0,0,0,0,0,0,0,0,0,0,0,0,0,0,0,0,0,0,0,0,0,0,0,0,0,0,0,0,0,0,0,0,0,0,0,0,0,0,0,0,0,0,0,0,0,0,0,0,0,0,0,0,0,0,0,0,0,0,0,0,0,0,0,0,0,0,0,0,0,0,0,0,0,0,0,0,0,0,0,0,0,0,0,0,0,0,0,0,0,0,0,0,0,0,0,0,0,0,0,0,0,0,0,0,0,0,0,0,0,0,0,0,0,0,0,0,0,0,0,0,0,0,0,0,0,0,0,0,0,0,0,0,0,0,0,0,0,0,0,0,0,0,0,0
b5d1bee5a22623b0419b2205467f8d6a,3.2,28,75,367,123,11,74,36,556,716,329,0,0,4,10,390,9,40,0,1,76,77,1,17,1,1,2,10,3,5,21,32,37,0,214,12,8,34,15,2,0,10,4,2,5,0,0,6,0,0,6,2,0,0,0,12,9,0,0,0,0,0,0,0,0,6,43,14,0,0,0,0,0,0,0,0,50,47,8,0,4,327,54,0,0,44,0,0,0,0,5,0,2,22,0,6,21,38,0,1,11,80,2,2,18,26,0,0,5,0,0,0,27,24,0,4,0,129,2,0,12,0,0,0,0,0,0,0,0,6,15,5,1,0,4,0,5,10,0,0,0,0,0,0,0,0,0,0,0,0,7340,0,0,0,0,0,0,0,0,0,0,0,0,0,0,0,0,0,0,0,2,0,0,2,0,0,2,0,0,0,0,0,0,0,0,0,0,0,0,0,0,0,0,0,0,0,0,0,0,0,0,0,0,0,0,0,0,0,0,0,0,0,0,0,0,1,0,0,0,0,0,0,0,0,0,0,2,0,0,0,0,0,0,0,0,0,0,0,0,0,0,0,0,0,0,0,0,0,0,0,0,0,0,0,0,0,0,0,0,0,0,0,0,0,0,0,0,0,0,0,0,0,0,0,0,0,0,0,0,0,0,0,0,0,1,35,0,0,0,0
b8e1be3732343d63cb8c4fd84228c9ca,3.0,100,70,346,107,230,31,121,464,207,638,2,0,25,9,1510,35,87,0,1,73,885,1,28,0,0,17,6,2,37,65,24,100,5,1354,29,11,4,8,0,4,3,42,3,221,7,0,1,0,4,4,0,0,0,0,2,38,0,0,0,0,0,0,0,7,29,0,54,0,0,0,0,0,0,1,0,2176,1472,12,10,11,1430,225,19,9,41,0,0,0,2,24,17,8,104,5,5,166,29,0,4,38,35,3,19,25,38,0,1,1,27,7,30,15,16,2,40,26,250,3,0,0,0,0,0,0,2,0,0,2,4,5,0,0,0,1,5,3,3,0,0,0,0,0,0,2,0,0,14,0,0,0,0,60,0,0,0,0,0,231,231,0,0,0,0,2,2,0,0,0,1,38,4,0,40,0,0,0,0,0,0,2,0,0,0,0,0,0,26,8,0,0,0,0,0,0,0,0,0,0,0,0,0,0,18,0,0,0,51,0,0,0,0,0,2,0,0,0,0,0,0,1,0,0,0,5,0,0,0,0,0,3,0,0,0,0,0,0,0,0,0,0,0,0,0,0,0,0,0,0,0,0,0,0,0,0,0,0,0,0,0,0,0,0,0,0,0,0,0,0,0,0,0,0,0,0,0,0,0,0,0,0,0,0,0,0,0,0,0,0,0
b9e7e85faaecdcb25ec0ac8478cc09a5,9.4,11,127,269,268,21,104,10,1,1,20,3,1,12,3,148,4,72,0,0,17,28,0,1,0,2,0,0,1,0,28,10,6,0,2,13,2,10,2,0,0,4,3,2,18,0,0,5,0,1,0,2,131,2,2,15,23,0,0,0,37,0,0,0,11,1,3,0,0,0,0,0,0,0,0,0,14,14,0,0,1,89,0,2,0,1,0,0,0,0,3,0,1,27,20,0,10,0,0,0,15,3,0,0,1,3,1,0,1,0,0,0,6,0,0,2,0,0,2,0,0,0,0,1,0,0,2,0,38,2,1,0,0,0,0,2,0,0,0,0,0,0,0,0,0,0,0,0,0,2,0,0,2,0,0,0,0,0,4,4,0,0,0,0,0,0,0,0,0,0,0,0,0,1,0,0,0,0,0,0,0,0,0,0,0,0,4,0,0,0,0,0,0,0,0,0,0,0,0,0,2,0,0,0,0,0,7,1,0,0,0,0,0,1,0,1,0,0,0,84,0,0,0,0,0,0,0,0,0,0,0,0,0,0,0,0,0,0,0,0,0,0,0,0,0,0,0,0,0,0,0,0,0,0,0,0,0,0,0,0,0,0,0,0,0,0,0,0,0,0,0,0,0,0,0,0,0,0,0,0,0,0,0,0,0,0,0,0,0,0
b12e68c50f2729b72dcf9c7fcb9f65a6,1.4,106,33,131,75,29,22,16,420,211,317,3,0,69,1,181,2,9,0,0,37,185,0,2,0,0,3,0,0,0,38,0,6,0,44,6,9,4,0,0,0,1,3,0,0,0,0,0,0,33,4,0,0,0,0,0,0,0,0,0,0,0,0,0,0,8,0,9,0,0,0,0,0,0,0,0,164,129,8,2,87,253,329,32,0,32,0,0,0,0,6,0,1,105,0,4,20,0,0,2,3,0,0,4,3,9,0,0,1,7,0,30,2,0,0,0,3,75,0,0,0,0,0,0,0,2,0,0,2,2,7,0,0,0,0,0,3,3,0,0,0,0,0,0,0,0,0,14,0,0,0,0,0,0,0,0,0,0,1,0,0,0,0,0,0,0,0,0,0,0,0,0,0,3,0,0,1,0,0,0,0,0,0,0,0,5,0,26,0,0,0,0,0,0,0,0,0,0,0,0,0,0,0,5,0,0,1,0,0,0,0,0,0,0,0,0,0,0,0,0,0,0,0,0,0,0,0,0,0,0,0,0,0,0,0,0,0,0,0,0,0,0,0,0,0,0,0,0,0,0,0,0,0,0,0,0,0,0,0,0,0,0,0,0,0,0,0,0,0,0,0,0,0,0,0,0,0,0,0,0,0,0,0,0,0,0,0,0,0,0
b163c5000cd9e08c41982188f3f4c802,1.6,20,10,57,19,0,7,2,0,0,0,0,0,0,1,66,3,2,0,0,4,23,0,0,0,0,0,0,0,1,2,0,3,0,0,0,2,0,0,0,0,0,0,0,0,0,0,0,0,0,0,0,14,0,0,0,1,0,0,0,0,0,0,0,0,2,0,0,0,0,0,0,0,0,0,0,23,23,0,0,11,457,151,13,1,0,0,0,0,0,0,0,4,25,1,1,57,0,0,0,18,0,0,2,3,4,0,0,0,0,0,0,0,0,0,0,0,0,0,0,0,0,18,0,0,0,0,0,0,0,1,0,0,0,0,1,0,0,0,0,0,0,0,0,0,0,0,0,0,0,0,0,29,0,0,0,0,0,0,0,0,0,0,0,0,0,0,0,0,0,0,0,0,0,0,0,0,0,0,0,0,0,0,0,0,0,0,0,0,0,0,0,0,0,0,0,0,0,0,0,0,0,0,0,0,0,0,0,0,0,0,0,0,0,0,0,0,0,0,0,0,0,0,0,0,0,0,0,0,0,3,0,0,0,0,0,0,0,0,0,0,0,0,0,0,0,0,0,0,0,0,0,0,0,0,0,0,0,0,0,0,0,0,0,0,0,0,0,0,0,0,0,0,0,0,0,0,0,0,0,0,0,0,0,0,0,0,0,0,0
0f632b947bbd97f3cf08f26146c01114,7.4,1,45,822,107,77,62,10,83,43,189,3,0,195,1,136,0,40,1,0,4,3,0,2,0,0,4,0,0,49,26,6,39007,1,1,12,13,25,0,0,0,4,3,0,0,0,0,0,0,6,0,0,5,0,0,0,4,808,27,591,1,0,0,0,782,2,5,2,16,0,0,0,0,0,1,0,0,0,0,0,0,22,0,0,0,2,0,4,0,0,2,0,0,0,0,2,0,0,0,0,5,0,2,0,0,4,1,0,0,0,0,0,3,0,0,0,3,1,0,0,0,0,10,0,0,0,0,1,0,0,11,0,0,0,0,6,2,0,0,0,0,0,0,0,4,0,0,0,0,0,0,0,0,1,1,0,0,0,18,20,2,4,0,7,3,3,0,0,0,0,0,0,0,3,0,0,0,13,0,0,0,0,0,0,12,8,0,0,0,0,0,0,0,0,0,0,0,0,0,0,0,0,0,0,0,0,3,3,0,0,0,0,0,0,0,0,0,0,0,0,0,0,7,0,0,0,0,0,0,0,0,0,0,0,0,0,0,0,0,0,0,0,0,0,0,0,0,0,0,0,0,0,0,0,0,0,0,0,0,0,0,0,0,0,0,0,0,0,0,0,0,0,0,0,0,0,0,0,0,0,0,0,0,0,0,0,0,0,0,0
b464459e265de6c10cc3f70491315b82,6.4,290,767,4583,1247,209,992,1291,17784,26359,10757,67,1,90,59,9084,983,242,0,38,1103,1788,13,177,1,10,305,43,15,979,233,529,2091,58,194351,162,48,481,17,617,9,200,40,3,318,77,0,15,0,13,599,2,0,0,0,2,222,0,0,0,0,0,0,0,143,265,328,269,36,0,0,0,0,0,5,0,3990,2647,78,31,306,14188,2570,39,136,485,3,7,7,23,252,69,1368,1624,400,35,3524,2488,2,15,192,4912,4,470,902,997,12,72,15,21,8,5,105,110,93,48,39,283,79,0,30,0,15,0,0,2,0,0,28,16,5,25,57,0,13,491,123,222,0,0,0,0,0,0,2,0,0,14,0,1,0,0,0,0,0,1,7,0,6,13,0,0,0,0,2,2,0,0,0,1,34,4,0,38,1,0,1,0,0,0,2,0,0,0,0,0,3,26,8,0,0,0,0,0,0,0,0,0,0,0,0,0,0,6,0,0,0,0,0,0,0,0,0,0,0,0,0,0,0,0,0,0,0,0,14,0,0,0,0,0,0,0,0,0,0,0,0,0,0,0,0,0,0,0,0,0,0,0,0,0,0,0,0,0,0,0,0,0,0,0,0,0,0,0,0,0,0,0,0,12,0,0,0,0,0,0,0,0,0,0,0,0,0,0,0,0,0,0,0,0
bbac5c1813c43845344726e549ddb1b8,2.6,130,39,121,104,47,24,20,18,10,64,2,0,54,2,188,1,15,1,1,24,71,1,9,3,1,25,3,2,1,16,7,16,1,2,16,2,0,2,0,2,3,1,0,11,0,0,1,0,7,0,2,0,0,0,3,11,0,0,0,0,0,0,0,321,4,0,2,2,0,0,0,0,0,2,0,71,58,0,0,0,25,0,0,0,0,0,2,0,0,3,0,0,134,6,1,0,0,0,0,19,15,0,0,1,1,0,0,2,58,6,0,0,8,1,0,1,8,1,0,4,0,0,0,0,0,0,0,6,0,0,0,0,0,0,0,2,41,0,0,0,2,0,0,0,0,2,2,2,0,1,0,0,4,0,0,0,0,11,11,0,0,0,0,0,2,0,0,0,0,0,0,0,0,0,0,0,0,0,0,0,0,0,0,0,0,23,0,0,0,0,0,0,0,0,0,0,0,0,0,0,0,0,0,0,0,1,0,0,0,0,0,0,0,0,0,3,0,0,0,0,16,0,0,0,0,0,0,0,0,0,0,0,0,0,0,0,0,0,0,0,0,0,0,0,0,0,0,0,0,0,0,0,0,0,0,0,0,0,0,0,0,0,0,0,0,0,0,0,0,0,0,0,0,0,0,0,0,0,0,0,0,0,0,0,0,0,0,0,0
bc04730a1877c79299f3cc5124b9eb1d,8.6,52,922,2729,520,81,295,26,31,1,71,44,1,19,14,504,26,116,6,6,82,137,0,0,0,12,0,0,1,12,103,111,39,0,0,14,0,57,1,0,0,13,9,2,14,0,0,20,0,0,0,7,77,13,13,51,68,0,0,0,0,0,0,0,39,0,0,0,0,0,0,0,0,0,0,0,7,37,0,0,0,218,0,10,0,19,0,0,0,0,10,0,0,112,64,0,0,0,0,0,35,3,0,0,1,1,0,24,1,0,0,0,6,0,0,18,0,0,1,0,0,69013,0,0,0,0,10,0,81,13,0,0,0,0,0,19,0,0,0,0,0,0,0,0,0,0,0,0,0,2,0,0,13,0,0,0,0,0,1,1,0,0,0,6,0,0,0,0,0,0,0,0,0,2,0,0,0,0,0,0,0,0,0,0,0,0,9,0,0,0,0,0,0,0,0,0,0,0,0,0,13,0,0,0,0,0,6,1,0,0,0,0,0,0,0,6,0,0,0,0,0,0,0,0,0,0,0,0,0,0,14,0,0,0,0,0,0,0,0,0,0,0,0,0,0,0,0,0,0,0,0,0,0,0,0,0,0,0,0,0,0,0,0,0,0,0,0,0,0,0,0,0,0,0,0,0,0,0,0,0,0,0,0,0,0,0,0,0,0,0
bd45fe39d359ac635fa87e209149a084,2.2,3,17,63,17,4,23,13,20,14,21,4,1,4,5,71,4,7,0,1,10,15,0,1,0,0,0,0,1,0,6,2,6,0,0,3,2,3,1,0,0,3,2,1,1,0,0,1,0,1,0,1,0,0,0,6,4,0,0,0,0,0,0,0,0,1,5,0,0,0,0,0,0,0,0,0,14,16,0,0,1,73,0,0,0,1,0,0,0,0,1,0,1,17,18,0,10,0,0,0,11,3,0,0,3,5,1,0,1,0,0,0,6,0,0,0,2,0,1,0,4,0,0,1,0,0,0,0,36,0,1,0,0,0,0,0,6,3,0,0,0,0,0,0,0,0,0,0,0,2,0,0,0,0,0,0,0,0,1,1,0,0,0,0,0,0,0,0,0,0,0,0,0,1,0,0,0,0,0,0,0,0,0,0,0,0,3,0,0,0,0,0,0,0,0,0,0,0,0,0,0,0,0,0,0,0,0,1,0,0,0,0,0,0,0,0,0,0,0,0,0,0,0,0,0,0,0,0,0,0,0,0,0,0,0,0,0,0,0,0,0,0,0,0,0,0,0,0,0,0,0,0,0,0,0,0,0,0,0,0,0,0,0,0,0,0,0,0,0,0,0,0,0,0,0,0,0,0,0,0,0,0,0,0,0,0,0,0,0,0
bda2c02b8ae5de607227459f60f5392c,2.8,7,29,117,47,3,13,10,5,1,7,2,1,6,3,45,0,4,0,0,9,17,0,1,0,0,0,0,1,0,10,29,4,0,0,2,2,3,1,0,0,3,2,0,13,0,0,1,0,1,0,1,0,0,0,0,2,0,0,0,0,0,0,0,429771,1,0,0,0,0,0,0,0,0,0,0,14,14,0,0,1,81,0,0,0,1,0,0,0,0,1,0,1,20,16,0,10,0,0,0,9,0,0,0,1,3,1,0,1,0,0,0,6,0,0,0,0,0,1,0,0,24,0,1,0,0,0,0,31,1,1,0,0,0,0,1,0,0,0,0,0,0,0,0,0,0,0,0,0,1,0,0,1,0,0,0,0,0,1,1,0,0,0,0,0,0,0,0,0,0,0,0,0,2,0,0,0,0,0,0,0,0,0,0,0,0,3,0,0,0,0,0,0,0,0,0,0,0,0,0,1,0,0,0,0,0,0,0,0,0,0,0,0,0,0,0,0,0,0,0,0,0,0,0,0,0,0,0,0,0,2,0,0,0,0,0,0,0,0,0,0,0,0,0,0,0,0,0,0,0,0,0,0,0,0,0,0,0,0,0,0,0,0,0,0,0,0,0,0,0,0,0,0,0,0,0,0,0,0,0,0,0,0,0,0,0,0,0,0,0
c1d81be7cb3cdcee745e5c6d07002e14,7.0,0,6,1,5,0,0,2,0,0,0,2,0,0,0,29,0,2,0,3,1,1,0,5,0,1,0,0,0,2,0,0,7,0,0,0,0,1,0,0,0,1,0,0,2,0,0,0,0,1,0,0,0,1,1,3,0,0,0,0,0,0,0,0,1,0,0,0,0,0,0,0,0,0,0,0,0,0,0,0,0,0,0,0,0,0,0,1,1,0,0,1,0,0,0,0,0,0,0,0,6,1,5,0,1,2,0,0,0,0,0,0,0,0,0,0,0,0,1,0,0,0,0,0,0,0,0,0,0,0,0,0,0,0,0,0,0,0,0,0,0,0,0,0,0,0,0,0,0,0,0,0,0,0,0,0,0,0,0,0,0,0,0,0,0,0,0,0,0,0,0,0,0,0,0,0,0,0,0,0,0,0,0,0,0,0,0,0,0,0,0,0,0,0,0,0,0,0,0,1,0,0,0,0,0,0,0,0,0,0,0,0,0,0,0,0,0,0,0,2,0,0,0,0,0,0,0,0,0,0,0,0,0,0,0,0,0,0,0,0,0,0,0,1,0,0,0,0,0,0,0,0,1,1,1,0,0,0,0,0,0,0,0,0,0,0,0,0,0,0,0,0,0,0,0,0,0,0,0,0,0,0,0,0,0,0,0,0,0,0
c3d7a19824da82aa97056400b6b7ba38,3.0,30,4024,4117,332,3,17,195,112,103,75,1,1,3,4,243,4,134,0,1,13,14,1,6,1,1,0,4,3,0,47,0,73,1,333,4,2,0,7,0,0,89,2,8,71,1,0,1,0,0,0,12,0,0,0,0,4005,0,0,0,0,1,0,0,7931,2,21,1,0,0,0,0,0,0,0,0,7,7,0,0,6699,2709,0,6532,0,2,0,1,0,0,1,0,6,39,17,2,355,2,0,0,106,11,0,3,7,10,2,0,2,0,0,0,14,8,0,35,2,394,6,9961,0,0,0,0,0,0,0,0,28,0,2,0,0,0,0,6,0,0,0,0,0,0,0,0,0,0,0,0,0,1,0,0,0,0,0,0,0,0,1,1,0,0,0,0,0,0,0,0,0,0,1,0,0,10,1,0,0,0,0,0,0,0,0,0,0,0,3,0,0,0,0,0,0,0,0,0,0,0,0,0,0,0,0,0,0,0,0,0,0,0,0,0,0,0,0,0,0,0,0,0,0,5042,0,0,0,0,0,0,0,0,0,0,0,0,0,0,0,0,0,0,0,0,0,0,0,0,0,0,0,0,0,0,0,0,0,0,0,0,0,0,0,0,0,0,0,0,0,0,0,0,0,0,0,0,0,0,0,0,0,0,0,0,0,0,0,0,0,0,0,0
c5aee1e60e4183e7eda5ea6fe53bc540,3.2,12,56,234,643,1,8,39,5,5,20,4,0,3,2,512,9,245,1,1,32,190,1,9,1,2,1,4,1,1,8,4,20,1,109,3,0,0,2,3,1,27,0,2,6,1,0,1,0,3,2,3,0,0,0,3,24,2,2,76,0,1,1,1,125,3,0,12,0,0,0,13,0,0,3,0,528,356,0,0,0,14,0,0,2,1,0,1,0,0,3,12,1,13,0,2,0,12,0,0,31,13,2,0,3,6,2,0,1,0,11,0,6,8,0,6,2,128,9,3063,0,0,0,0,0,0,0,0,0,1,3,0,8,0,0,0,0,0,0,0,0,0,0,0,0,1,1,5,2,0,0,0,0,0,0,0,0,0,2,7,0,0,2,0,2,2,3,0,0,0,0,1,0,1,0,0,0,4,0,0,2,0,0,0,9,0,0,0,0,1,0,1,1,1,0,0,0,0,1,0,0,0,0,10,1,0,0,0,0,0,0,0,0,0,0,0,0,0,0,0,0,0,0,1,0,0,0,0,0,0,0,0,0,0,0,0,0,0,0,0,0,0,0,0,0,0,0,0,0,0,0,0,0,0,0,0,0,0,0,0,0,0,0,0,0,0,0,0,0,0,0,0,0,0,0,0,0,0,0,0,0,0,0,0,0,0,0,0,0,0
c7b338d97488367276f1bce4a6245cca,2.0,7,12,84,39,3,6,9,6,3,6,2,1,2,3,39,0,2,0,0,5,12,0,0,0,0,0,0,1,0,10,3,5,0,0,2,2,3,1,0,0,4,2,0,24,0,0,1,0,0,0,2,0,0,0,0,2,0,0,0,0,1,0,0,0,1,0,0,0,0,0,0,0,0,0,0,7,7,0,0,0,46,18,6,0,1,0,0,0,0,0,0,0,16,14,0,8,0,0,0,9,0,0,0,3,3,0,0,1,0,0,0,6,0,0,1,1,2,1,0,0,0,0,0,0,0,0,0,28,1,0,0,0,0,0,1,0,0,0,0,0,0,0,0,0,0,0,0,0,1,0,0,1,0,0,0,0,0,1,1,0,0,0,0,0,0,0,0,0,0,1,0,0,2,1,0,0,0,0,0,0,0,0,0,0,0,3,0,0,0,0,0,0,0,0,0,0,0,0,0,1,0,0,0,0,0,0,0,0,0,0,0,0,0,0,0,0,0,0,0,0,15552,0,0,0,0,0,0,0,0,0,0,0,0,0,0,0,0,0,0,0,0,0,0,0,0,0,0,0,0,0,0,0,0,0,0,0,0,0,0,0,0,0,0,0,0,0,0,0,0,0,0,0,0,0,0,0,0,0,0,0,0,0,0,0,0,0,0,0,0
c7cccfa2500b537adbedcce469fa3480,1.4,14,23,92,28,0,3,19,4,1,2,1,0,0,2,169,1,5,0,1,10,192,1,4,0,0,0,4,1,1,1,2,10,1,37,2,2,0,0,0,0,0,0,0,0,1,0,0,0,0,0,0,0,0,0,0,2,0,0,0,0,0,0,0,2822,2,0,1,0,0,0,0,0,0,0,0,210,158,0,58,922,525,0,898,0,1,0,0,0,0,1,0,0,12,0,2,242,2,0,0,5,11,0,0,1,4,2,0,1,0,0,0,6,8,0,2,0,60,0,0,0,0,0,0,0,0,0,0,0,0,2,0,0,0,0,0,0,0,0,0,0,0,0,0,0,39,0,0,0,0,0,0,0,0,0,0,0,0,0,0,0,0,0,0,0,0,0,0,0,0,0,0,0,0,0,0,0,0,0,0,0,0,0,0,0,0,0,0,0,0,0,0,0,0,0,0,0,0,0,0,0,0,0,0,0,0,0,0,0,0,0,0,0,0,0,0,0,0,0,0,0,1782,0,0,0,0,0,0,0,0,0,0,0,0,0,0,0,0,0,0,0,0,0,0,0,0,0,0,0,0,0,0,0,0,0,0,0,0,0,0,0,0,0,0,0,0,0,0,0,0,0,0,0,0,0,0,0,0,0,0,0,0,0,0,0,0,0,0,0,0
c41d0febd6a9eae9eff5ee3f96d72cbd,6.8,12,53,201,88,13,25,9,27,3,19,5,1,7,2,67,2,16,1,0,17,20,0,2,0,1,0,0,1,0,19,78,5,0,16,2,0,6,1,0,0,4,5,3,18,0,0,5,0,0,0,1,0,1,1,9,7,0,0,0,0,0,0,0,402,0,0,0,0,0,1,0,0,0,0,0,7,7,0,0,0,19,0,1,0,1,0,0,0,0,1,0,0,27,19,0,0,0,0,0,13,3,0,0,2,3,0,0,2,0,0,0,6,0,0,0,1,18,2,0,0,9,0,0,0,0,1,0,36,2,1,0,0,0,0,2,0,0,0,0,0,0,0,0,0,0,0,0,0,2,0,0,2,0,0,0,0,0,2,1,0,0,0,0,0,0,0,0,0,0,0,0,0,2,0,0,0,0,0,0,0,0,0,0,0,0,3,0,0,0,0,0,0,0,0,0,192,0,0,0,2,0,0,0,0,0,0,1,0,0,0,0,0,0,0,0,0,0,0,20,0,0,0,1,0,0,0,0,0,0,1,0,0,0,0,0,0,0,0,0,0,0,0,0,0,0,0,0,0,0,0,0,0,0,0,0,0,0,0,0,0,0,0,0,0,0,0,0,0,0,0,0,0,0,0,0,0,0,0,0,0,0,0,0,0,0,0,0,0,0
26b74819af76220fdaa4e90d4e35afde,1.6,0,17,464,6,4,3,2,1,0,4,1,0,2,1,19,1,2,0,1,1,1,0,0,0,0,1,2,0,0,0,1,1,1,1,0,0,3,0,0,0,0,0,0,0,0,0,0,0,0,0,0,0,0,0,3,1,0,0,0,0,0,0,0,0,0,0,0,0,0,0,0,0,0,0,0,0,0,0,0,0,0,0,0,0,0,0,0,0,0,0,0,0,0,0,0,0,0,0,0,0,0,0,0,0,0,0,0,0,0,0,0,0,0,0,0,0,0,0,0,0,0,0,0,0,0,0,0,0,0,0,0,0,0,0,0,0,0,0,0,0,0,0,0,0,0,0,0,0,0,0,0,0,0,0,0,0,0,0,0,0,0,0,0,0,0,0,0,0,0,0,0,0,0,0,0,0,0,0,0,0,0,0,0,0,0,0,0,0,0,0,0,0,0,0,0,0,0,0,0,0,0,0,0,0,0,0,0,0,0,0,0,0,0,0,0,0,0,0,0,0,0,0,0,0,0,0,0,0,0,0,0,0,0,0,0,0,0,0,0,0,0,0,0,0,0,0,0,0,0,0,0,0,0,0,0,0,0,0,0,0,0,0,0,0,0,0,0,0,0,0,0,0,0,0,0,0,0,0,0,0,0,0,0,0,0,0,0,0,0
6d1bb8a3d8d5f12ba9022fb48f6f676d,1.8,34,23,2639,13,7,2293,4,22,67,21,3,1,3,1,33,1,2,1,1,8,5,1,2,1,1,1,2,1,2,2,1,1,1,1,0,0,0,0,0,0,0,0,0,0,0,0,0,0,0,0,0,0,0,0,3,1,0,0,0,0,0,0,0,0,0,0,0,0,0,0,0,0,0,0,0,0,0,0,0,0,0,0,0,0,0,0,0,0,0,0,0,0,0,0,0,0,0,0,0,0,0,0,0,0,0,0,0,0,0,0,0,0,0,0,0,0,0,0,0,0,0,0,0,0,0,0,0,0,0,0,0,0,0,0,0,0,0,0,0,0,0,0,0,0,0,0,0,0,0,0,0,0,0,0,0,0,0,0,0,0,0,0,0,0,0,0,0,0,0,0,0,0,0,0,0,0,0,0,0,0,0,0,0,0,0,0,0,0,0,0,0,0,0,0,0,0,0,0,0,0,0,0,0,0,0,0,0,0,0,0,0,0,0,0,0,0,0,0,0,0,0,0,0,0,0,0,0,0,0,0,0,0,0,0,0,0,0,0,0,0,0,0,0,0,0,0,0,0,0,0,0,0,0,0,0,0,0,0,0,0,0,0,0,0,0,0,0,0,0,0,0,0,0,0,0,0,0,0,0,0,0,0,0,0,0,0,0,0,0
6d7accb9618f1bf784cfc3c3bd0efeae,2.8,0,20,59,13,523,8,2,40,21,82,0,0,79,0,56,0,11,1,0,2,2,0,9,0,0,188,0,3,0,23,0,82,0,2,1,5,0,0,0,0,2,3,0,0,0,0,0,1,0,0,2,0,0,0,0,0,0,0,0,0,0,0,0,5,0,202,1,0,6,5,0,0,0,1,0,0,0,0,0,0,0,0,0,0,0,0,1,2,0,0,0,0,0,0,0,0,0,0,1,2,16,0,0,1,4,0,0,1,0,0,0,1,0,0,0,3,0,0,0,0,0,0,0,0,0,0,0,0,1,3,0,0,0,0,0,0,0,1,0,0,0,0,0,8,0,0,0,0,0,0,0,0,0,0,0,0,0,2,1,0,0,0,0,0,0,0,0,0,0,0,0,0,3,0,12,0,0,0,0,0,0,0,0,0,21,0,0,0,0,0,0,0,0,0,0,0,0,0,0,0,0,0,0,0,0,2,0,0,0,0,1,1,0,0,0,0,0,0,0,0,0,0,5,0,0,0,0,0,0,0,0,0,0,0,0,0,0,0,0,0,0,0,0,0,0,0,0,0,0,0,0,0,0,0,0,0,0,0,0,0,0,0,0,0,0,0,0,0,0,0,0,0,0,0,0,0,0,0,0,0,0,0,0,0,0,0,0,0,0
6d36b83fcb1a0af3222eed6f73e64f3a,3.4,0,11,175,0,2,4,3,2,4,5,0,0,2,2,34,0,0,0,1,23,11,0,1,0,0,3,0,0,1,0,1,3,0,0,1,1,7,0,1,0,1,3,1,1,0,0,0,0,0,1,0,0,0,0,0,0,2,2,84,0,0,0,0,3496,0,0,0,0,0,0,0,0,0,0,0,0,0,0,0,0,0,0,0,0,0,0,0,0,0,0,0,0,0,0,0,0,0,0,0,0,0,0,0,1,1,0,0,0,2,0,2,1,0,0,0,0,1,0,0,0,0,1,0,0,0,0,0,0,0,0,0,0,0,0,0,0,0,0,0,0,0,0,0,1,0,0,0,0,0,0,0,0,0,0,0,0,0,0,0,0,0,0,0,0,0,0,0,0,0,0,0,0,1,0,0,0,0,0,0,0,0,0,0,0,0,0,0,0,0,0,0,0,0,0,0,0,0,0,0,0,0,0,0,0,0,0,0,0,0,0,0,0,0,0,0,0,0,0,0,0,0,0,0,0,0,0,0,0,0,0,0,0,0,0,1,0,0,0,0,0,0,0,0,0,0,0,0,0,0,0,0,0,0,0,0,0,0,0,0,0,0,0,0,0,0,0,0,0,0,0,0,0,0,0,0,0,0,0,0,0,0,0,0,0,0,0,0,0,0
6d52ee4b4c2ed152bdf37b94a5e79f05,1.4,0,17,366,10,5,4,2,5,3,8,2,1,3,1,32,1,4,1,25,8,7,1,2,1,1,2,2,0,0,0,1,131,1,1,0,0,6,0,0,0,0,0,0,0,0,0,0,0,0,0,0,0,0,0,0,1,0,0,0,0,0,0,0,0,0,0,0,0,0,0,0,0,0,0,0,0,0,0,0,0,0,0,0,0,0,0,0,0,0,0,0,0,0,0,0,0,0,0,0,0,0,0,0,1,1,0,0,0,0,0,0,1,0,0,0,0,0,0,0,0,0,0,0,0,0,0,0,0,0,0,0,0,0,0,0,0,0,0,0,0,0,0,0,0,0,0,0,0,0,0,0,0,0,0,0,0,0,0,0,0,0,0,0,0,0,0,0,0,0,0,0,0,0,0,0,0,0,0,0,0,0,0,0,0,0,0,0,0,0,0,0,0,0,0,0,0,0,0,0,0,0,0,0,0,0,0,0,0,0,0,0,0,0,0,0,0,0,0,0,0,0,0,0,0,0,0,0,0,0,0,0,0,0,0,0,0,0,0,0,0,0,0,0,0,0,0,0,0,0,0,0,0,0,0,0,0,0,0,0,0,0,0,0,0,0,0,0,0,0,0,0,0,0,0,0,0,0,0,0,0,0,0,0,0,0,0,0,0,0
6d407386a0e9961ca15768e44bdd3bd7,2.0,0,16,392,10,5,3,2,5,3,8,159993,1,3,1,33,1,3,1,1,6,5,1,2,1,1,2,2,0,0,0,1,1,1,1,0,0,10,0,0,0,0,0,0,0,0,0,0,0,0,0,0,6,0,0,3,1,0,0,0,0,0,0,0,0,0,0,0,0,0,0,0,0,0,0,0,0,0,0,0,0,0,0,0,0,0,0,0,0,0,0,0,0,0,0,0,0,0,0,0,0,0,0,0,0,0,0,0,0,0,0,0,0,0,0,0,0,0,0,0,0,0,4,0,0,0,0,0,0,0,0,0,0,0,0,0,0,0,0,0,0,0,0,0,0,0,0,0,0,0,0,0,0,0,0,0,0,0,0,0,0,0,0,0,0,0,0,0,0,0,0,0,0,0,0,0,0,0,0,0,0,0,0,0,0,0,0,0,0,0,0,0,0,0,0,0,0,0,0,0,0,0,0,0,0,0,0,0,0,0,0,0,0,0,0,0,0,0,0,0,0,0,0,0,0,0,0,0,0,0,0,0,0,0,0,0,0,0,0,0,0,0,0,0,0,0,0,0,0,0,0,0,0,0,0,0,0,0,0,0,0,0,0,0,0,0,0,0,0,0,0,0,0,0,0,0,0,0,0,0,0,0,0,0,0,0,0,0,0,0
6daa08ab2b1839fed75039d294241d86,1.6,0,16,389,16,5,4,2,5,3,8,3,1,3,1,29,1,4,1,1,6,5,1,2,1,1,2,2,0,0,0,1,1,1,1,0,0,5,0,0,0,0,0,0,0,0,0,0,0,0,0,0,6,0,0,3,1,0,0,0,0,0,0,0,0,0,0,0,0,0,0,0,0,0,0,0,0,0,0,0,0,0,0,0,0,0,0,0,0,0,0,0,0,0,0,0,0,0,0,0,0,0,0,0,0,0,0,0,0,0,0,0,0,0,0,3,0,0,0,0,0,0,4,0,0,0,0,0,0,0,0,0,0,0,0,0,0,0,0,0,0,0,0,0,0,0,0,0,0,0,0,0,0,0,0,0,0,0,0,0,0,0,0,0,0,0,0,0,0,0,0,0,0,0,0,0,0,0,0,0,0,0,0,0,0,0,0,0,0,0,0,0,0,0,0,0,0,0,0,0,0,0,0,0,0,0,0,0,0,0,0,0,0,0,0,0,0,0,0,0,0,0,0,0,0,0,0,0,0,0,0,0,0,0,0,0,0,0,0,0,0,0,0,0,0,0,0,0,0,0,0,0,0,0,0,0,0,0,0,0,0,0,0,0,0,0,0,0,0,0,0,0,0,0,0,0,0,0,0,0,0,0,0,0,0,0,0,0,0,0
6db3f46cd1977193d33cd16e4c192aab,1.8,26,52,856,137,13,24,108,653,2200,427,2,1,44,2,344,51,78,0,1,44,15,0,5,0,0,0,4,0,14,4,24,118,9,2031,0,2,11,1,0,0,25,0,0,0,9,0,0,1,1,0,1,0,0,0,0,10,0,0,0,0,0,0,0,0,18,11,4,0,0,0,0,0,0,1,0,0,0,0,0,6,787,116,57,0,0,0,0,0,0,16,2,32,57,18,3,96,219,0,0,22,257,2,27,53,54,0,0,0,0,0,0,2,8,0,0,0,1994,0,0,0,0,10,0,0,1,0,0,2,0,4,3,3,0,0,30,9,18,1,0,0,0,0,0,0,0,0,0,0,0,0,0,109,0,0,0,0,0,5,12,0,0,0,0,2,2,1,0,0,0,0,0,0,0,0,0,0,0,0,0,0,0,0,0,0,0,0,0,0,0,0,0,0,0,0,0,0,0,0,0,0,0,0,0,0,0,0,0,0,0,0,0,0,0,0,0,0,0,0,0,0,0,0,0,0,0,0,0,0,0,0,0,0,0,0,0,0,0,0,0,0,0,0,0,0,0,0,0,0,0,0,0,0,0,0,0,0,0,0,0,0,0,0,0,0,0,0,0,0,0,0,0,0,0,0,0,0,0,0,0,0,0,0,0,0,0,0,0,0,0
0cea21ec502d0cc840e6c32f33924efe,11.6,0,230,745,70,100,2619,7,238,141,372,59,3,286,2,176,78,54,1,3,20,12,0,49,0,2,19,0,0,79,35,5,78,0,115,100,1264,121,10,67,0,29,20,14,3,0,0,4,1,21,6,4,9,0,0,5,10,98,98,4132,0,0,0,0,820,2,10,4,0,1,1,23,1,1,1,0,2,0,8,0,0,0,0,0,0,0,0,0,0,0,0,0,0,8,8,2,0,0,0,1,27,0,3,0,56,24,0,0,1,0,2,0,6,0,0,0,41,109,0,0,12,0,10,0,0,0,0,2,0,0,5,0,0,0,0,0,10,7,1,0,0,0,0,0,0,0,0,0,0,0,0,0,0,0,2,0,0,0,20,52,0,0,0,0,3,3,0,0,0,18,0,2,0,5,0,4,0,7,1,1,2,0,0,0,0,8,2,0,0,0,0,0,0,0,2,0,0,0,0,0,0,0,0,0,1,0,2,6,1,0,0,0,0,0,1,0,0,0,0,25,0,0,0,3,0,0,0,0,0,0,0,0,0,0,0,0,0,0,0,0,0,0,0,0,0,1,0,0,0,0,0,0,1,0,0,0,0,0,0,0,0,0,0,0,0,0,0,0,0,0,0,0,0,0,0,0,0,0,0,0,0,0,0,0,0,0,0,0,0,0
1a89b7d4fb8ded72e1f8e81ee9352262,8.2,51,146,749,680,131,41,11,792,623,799,5,0,221,6,12508,75,563,0,4,64,35,2,21,0,1,6,6,2,949,104,94,180,0,123,17,11,15,2,21,0,4,5,1,59,0,16,3,2,7,7,97,0,0,0,9,60,7238,7238,294904,0,1,0,0,984,16,7357,25,2,1,0,35,1,1,2,0,4,0,10,4,0,299,120,23,0,53,0,0,0,0,13,0,66,120,44,7,17,36,0,2,7,7773,4,46,63,70,1,0,1,0,0,0,20,16,0,4,11,160,0,0,137,5,65,0,0,2,3,0,4,1,12,8,1,0,2,96,16,10,2,0,0,0,0,0,6,0,0,13,0,0,3387,0,1,395,0,0,0,0,21,40,0,0,0,1,5,5,7,0,0,0,3,19,0,5,1,11,0,11,1,22,4,0,0,0,5,10,0,55,1,1,1,1,1,1,0,0,0,2,0,0,1,0,0,0,0,0,2,3,0,0,0,0,0,0,0,0,0,0,0,0,0,979,1,0,0,0,0,0,0,0,4,0,0,0,0,0,0,0,0,0,0,0,0,0,0,0,0,0,0,0,0,0,0,0,0,0,0,0,0,0,0,0,0,0,0,0,0,0,0,0,0,0,0,0,0,0,0,0,0,0,0,0,0,0,0,0,0,0,0,0
6dde7b5dadc6ed1948017bedc648ad46,2.0,0,16,392,10,5,3,2,5,3,8,159993,1,3,1,33,1,3,1,1,6,5,1,2,1,1,2,2,0,0,0,1,1,1,1,0,0,10,0,0,0,0,0,0,0,0,0,0,0,0,0,0,6,0,0,3,1,0,0,0,0,0,0,0,0,0,0,0,0,0,0,0,0,0,0,0,0,0,0,0,0,0,0,0,0,0,0,0,0,0,0,0,0,0,0,0,0,0,0,0,0,0,0,0,0,0,0,0,0,0,0,0,0,0,0,0,0,0,0,0,0,0,4,0,0,0,0,0,0,0,0,0,0,0,0,0,0,0,0,0,0,0,0,0,0,0,0,0,0,0,0,0,0,0,0,0,0,0,0,0,0,0,0,0,0,0,0,0,0,0,0,0,0,0,0,0,0,0,0,0,0,0,0,0,0,0,0,0,0,0,0,0,0,0,0,0,0,0,0,0,0,0,0,0,0,0,0,0,0,0,0,0,0,0,0,0,0,0,0,0,0,0,0,0,0,0,0,0,0,0,0,0,0,0,0,0,0,0,0,0,0,0,0,0,0,0,0,0,0,0,0,0,0,0,0,0,0,0,0,0,0,0,0,0,0,0,0,0,0,0,0,0,0,0,0,0,0,0,0,0,0,0,0,0,0,0,0,0,0,0
6df8fd9429cde0441d301d457a977014,1.8,0,20,572,9,5,6,2,4,3,7,2,1,3,1,24,1,3,1,2,1,2,0,2,1,1,2,2,0,0,0,1,1,1,1,0,0,6,0,0,0,0,1,0,0,0,0,0,0,0,0,0,0,0,0,3,1,0,0,0,0,0,0,0,0,0,0,0,0,0,0,0,0,0,0,0,0,0,0,0,0,0,0,0,0,0,0,0,0,0,0,0,0,0,0,0,0,0,0,0,0,0,0,0,0,0,0,0,0,0,0,0,0,0,0,0,0,0,0,0,0,0,0,0,0,0,0,0,0,0,0,0,0,0,0,0,0,0,0,0,0,0,0,0,0,0,0,0,0,0,0,0,0,0,0,0,0,0,0,0,0,0,0,0,0,0,0,0,0,0,0,0,0,0,0,0,0,0,0,0,0,0,0,0,0,0,0,0,0,0,0,0,0,0,0,0,0,0,0,0,0,0,0,0,0,0,0,0,0,0,0,0,0,0,0,0,0,0,0,0,0,0,0,0,0,0,0,0,0,0,0,0,0,0,0,0,0,0,0,0,0,0,0,0,0,0,0,0,0,0,0,0,0,0,0,0,0,0,0,0,0,0,0,0,0,0,0,0,0,0,0,0,0,0,0,0,0,0,0,0,0,0,0,0,0,0,0,0,0,0
6e1e27cbfe5989a9eb334f7e4400a45d,5.8,0,4,37,11,1,4,1,1,0,3,0,0,1,0,32,2,3,1,1,7,6,1,2,1,2,2,2,0,0,0,1,1,1,1,0,0,4,0,0,0,0,0,0,0,0,0,1,0,0,0,0,11,1,1,6,2,0,0,0,0,0,0,0,0,0,0,0,0,0,0,0,0,0,0,0,0,0,0,0,0,0,0,0,0,0,0,0,0,0,0,0,0,95,95,0,0,0,0,0,0,0,0,0,0,0,0,0,1,0,0,0,0,0,0,0,0,0,0,0,0,0,4,0,0,0,0,0,95,0,0,0,0,0,0,0,0,0,0,0,0,0,0,0,0,0,0,0,0,0,0,0,0,0,0,0,0,0,0,0,0,0,0,0,0,0,0,0,0,0,0,0,0,0,0,0,0,0,0,0,0,0,0,0,0,0,0,0,0,0,0,0,0,0,0,0,0,0,0,0,0,0,0,0,0,0,0,0,0,0,0,0,0,0,0,0,0,0,0,0,0,0,0,0,0,0,0,0,0,0,0,0,0,0,0,0,0,0,0,0,0,0,0,0,0,0,0,0,0,0,0,0,0,0,0,0,0,0,0,0,0,0,0,0,0,0,0,0,0,0,0,0,0,0,0,0,0,0,0,0,0,0,0,0,0,0,0,0,0,0
6e7b502f9a3cd5fbf49f7577be09f973,4.8,0,3,25,17,1,3,0,1,0,3,0,0,1,0,34,2,4,1,1,8,7,1,2,1,1,2,2,0,0,0,1,1,1,1,0,0,10,0,0,0,0,0,0,0,0,0,1,0,1,0,0,6,1,0,3,1,0,0,0,0,0,0,0,0,0,0,0,0,0,0,0,0,0,0,0,0,0,0,0,0,6,0,0,0,0,0,0,0,0,0,0,0,0,0,0,0,0,0,0,0,0,0,0,0,1,1,0,2,0,0,0,0,0,0,0,0,0,0,0,0,2,2,0,0,0,0,0,0,0,0,0,0,0,0,0,0,0,0,0,0,0,1,0,0,0,0,0,0,0,0,1,0,0,0,0,0,0,0,0,0,0,0,0,0,0,0,0,0,0,0,0,0,0,0,0,0,0,0,0,0,0,0,0,0,0,0,0,0,0,0,0,0,0,0,0,0,0,0,0,0,0,0,0,0,0,0,0,0,0,0,0,0,0,0,0,0,0,0,5,0,0,0,0,0,0,0,0,0,0,0,0,0,0,0,0,0,0,0,0,0,0,0,0,0,0,0,0,0,0,0,0,0,0,0,0,0,0,0,0,0,0,0,0,0,0,0,0,0,0,0,0,0,0,0,0,0,0,0,0,0,0,0,0,0,0,0,0,0,0
6e658fbf93257130ff89bc4b00d3b3f0,1.4,0,17,605,4,4,2,2,4,3,5,2,1,2,1,2,0,1,0,1,0,0,0,0,0,0,1,2,0,0,0,0,0,0,0,0,0,3,0,0,0,0,1,0,0,0,0,0,0,0,0,0,0,0,0,0,0,0,0,0,0,0,0,0,0,0,0,0,0,0,0,0,0,0,0,0,0,0,0,0,0,0,0,0,0,0,0,0,0,0,0,0,0,0,0,0,0,0,0,0,0,0,0,0,0,0,0,0,0,0,0,0,0,0,0,0,0,0,0,0,0,0,0,0,0,0,0,0,0,0,0,0,0,0,0,0,0,0,0,0,0,0,0,0,0,0,0,0,0,0,0,0,0,0,0,0,0,0,0,0,0,0,0,0,0,0,0,0,0,0,0,0,0,0,0,0,0,0,0,0,0,0,0,0,0,0,0,0,0,0,0,0,0,0,0,0,0,0,0,0,0,0,0,0,0,0,0,0,0,0,0,0,0,0,0,0,0,0,0,0,0,0,0,0,0,0,0,0,0,0,0,0,0,0,0,0,0,0,0,0,0,0,0,0,0,0,0,0,0,0,0,0,0,0,0,0,0,0,0,0,0,0,0,0,0,0,0,0,0,0,0,0,0,0,0,0,0,0,0,0,0,0,0,0,0,0,0,0,0,0
6e863d7d2a9f08f7ab842b5a7d9eff60,12.4,80,281,6971,490,83,4749,245,225,237,502,43,3,71,26,3208,4,56,6,21,415,751,4,141,12,18,30,21,10,382,38,75,49,3,73,519,10,183,5,278,2,11,1,1,7363,3,2,10,3,47,257,1,100,1,1,4,32,11,11,497,18,1,1,2,633,55,13,123,108,12,8,17,4,4,25,2,1299,1042,1,76,1161,2140,450,75,3,73,8,17,17,7,37,66,145,151,105,14,141,1,13,2,40,18,8,8,28,28,28,206,8,7,36,30,32,40,8,7,3,6,3,0,0,8,9072,2,0,1,1,2,0,0,0,0,0,0,0,0,0,0,2,1,1,0,0,0,0,0,0,0,0,0,0,0,0,0,1,0,0,0,0,0,0,0,0,0,0,0,0,0,0,0,0,0,0,0,0,0,0,0,0,0,0,0,0,0,0,0,0,0,0,0,0,0,0,0,0,0,0,0,0,0,0,0,0,0,0,0,0,0,0,0,0,0,0,0,0,0,0,0,0,0,0,0,0,0,0,0,0,0,0,0,0,0,0,0,0,0,0,0,0,0,0,0,0,0,0,0,0,0,0,0,0,0,0,0,0,0,0,0,0,0,0,0,0,0,0,0,0,0,0,0,0,0,0,0,0,0,0,0,0,0,0,0,0,0,0,0,0,0,0,0
6e5990a89b9d1c20c5c0ca7040c8a990,2.0,0,21,492,11,5,4,2,5,3,8,3,1,3,1,29,1,4,1,2,6,5,1,2,1,1,2,2,0,0,0,1,1,1,1,0,0,11,0,0,0,0,0,0,0,0,0,0,0,0,0,0,6,0,0,3,1,0,0,0,0,0,0,0,0,0,0,0,0,0,0,0,0,0,0,0,0,0,0,0,0,0,0,0,0,0,0,0,0,0,0,0,0,0,0,0,0,0,0,0,0,0,0,0,0,0,0,0,0,0,0,0,0,0,0,0,0,0,0,0,0,0,4,0,0,0,0,0,0,0,0,0,0,0,0,0,0,0,0,0,0,0,0,0,0,0,0,0,0,0,0,0,0,0,0,0,0,0,0,0,0,0,0,0,0,0,0,0,0,0,0,0,0,0,0,0,0,0,0,0,0,0,0,0,0,0,0,0,0,0,0,0,0,0,0,0,0,0,0,0,0,0,0,0,0,0,0,0,0,0,0,0,0,0,0,0,0,0,0,0,0,0,0,0,0,0,0,0,0,0,0,0,0,0,0,0,0,0,0,0,0,0,0,0,0,0,0,0,0,0,0,0,0,0,0,0,0,0,0,0,0,0,0,0,0,0,0,0,0,0,0,0,0,0,0,0,0,0,0,0,0,0,0,0,0,0,0,0,0,0
1a7695db3f2e814da81f912f73c11d15,7.4,1,45,822,100,77,62,9,83,43,188,3,0,193,1,122,0,38,1,0,4,3,0,2,0,0,4,0,0,49,26,6,39008,1,1,12,13,25,0,0,0,4,3,0,0,0,0,0,0,6,0,0,5,0,0,0,4,686,23,499,1,0,0,0,664,2,5,2,16,0,0,0,0,0,1,0,0,0,0,0,0,22,0,0,0,2,0,4,0,0,2,0,0,0,0,2,0,0,0,0,5,0,2,0,0,4,1,0,0,0,0,0,3,0,0,0,3,1,0,0,0,0,15,0,0,0,0,1,0,0,9,0,0,0,0,6,2,0,0,0,0,0,0,0,4,0,0,0,0,0,0,0,0,1,1,0,0,0,17,20,2,4,0,6,3,3,0,0,0,0,0,0,0,3,0,0,0,11,0,0,0,0,0,0,10,8,0,0,0,0,0,0,0,0,0,0,0,0,0,0,0,0,0,0,0,0,3,3,0,0,0,0,0,0,0,0,0,0,0,0,0,0,6,0,0,0,0,0,0,0,0,0,0,0,0,0,0,0,0,0,0,0,0,0,0,0,0,0,0,0,0,0,0,0,0,0,0,0,0,0,0,0,0,0,0,0,0,0,0,0,0,0,0,0,0,0,0,0,0,0,0,0,0,0,0,0,0,0,0,0
6f07e4a3ea8c6b4f0c667667e088a37a,1.2,0,18,258,9,3,2,4,5,4,9,1,1,3,0,26,1,8,1,1,6,5,1,2,1,1,2,2,0,0,0,1,1,1,1,0,0,2,0,0,0,0,0,0,0,0,0,0,0,0,0,0,0,0,0,3,1,0,0,0,0,0,0,0,0,0,0,0,0,0,0,0,0,0,0,0,0,0,0,0,0,0,0,0,0,0,0,0,0,0,0,0,0,0,0,0,0,0,0,0,0,0,0,0,0,0,0,0,0,0,0,0,0,0,0,0,0,0,0,0,0,0,0,0,0,0,0,0,0,0,0,0,0,0,0,0,0,0,0,0,0,0,0,0,0,0,0,0,0,0,0,0,0,0,0,0,0,0,0,0,0,0,0,0,0,0,0,0,0,0,0,0,0,0,0,0,0,0,0,0,0,0,0,0,0,0,0,0,0,0,0,0,0,0,0,0,0,0,0,0,0,0,0,0,0,0,0,0,0,0,0,0,0,0,0,0,0,0,0,0,0,0,0,0,0,0,0,0,0,0,0,0,0,0,0,0,0,0,0,0,0,0,0,0,0,0,0,0,0,0,0,0,0,0,0,0,0,0,0,0,0,0,0,0,0,0,0,0,0,0,0,0,0,15026,0,0,0,0,0,0,0,0,0,0,0,0,0,0,0,0
6f8c0bfbcc4f56a982a14d756504c589,4.8,0,3,25,14,1,3,0,1,0,3,0,0,1,0,35,2,3,1,1,8,7,1,2,1,1,2,2,0,0,0,1,2,1,1,0,0,13,0,0,0,0,0,0,0,0,0,1,0,1,0,0,6,1,0,3,1,0,0,0,0,0,0,0,1,0,0,0,0,0,0,1,0,0,0,0,0,0,0,0,0,6,0,0,0,0,0,0,0,0,0,0,0,0,0,0,0,0,0,0,0,0,0,0,0,1,1,0,3,0,0,0,0,0,0,0,0,0,0,0,0,2,2,0,0,0,0,0,0,0,0,0,0,0,0,0,0,0,0,0,0,0,2,0,0,0,0,0,0,0,0,1,0,0,0,0,0,0,0,0,0,0,0,0,0,0,0,0,0,0,0,0,0,0,0,0,0,0,0,0,0,0,0,0,0,0,0,0,0,0,0,0,0,0,0,0,0,0,0,0,0,0,0,0,0,0,0,0,0,0,0,0,0,0,1,0,0,0,0,5,0,0,0,0,0,0,0,0,0,0,0,0,0,0,0,0,0,0,0,0,0,0,0,0,0,0,0,0,0,0,0,0,0,0,0,0,0,0,0,0,0,0,0,0,0,0,0,0,0,0,0,0,0,0,0,0,0,0,0,0,0,0,0,0,0,0,0,0,0,0
6f9f9b1abe29a2568d5297b72c70a201,1.8,2,4,90,6,0,1,0,0,0,0,0,0,0,0,0,0,1,0,0,0,0,0,0,0,0,0,0,0,0,0,0,0,0,0,0,0,2,0,0,0,0,0,0,0,0,0,0,0,0,0,0,0,0,0,1,0,0,0,0,0,0,0,0,0,0,0,0,0,0,0,0,0,0,0,0,0,0,0,0,0,3,0,0,0,0,0,0,0,0,0,0,0,2,0,0,0,0,0,0,0,0,0,0,0,1,1,0,0,0,0,0,0,0,0,0,0,0,0,0,0,1,0,0,0,0,0,0,0,0,0,0,0,0,0,0,0,0,0,0,0,0,0,0,0,0,0,0,0,0,0,0,0,0,0,0,0,0,0,0,0,0,0,0,0,0,0,0,0,0,0,0,0,0,0,0,0,0,0,0,0,0,0,0,0,0,0,0,0,0,0,0,0,0,0,0,0,0,0,0,0,0,0,0,0,0,0,0,0,0,0,0,0,0,0,0,0,0,0,0,0,0,0,0,0,0,0,0,0,0,0,0,0,0,0,0,0,0,0,0,0,0,0,0,0,0,0,0,0,0,0,0,0,0,0,0,0,0,0,0,0,0,0,0,0,0,0,0,0,0,0,0,0,0,0,0,0,0,0,0,0,0,0,0,0,0,0,0,0,0
6f43a43ab1d9c73b34e5df7b2a9c6b56,1.4,0,22,672,11,5,3,2,5,3,8,2,1,3,1,97,1,5,1,3,6,5,1,2,1,1,2,2,0,0,0,1,1,1,1,0,0,5,0,0,0,0,0,0,0,0,0,0,0,0,0,0,0,0,0,3,1,0,0,0,0,0,0,0,1,0,0,0,0,0,0,0,0,0,0,0,0,0,0,0,0,1,0,0,0,0,0,0,0,0,0,0,0,0,0,0,0,0,0,0,0,0,0,0,0,0,0,0,0,0,0,0,0,0,0,0,0,0,0,0,0,0,0,0,0,0,0,0,0,0,0,0,0,0,0,0,0,0,0,0,0,0,0,0,0,0,0,0,0,0,0,0,0,0,0,0,0,0,0,0,0,0,0,0,0,0,0,0,0,0,0,0,0,0,0,0,0,0,0,0,0,0,0,0,0,0,0,0,0,0,0,0,0,0,0,0,0,0,0,0,0,0,0,0,0,0,0,0,0,0,0,0,0,0,0,0,0,0,0,0,0,0,0,0,0,0,0,0,0,0,0,0,0,0,0,0,0,0,0,0,0,0,0,0,0,0,0,0,0,0,0,0,0,0,0,0,0,0,0,0,0,0,0,0,0,0,0,0,0,0,0,0,0,0,0,0,0,0,0,0,0,0,0,0,0,0,0,0,0,0
6fbfcaf44f0014196fd855b9ffd34bf3,1.6,0,19,368,10,3,4,4,5,4,9,1,0,3,0,28,1,4,1,1,6,5,1,2,1,1,2,2,0,0,0,1,1,1,1,0,0,2,0,0,0,0,0,0,0,0,0,0,0,0,0,3212,0,0,0,3,1,0,0,0,0,0,0,0,0,0,0,0,0,0,0,0,0,0,0,0,0,0,0,0,0,0,0,0,0,0,0,0,0,0,0,0,0,0,0,0,0,0,0,0,0,0,0,0,0,0,0,0,0,0,0,0,0,0,0,0,0,0,1799,0,0,0,0,0,0,0,0,0,0,0,0,0,0,0,0,0,0,0,0,0,0,0,0,0,0,0,0,0,0,0,0,0,0,0,0,0,0,0,0,0,0,0,0,0,0,0,0,0,0,0,0,0,0,0,0,0,0,0,0,0,0,0,0,0,0,0,0,0,0,0,0,0,0,0,0,0,0,0,0,0,0,0,0,0,0,0,0,0,0,0,0,0,0,0,0,0,0,0,0,0,0,0,0,0,0,0,0,0,0,0,0,0,0,0,0,0,0,0,0,0,0,0,0,0,0,0,0,0,0,0,0,0,0,0,0,0,0,0,0,0,0,0,0,0,0,0,0,0,0,0,0,0,0,0,0,0,0,0,0,0,0,0,0,0,0,0,0,0,0,0
6fc22c788d8eb5d69dd371fcfd17d807,2.8,0,19,253,11,5,4,0,3,2,5,2,1,0,1,28,1,9,1,1,3,3,0,1,0,0,1,0,0,0,0,0,3,0,31,0,0,11,0,0,0,0,0,0,32,0,0,0,0,0,0,0,0,0,0,3,2,0,0,0,0,0,0,0,0,0,0,0,0,0,0,0,0,0,0,0,0,0,0,0,0,0,0,0,0,0,0,0,0,0,0,0,0,0,0,0,0,0,0,0,2,0,0,4,0,0,0,0,0,0,0,0,0,0,0,0,0,0,0,0,0,0,0,0,0,0,0,0,0,0,0,0,0,0,0,0,0,0,0,0,0,0,0,0,0,0,0,0,0,0,0,0,31,0,0,0,0,0,0,0,0,0,0,0,2,1,0,0,0,0,0,0,0,0,0,0,0,0,0,0,0,0,0,0,0,0,0,0,0,0,0,0,0,0,0,0,0,0,0,0,0,0,0,0,0,0,0,0,0,0,0,1,0,0,0,0,0,0,0,0,0,0,0,0,0,0,0,0,0,0,0,0,0,0,0,0,0,0,0,0,0,0,0,0,0,0,0,0,0,0,0,0,0,0,0,0,0,0,0,0,0,0,0,0,0,0,0,1,0,0,0,0,0,0,0,0,0,0,0,0,0,0,0,0,0,0,0,0,0,0
6fdac130ff4e2d72d96938dd1af69f8c,2.0,0,5,125,15,0,15,1,0,0,0,1,0,0,0,5,0,3,0,1,0,0,0,0,0,0,0,0,0,0,0,0,1,0,0,3,3,7,0,0,0,0,0,0,0,0,0,0,0,0,0,0,0,0,0,1,0,1,1,43,0,0,0,0,8,0,0,0,0,0,0,0,0,0,0,0,0,0,0,0,5,7,0,0,0,0,0,0,0,0,0,0,0,0,0,0,0,0,0,0,0,0,0,0,0,0,0,0,1,0,0,0,0,0,0,0,0,0,0,0,0,3,0,0,0,0,0,0,0,0,0,0,0,0,0,0,0,0,0,0,0,0,0,0,0,0,0,0,0,0,0,0,0,0,0,0,0,0,0,0,0,0,0,0,0,0,0,0,0,0,0,0,0,0,0,0,0,0,0,0,0,0,0,0,0,0,0,0,0,0,0,0,0,0,0,0,0,0,0,0,0,0,0,0,0,0,0,0,0,0,0,0,0,0,0,0,0,0,0,0,0,0,0,0,0,0,0,0,0,0,0,0,0,0,0,0,0,0,0,0,0,0,0,0,0,0,0,0,0,0,0,0,0,0,0,0,0,0,0,0,0,0,0,0,0,0,0,0,0,0,0,0,0,0,0,0,0,0,0,0,0,0,0,0,0,0,0,0,0,0
07c1f25d82893f6a93be5cc245c551b8,3.4,0,7,142,0,0,1,1,3,4,3,1,1,0,0,29,0,0,0,0,22,10,0,1,0,0,3,0,0,1,0,0,3,0,0,1,1,5,0,1,0,1,3,1,1,0,0,0,0,0,1,0,0,0,0,0,0,2,2,81,0,0,0,0,3559,0,0,0,0,0,0,0,0,0,0,0,0,0,0,0,0,0,0,0,0,0,0,0,0,0,0,0,0,0,0,0,0,0,0,1,0,0,0,0,1,1,0,0,0,2,0,2,1,0,0,0,0,1,0,0,0,0,1,0,0,0,0,0,0,0,0,0,0,0,0,0,0,0,0,0,0,0,0,0,1,0,0,0,0,0,0,0,0,0,0,0,0,0,0,0,0,0,0,0,0,0,0,0,0,0,0,0,0,1,0,0,0,0,0,0,0,0,0,0,0,0,0,0,0,0,0,0,0,0,0,0,0,0,0,0,0,0,0,0,0,0,0,0,0,0,0,0,0,0,0,0,0,0,0,0,0,0,0,0,0,0,0,0,0,0,0,0,0,0,0,1,0,0,0,0,0,0,0,0,0,0,0,0,0,0,0,0,0,0,0,0,0,0,0,0,0,0,0,0,0,0,0,0,0,0,0,0,0,0,0,0,0,0,0,0,0,0,0,0,0,0,0,0,0,0
07cb3495453f5791d151c35b68f6db61,10.6,0,37,170,19,460,17,7,48,51,73,1,0,46,1,164,1,13,1,1,41,34,1,8,1,2,185,3,4,0,8,15,88,0,4,2,0,2,0,1,0,2,1,1,2,0,0,5,0,0,1,3,5,1,1,15,9,0,0,0,0,0,0,0,3,0,231,0,0,4,4,0,0,0,1,0,0,0,0,0,0,0,0,0,0,1,0,0,0,0,0,0,0,0,0,0,0,0,0,0,2,17,2,0,6,6,0,0,5,0,0,0,10,8,0,6,0,0,3,0,0,0,0,0,0,0,0,0,0,1,0,0,0,0,2,0,0,2,0,0,0,0,0,0,8,0,0,0,0,0,0,0,0,0,0,0,0,0,1,1,0,0,0,0,0,0,0,0,0,0,0,0,0,1,0,8,0,0,0,0,0,0,0,0,0,14,0,0,0,0,0,0,0,0,0,0,0,0,0,0,0,0,0,0,0,1,1,0,0,0,0,0,1,0,0,0,0,0,0,0,0,0,0,4,0,0,3,0,0,0,0,0,0,0,0,0,0,0,0,0,0,0,0,0,0,0,0,0,0,0,0,0,0,0,0,0,0,0,0,0,0,0,0,0,0,0,0,0,0,0,0,0,0,1,0,0,0,0,0,0,0,0,0,0,0,0,0,0,0,0
7af9d4e2c52149c41477165f12328575,5.6,11,78,495,107,8,66,67,371,267,267,5,0,4,7,365,13,17,0,2,47,174,0,20,2,3,8,7,2,17,22,37,16,0,12,26,0,7,5,32,0,8,0,2,1,0,0,2,0,2,15,0,0,0,0,7,18,1,1,11,0,0,0,0,567,22,9,25,0,0,0,3,0,0,3,0,235,174,8,9,1318,868,704,141,8,76,1,4,4,8,22,13,114,124,105,4,95,2,2,1,19,3,2,3,12,21,0,1,3,1,8,5,15,16,2,5,1,2,1,0,12,2,0,0,0,0,0,0,0,1,12,5,0,0,1,0,3,6,0,0,0,0,0,0,0,0,0,0,0,0,0,0,0,1,1,0,0,0,0,0,0,0,0,0,0,0,0,0,0,0,0,0,0,0,0,0,0,0,0,0,0,0,0,0,0,0,0,0,0,0,0,0,0,0,0,0,0,0,0,0,0,0,0,0,0,0,1,0,0,0,0,0,0,0,0,0,0,0,0,0,0,0,0,0,0,0,1,0,0,0,0,0,0,0,0,0,0,0,0,4,0,0,0,0,0,0,0,0,0,0,0,0,0,0,0,0,0,0,0,0,0,0,0,0,0,0,0,0,0,0,0,0,0,0,0,0,0,0,0,0,0,0,0,0,0,0,0,0,0,0
7b8ca27b8e7df9d41b97327002f08df4,1.8,0,17,406,13,6,4,2,2,1,6,2,0,3,1,29,2,2,1,1,6,5,1,2,1,1,2,2,0,0,0,1,1,1,1,0,0,4,0,0,0,0,0,0,0,0,0,0,0,0,0,0,6,0,0,3,1,0,0,0,0,0,0,0,0,0,0,0,0,0,0,0,0,0,0,0,0,0,0,0,0,0,0,0,0,0,0,0,0,0,0,0,0,0,0,0,0,0,0,0,0,0,0,0,0,0,0,0,0,0,0,0,0,0,0,0,0,0,0,0,0,0,4,0,0,0,0,0,0,0,0,0,0,0,0,0,0,0,0,0,0,0,0,0,0,0,0,0,0,0,0,0,0,0,0,0,0,0,0,0,0,0,0,0,0,0,0,0,0,0,0,0,0,0,0,0,0,0,0,0,0,0,0,0,0,0,0,0,0,0,0,0,0,0,0,0,0,0,0,0,0,0,0,0,0,0,0,0,0,0,0,0,0,0,0,0,0,0,0,0,0,0,0,0,0,0,0,0,0,0,0,0,0,0,0,0,0,0,0,0,0,0,0,0,0,0,0,0,0,0,0,0,0,0,0,0,0,0,0,0,0,0,0,0,0,0,0,0,0,0,0,0,0,0,0,0,0,0,0,0,0,0,0,0,0,0,0,0,0,0
7b0482af714ab250f34998c461982dda,1.4,0,0,0,1,0,1,0,0,0,0,0,1,0,0,0,0,0,0,0,0,0,0,0,0,0,0,0,0,0,0,1,0,0,0,0,1,0,0,0,0,0,0,0,0,0,0,0,0,0,0,0,0,0,0,1,0,1,1,11,0,0,0,0,0,0,0,0,0,0,0,0,0,0,0,0,0,0,0,0,0,0,0,0,0,0,0,0,0,0,0,0,0,0,0,0,0,0,0,0,0,0,0,0,0,0,0,0,0,0,0,0,0,0,0,0,0,0,0,0,0,1,0,0,0,0,0,0,0,0,0,0,0,0,0,0,0,0,0,0,0,0,0,0,0,0,0,0,0,0,0,0,0,0,0,0,0,0,0,0,0,0,0,0,0,0,0,0,0,0,0,0,0,0,0,0,0,0,0,0,0,0,0,0,0,0,0,0,0,0,0,0,0,0,0,0,0,0,0,0,0,0,0,0,0,0,0,0,0,0,0,0,0,0,0,0,0,0,0,0,0,0,0,0,0,0,0,0,0,0,0,0,0,0,0,0,0,0,0,0,0,0,0,0,0,0,0,0,0,0,0,0,0,0,0,0,0,0,0,0,0,0,0,0,0,0,0,0,0,0,0,0,0,0,0,0,0,0,0,0,0,0,0,0,0,0,0,0,0,0
7b480924c1af92ac660d78639803b675,1.4,0,8,878,4,0,1,0,3,2,2,1,1,0,0,1,0,3,0,3,0,0,0,0,0,0,0,0,0,0,0,0,0,0,0,0,0,8,0,0,0,0,0,0,0,0,0,0,0,0,0,0,0,0,0,1,0,0,0,0,0,0,0,0,1,0,0,0,0,0,0,0,0,0,0,0,0,0,0,0,0,1,0,0,0,0,0,0,0,0,0,0,0,0,0,0,0,0,0,0,1,0,0,0,0,0,0,0,0,0,0,0,0,0,0,0,0,0,0,0,0,1,0,0,0,0,0,0,0,0,0,0,0,0,0,0,0,0,0,0,0,0,0,0,0,0,0,0,0,0,0,0,0,0,0,0,0,0,0,0,0,0,0,0,0,0,0,0,0,0,0,0,0,0,0,0,0,0,0,0,0,0,0,0,0,0,0,0,0,0,0,0,0,0,0,0,0,0,0,0,0,0,0,0,0,0,0,0,0,0,0,0,0,0,0,0,0,0,0,0,0,0,0,0,0,0,0,0,0,0,0,0,0,0,0,0,0,0,0,0,0,0,0,0,0,0,0,0,0,0,0,0,0,0,0,0,0,0,0,0,0,0,0,0,0,0,0,0,0,0,0,0,0,0,0,0,0,0,0,0,0,0,0,0,0,0,0,0,0,0
7b75376835ce47ec3a950eddcc3ec27d,7.8,12,55,86,571,2,11,15,82,75,48,0,0,1,1,102,6,205,0,1,12,10,1,4,0,1,0,4,2,0,15,6,10,1,31,3,0,0,1,1,0,0,2,0,0,1,0,1,0,0,1,9,10,1,1,6,7,1,0,12,0,0,0,0,0,1,9,1,0,0,0,0,0,0,0,0,0,0,0,0,0,14,0,0,0,1,0,0,0,0,1,0,1,14,1,2,0,2,0,0,49,9,0,0,1,4,2,0,1,0,0,0,7,8,0,2,0,52,0,0,0,2,0,0,0,0,0,0,1,0,2,0,0,0,0,0,0,0,0,0,0,0,0,0,0,0,0,0,0,0,0,0,0,0,0,0,0,0,0,0,0,0,0,0,0,0,0,0,0,0,0,0,0,0,0,0,0,0,0,0,0,0,0,0,0,0,0,0,0,0,0,0,0,0,0,0,0,0,0,0,0,0,0,0,1,0,1,0,0,0,0,0,0,0,0,0,0,0,0,0,0,0,0,0,0,0,0,0,0,0,0,0,0,0,0,2,0,0,0,0,0,0,0,0,0,0,0,0,0,3,0,0,0,0,0,0,0,0,0,0,0,0,0,0,0,0,0,0,0,0,0,0,0,0,0,0,0,0,0,0,0,0,0,0,0,0,0,0,0,0
7bcf516380f3483dc84d37ec04fcfa29,1.2,0,17,401,16,1,9,5,0,0,1,4,1,1,3,40,1,3,1,2,8,12,1,2,1,1,2,2,0,0,0,1,1,1,1,1,0,12,0,0,0,0,0,0,0,0,0,0,0,0,0,0,6,0,0,3,1,0,0,0,0,0,0,0,0,0,0,0,0,0,0,0,0,0,0,0,0,11,0,0,0,0,0,0,0,0,0,0,0,0,0,0,0,0,0,0,0,0,0,0,0,0,0,0,0,0,0,0,0,0,0,0,0,0,0,3,0,0,0,0,0,0,4,0,0,0,0,0,0,0,0,0,0,0,0,0,0,0,0,0,0,0,0,0,0,0,0,0,0,0,0,0,0,0,0,0,0,0,0,0,0,0,0,0,0,0,0,0,0,0,0,0,0,0,0,0,0,0,0,0,0,0,0,0,0,0,0,0,0,0,0,0,0,0,0,0,0,0,0,0,0,0,0,0,0,0,0,0,0,0,0,0,0,0,0,0,0,0,0,0,0,0,0,0,0,0,0,0,0,0,0,0,0,0,0,0,0,0,0,0,0,0,0,0,0,0,0,0,0,0,0,0,0,0,0,0,0,0,0,0,0,0,0,0,0,0,0,0,0,0,0,0,0,0,0,0,0,0,0,0,0,0,0,0,0,0,0,0,0,0
7be2b7ea39b12d56103537305b2bf71f,1.8,0,21,366,6,5,5,2,1,0,5,1,0,3,1,30,1,3,1,2,8,7,1,2,1,1,2,2,0,0,0,1,1,1,1,0,0,5,0,0,0,0,0,0,0,0,0,0,0,0,0,0,0,0,0,3,1,0,0,0,0,0,0,0,0,0,0,0,0,0,0,0,0,0,0,0,0,0,0,0,0,0,0,0,0,0,0,0,0,0,0,0,0,0,0,0,0,0,0,0,0,0,0,0,0,0,0,0,0,0,0,0,0,0,0,0,0,0,0,0,0,0,0,0,0,0,0,0,0,0,0,0,0,0,0,0,0,0,0,0,0,0,0,0,0,0,0,0,0,0,0,0,0,0,0,0,0,0,0,0,0,0,0,0,0,0,0,0,0,0,0,0,0,0,0,0,0,0,0,0,0,0,0,0,0,0,0,0,0,0,0,0,0,0,0,0,0,0,0,0,0,0,0,0,0,0,0,0,0,0,0,0,0,0,0,0,0,0,0,0,0,0,0,0,0,0,0,0,0,0,0,0,0,0,0,0,0,0,0,0,0,0,0,0,0,0,0,0,0,0,0,0,0,0,0,0,0,0,0,0,0,0,0,0,0,0,0,0,0,0,0,0,0,0,0,0,0,0,0,0,0,0,0,0,0,0,0,0,0,0
7c2cfb14e26737a8d4d263e113fa577f,3.4,0,11,176,2,2,4,3,2,4,5,0,0,2,2,34,0,1,0,1,23,11,0,1,0,0,3,0,0,1,0,1,3,0,0,1,1,8,0,1,0,1,3,1,1,0,0,0,0,0,1,0,0,0,0,0,0,2,2,81,0,0,0,0,3614,0,0,0,0,0,0,0,0,0,0,0,0,0,0,0,0,0,0,0,0,0,0,0,0,0,0,0,0,0,0,0,0,0,0,0,0,0,0,0,1,1,0,0,0,2,0,2,1,0,0,0,0,1,0,0,0,0,1,0,0,0,0,0,0,0,0,0,0,0,0,0,0,0,0,0,0,0,0,0,1,0,0,0,0,0,0,0,0,0,0,0,0,0,0,0,0,0,0,0,0,0,0,0,0,0,0,0,0,1,0,0,0,0,0,0,0,0,0,0,0,0,0,0,0,0,0,0,0,0,0,0,0,0,0,0,0,0,0,0,0,0,0,0,0,0,0,0,0,0,0,0,0,0,0,0,0,0,0,0,0,0,0,0,0,0,0,0,0,0,0,1,0,0,0,0,0,0,0,0,0,0,0,0,0,0,0,0,0,0,0,0,0,0,0,0,0,0,0,0,0,0,0,0,0,0,0,0,0,0,0,0,0,0,0,0,0,0,0,0,0,0,0,0,0,0
7c9cf95bae056987bd0095ec4da26d61,4.6,0,50,301,108,2,262,126,106,49,61,1,0,1,6,1350,32,47,0,3,146,2416,1,8,1,2,2,15,1,16,31,82,96,9,44,6,0,11,16,0,0,34,1,5,17,9,0,4,0,0,5,6,0,0,0,15,12,0,0,0,0,0,0,0,1,16,68,9,0,0,0,0,0,0,1,0,686,1055,8,1,1,27,0,0,0,22,0,0,0,0,17,1,0,0,0,2,0,220,0,1,30,115,2,6,23,28,0,0,3,18,2,12,13,8,0,81,4,57,0,0,0,0,0,0,0,0,0,0,0,2,13,7,3,0,3,1,0,0,0,0,0,0,0,0,0,0,0,0,0,0,0,0,0,0,0,0,0,0,0,0,0,0,0,0,0,0,0,1,0,3,0,0,0,1,0,0,0,0,0,0,0,0,0,0,0,0,0,0,0,0,0,0,0,0,0,0,0,0,0,0,0,0,0,0,0,0,0,0,0,0,0,0,0,0,0,0,0,0,0,0,0,0,0,0,0,0,51,0,0,0,0,0,0,0,0,0,0,0,0,12,0,0,0,0,0,0,0,0,0,0,0,0,0,0,0,0,0,0,0,0,0,0,0,0,0,0,0,0,0,0,0,0,0,1,0,0,0,0,0,0,0,0,0,0,0,0,0,0,0,0
9c9a903d81a61ca6d0f928301cd48c40,3.6,0,6,147,16,1,19,3,4,14,4,0,0,1,0,34825,1,3,0,1,54,18,1,2,1,1,1,0,0,0,28880,51889,5877,0,11744,2,0,11,1,0,0,1960,1,3914,1,0,0,2,0,1,0,1,0,0,0,2,1,0,0,0,0,0,0,0,0,0,3925,0,0,0,0,0,0,0,0,0,0,0,0,0,0,0,0,0,0,0,0,0,0,0,0,0,0,0,0,0,0,0,0,0,47967,1957,1,0,1,1,0,0,1,0,0,0,0,0,0,21531,1957,43063,0,0,0,0,0,0,0,0,0,0,0,0,0,0,0,0,0,0,0,0,0,0,0,0,0,0,0,0,0,0,0,0,0,1,0,0,1,0,0,0,0,0,0,0,0,0,0,0,0,0,0,1,0,0,0,0,0,0,0,0,0,0,0,0,0,0,0,0,0,0,0,0,0,0,0,0,0,0,0,0,0,0,0,0,0,0,0,0,0,0,0,0,0,0,0,0,0,0,0,0,0,0,0,0,0,0,0,0,3914,0,0,0,0,0,0,0,0,1,0,0,0,0,0,0,0,0,0,0,0,0,0,0,0,0,0,0,0,0,0,0,0,0,0,0,0,0,0,0,0,0,0,0,0,0,0,0,0,0,0,0,0,0,0,0,0,0,0,0,0,0,0,0
9c084e270ef14be993aea30a50026c35,5.0,0,2,10,2,0,0,0,0,0,0,0,0,0,0,6,1,0,0,0,1,1,0,0,0,1,0,0,0,0,0,0,0,0,0,0,0,4,0,0,0,0,0,0,0,0,0,1,0,0,0,0,5,1,1,4,1,0,0,0,0,0,0,0,0,0,0,0,0,0,0,0,0,0,0,0,0,0,0,0,0,0,0,0,0,0,0,0,0,0,0,0,0,0,0,0,0,0,0,0,1,0,0,0,0,0,0,0,0,0,0,0,0,0,0,0,0,0,0,0,0,1,1,0,0,0,0,0,0,0,0,0,0,0,0,0,0,0,0,0,0,0,0,0,0,0,0,0,0,0,0,0,0,0,0,0,0,0,0,0,0,0,0,0,0,0,0,0,0,0,0,0,0,0,0,0,0,0,0,0,0,0,0,0,0,0,1,0,0,0,0,0,0,0,0,0,0,0,0,0,0,0,0,0,0,0,0,0,0,0,0,0,0,0,0,0,0,0,0,0,0,0,0,0,0,0,0,0,0,0,0,0,0,0,0,0,0,0,0,0,0,0,0,0,0,0,0,0,0,0,0,0,0,0,0,0,0,0,0,0,0,0,0,0,0,0,0,0,0,0,0,0,0,0,0,0,0,0,0,0,0,0,0,0,0,0,0,0,0,0
9c263a021c4de51e8041b846c5d90ce7,3.4,0,7,144,0,0,1,1,3,4,3,1,1,0,0,29,0,0,0,0,22,10,0,1,0,0,3,0,0,1,0,0,3,0,0,1,1,5,0,1,0,1,3,1,1,0,0,0,0,0,1,0,0,0,0,0,0,2,2,83,0,0,0,0,3575,0,0,0,0,0,0,0,0,0,0,0,0,0,0,0,0,0,0,0,0,0,0,0,0,0,0,0,0,0,0,0,0,0,0,1,0,0,0,0,1,1,0,0,0,2,0,2,1,0,0,0,0,1,0,0,0,0,1,0,0,0,0,0,0,0,0,0,0,0,0,0,0,0,0,0,0,0,0,0,1,0,0,0,0,0,0,0,0,0,0,0,0,0,0,0,0,0,0,0,0,0,0,0,0,0,0,0,0,1,0,0,0,0,0,0,0,0,0,0,0,0,0,0,0,0,0,0,0,0,0,0,0,0,0,0,0,0,0,0,0,0,0,0,0,0,0,0,0,0,0,0,0,0,0,0,0,0,0,0,0,0,0,0,0,0,0,0,0,0,0,1,0,0,0,0,0,0,0,0,0,0,0,0,0,0,0,0,0,0,0,0,0,0,0,0,0,0,0,0,0,0,0,0,0,0,0,0,0,0,0,0,0,0,0,0,0,0,0,0,0,0,0,0,0,0
9c0693bedf4797eb89b174a12197bea5,1.4,0,0,0,1,0,1,0,0,0,0,0,1,0,0,0,0,0,0,0,0,0,0,0,0,0,0,0,0,0,0,1,0,0,0,0,1,0,0,0,0,0,0,0,0,0,0,0,0,0,0,0,0,0,0,1,0,1,1,11,0,0,0,0,0,0,0,0,0,0,0,0,0,0,0,0,0,0,0,0,0,0,0,0,0,0,0,0,0,0,0,0,0,0,0,0,0,0,0,0,0,0,0,0,0,0,0,0,0,0,0,0,0,0,0,0,0,0,0,0,0,1,0,0,0,0,0,0,0,0,0,0,0,0,0,0,0,0,0,0,0,0,0,0,0,0,0,0,0,0,0,0,0,0,0,0,0,0,0,0,0,0,0,0,0,0,0,0,0,0,0,0,0,0,0,0,0,0,0,0,0,0,0,0,0,0,0,0,0,0,0,0,0,0,0,0,0,0,0,0,0,0,0,0,0,0,0,0,0,0,0,0,0,0,0,0,0,0,0,0,0,0,0,0,0,0,0,0,0,0,0,0,0,0,0,0,0,0,0,0,0,0,0,0,0,0,0,0,0,0,0,0,0,0,0,0,0,0,0,0,0,0,0,0,0,0,0,0,0,0,0,0,0,0,0,0,0,0,0,0,0,0,0,0,0,0,0,0,0,0
9c9863f92d7e377c59c7ca4af4c3b12c,8.6,0,32,182,15,526,10,3,40,21,82,0,0,79,0,59,1,5,1,0,3,3,0,9,0,1,188,0,3,0,23,0,82,0,2,1,5,2,0,0,0,2,3,0,0,0,0,1,1,0,0,2,5,1,1,3,1,0,0,0,0,0,0,0,3,0,202,1,0,3,2,0,0,0,1,0,0,0,0,0,0,0,0,0,0,0,0,1,2,0,0,0,0,98,98,0,0,0,0,1,2,16,0,0,1,4,0,0,2,0,0,0,1,0,0,0,3,0,0,0,0,0,0,0,0,0,0,0,98,1,3,0,0,0,0,0,0,0,1,0,0,0,0,0,8,0,0,0,0,0,0,0,0,0,0,0,0,0,2,1,0,0,0,0,0,0,0,0,0,0,0,0,0,3,0,6,0,0,2,0,0,0,0,0,0,21,0,0,0,0,0,0,0,0,0,0,0,0,0,0,0,0,0,0,0,0,2,0,0,0,0,1,1,0,0,0,0,0,0,0,0,0,0,0,0,0,0,0,0,0,0,0,0,0,0,0,0,0,0,0,0,0,0,0,0,0,0,0,0,0,0,0,0,0,0,0,0,0,0,0,0,0,0,0,0,0,0,0,0,0,0,0,0,0,0,0,0,0,0,0,0,0,0,0,0,0,0,0,0,0
9c62085dab331bdf6e5a6b45857d6c8c,1.6,0,19,368,10,3,4,4,5,4,9,1,0,3,0,28,1,4,1,1,6,5,1,2,1,1,2,2,0,0,0,1,1,1,1,0,0,2,0,0,0,0,0,0,0,0,0,0,0,0,0,3212,0,0,0,3,1,0,0,0,0,0,0,0,0,0,0,0,0,0,0,0,0,0,0,0,0,0,0,0,0,0,0,0,0,0,0,0,0,0,0,0,0,0,0,0,0,0,0,0,0,0,0,0,0,0,0,0,0,0,0,0,0,0,0,0,0,0,1799,0,0,0,0,0,0,0,0,0,0,0,0,0,0,0,0,0,0,0,0,0,0,0,0,0,0,0,0,0,0,0,0,0,0,0,0,0,0,0,0,0,0,0,0,0,0,0,0,0,0,0,0,0,0,0,0,0,0,0,0,0,0,0,0,0,0,0,0,0,0,0,0,0,0,0,0,0,0,0,0,0,0,0,0,0,0,0,0,0,0,0,0,0,0,0,0,0,0,0,0,0,0,0,0,0,0,0,0,0,0,0,0,0,0,0,0,0,0,0,0,0,0,0,0,0,0,0,0,0,0,0,0,0,0,0,0,0,0,0,0,0,0,0,0,0,0,0,0,0,0,0,0,0,0,0,0,0,0,0,0,0,0,0,0,0,0,0,0,0,0,0
9c81708ba6b2e794944b4071904a14d7,11.2,2,139,1602,3530,13,112,92,181,99,298,16,4,11,14,17648,5,4799,5,9,283,592,4,87,7,7,50,6,1,327,7605,7592,7614,14,15206,402,1,121,6,160,1,2533,5,5056,9775,0,0,5,0,34,135,1,188,0,0,6,26,10,10,437,15,1,1,1,419,29,5088,74,0,2,0,17,2,1,10,2,813,697,1,6,1214,1177,261,52,1,52,3,9,9,4,25,48,105,105,105,4,98,1,7,2,2540,2576,4,2,6,6,23,155,4,3,31,15,0,0,0,27783,2525,55565,0,0,0,0,9610,0,0,0,0,0,0,0,1,0,5,0,0,0,0,0,0,0,0,0,0,0,3,0,0,0,0,0,0,0,0,0,0,0,0,0,2,7,0,0,0,5,0,0,5,0,0,1,0,15,0,4,0,1,0,4,0,0,2,0,0,0,12,0,0,0,0,0,0,0,0,0,0,0,0,0,0,0,0,0,1,0,1,0,0,0,0,0,0,0,0,0,0,0,0,0,0,0,0,0,5,0,1,2,5051,0,0,0,0,5,4,0,0,0,0,0,0,0,0,0,0,0,0,1,0,0,0,0,0,0,0,0,0,0,0,0,0,0,0,0,0,0,0,0,0,0,0,0,0,0,0,0,0,0,0,0,0,0,0,0,0,0,0,0,0,0,0,0
9c46161425f4eb0abed646f009f3a25b,2.2,27,33,949,21,4,25,2,24,7,8,3,0,2,4,24,1,4,0,1,7,6,0,1,0,0,1,0,0,0,0,4,1,0,0,1,2,12,0,1,0,0,0,0,0,0,0,0,1,0,0,0,0,0,0,0,0,0,0,0,0,0,0,0,0,2,4,0,0,0,0,0,0,0,0,0,0,0,0,0,0,519,11,506,0,157,0,0,0,0,0,0,4,27,2,2,47,0,0,0,0,0,0,0,2,3,0,0,0,0,0,0,2,0,0,3,0,0,0,0,0,0,0,0,0,0,0,0,0,1,2,0,0,0,0,0,0,0,1,0,0,0,0,0,0,0,0,0,0,0,0,0,0,0,0,0,0,0,0,0,0,0,0,0,0,0,0,0,0,0,0,0,0,0,0,0,0,0,0,0,0,0,0,0,0,0,0,0,0,0,0,0,0,0,0,0,0,0,0,0,0,0,0,0,1,0,0,0,0,0,0,0,0,0,0,0,0,0,0,0,0,0,0,0,0,0,0,0,0,0,0,0,0,0,0,0,0,0,0,0,0,0,0,0,0,0,0,0,0,0,0,0,0,0,0,0,0,0,0,0,0,0,0,0,0,0,0,0,0,0,0,0,0,0,0,0,0,0,0,0,0,0,0,0,0,0,0,0,0,0
9cbfb7b1ff5f329d08e5e0006c286de8,1.2,34,23,2639,13,7,2293,4,22,67,21,3,1,3,1,33,1,2,1,1,8,5,1,2,1,1,1,2,1,2,2,1,1,1,1,0,0,0,0,0,0,0,0,0,0,0,0,0,0,0,0,0,0,0,0,3,1,0,0,0,0,0,0,0,0,0,0,0,0,0,0,0,0,0,0,0,0,0,0,0,0,0,0,0,0,0,0,0,0,0,0,0,0,0,0,0,0,0,0,0,0,0,0,0,0,0,0,0,0,0,0,0,0,0,0,0,0,0,0,0,0,0,0,0,0,0,0,0,0,0,0,0,0,0,0,0,0,0,0,0,0,0,0,0,0,0,0,0,0,0,0,0,0,0,0,0,0,0,0,0,0,0,0,0,0,0,0,0,0,0,0,0,0,0,0,0,0,0,0,0,0,0,0,0,0,0,0,0,0,0,0,0,0,0,0,0,0,0,0,0,0,0,0,0,0,0,0,0,0,0,0,0,0,0,0,0,0,0,0,0,0,0,0,0,0,0,0,0,0,0,0,0,0,0,0,0,0,0,0,0,0,0,0,0,0,0,0,0,0,0,0,0,0,0,0,0,0,0,0,0,0,0,0,0,0,0,0,0,0,0,0,0,0,0,0,0,0,0,0,0,0,0,0,0,0,0,0,0,0,0
9cf34e046d1b9e9524d7b7c855094380,4.0,34,32,949,44,530,792,3,44,24,87,3,1,81,0,58,0,74,1,0,2,2,0,9,0,0,188,0,3,0,23,0,82,0,2,1,5,0,0,0,0,2,3,0,0,0,0,0,1,0,0,2,0,0,0,0,0,0,0,0,0,0,0,0,5,0,202,1,0,5,4,0,0,0,1,0,0,0,0,0,0,0,0,0,0,0,0,1,2,0,0,0,0,0,0,0,0,0,0,1,2,16,0,0,1,4,0,0,1,0,0,0,1,0,0,0,3,0,0,0,0,0,0,0,0,0,0,0,0,1,3,0,0,0,0,0,0,0,1,0,0,0,0,0,8,0,0,0,0,0,0,0,0,0,0,0,0,0,2,1,0,0,0,0,0,0,0,0,0,0,0,0,0,3,0,10,0,0,0,0,0,0,0,0,0,21,0,0,0,0,0,0,0,0,0,0,0,0,0,0,0,0,0,0,0,0,2,0,0,0,0,1,1,0,0,0,0,0,0,0,0,0,0,4,0,0,0,0,0,0,0,0,0,0,0,0,0,0,0,0,0,0,0,0,0,0,0,0,0,0,0,0,0,0,0,0,0,0,0,0,0,0,0,0,0,0,0,0,0,0,0,0,0,0,0,0,0,0,0,0,0,0,0,0,0,0,0,0,0,0
9d0acd46304a847991c8068af716a07d,2.2,27,33,849,21,4,25,2,24,7,8,3,0,2,4,24,1,4,0,1,7,6,0,1,0,0,1,0,0,0,0,4,1,0,0,1,2,12,0,1,0,0,0,0,0,0,0,0,1,0,0,0,0,0,0,0,0,0,0,0,0,0,0,0,0,2,4,0,0,0,0,0,0,0,0,0,0,0,0,0,0,519,17,532,0,157,0,0,0,0,0,0,4,27,2,2,47,0,0,0,0,0,0,0,2,3,0,0,0,0,0,0,2,0,0,3,0,0,0,0,0,0,0,0,0,0,0,0,0,1,2,0,0,0,0,0,0,0,1,0,0,0,0,0,0,0,0,0,0,0,0,0,0,0,0,0,0,0,0,0,0,0,0,0,0,0,0,0,0,0,0,0,0,0,0,0,0,0,0,0,0,0,0,0,0,0,0,0,0,0,0,0,0,0,0,0,0,0,0,0,0,0,0,0,1,0,0,0,0,0,0,0,0,0,0,0,0,0,0,0,0,0,0,0,0,0,0,0,0,0,0,0,0,0,0,0,0,0,0,0,0,0,0,0,0,0,0,0,0,0,0,0,0,0,0,0,0,0,0,0,0,0,0,0,0,0,0,0,0,0,0,0,0,0,0,0,0,0,0,0,0,0,0,0,0,0,0,0,0,0
9d0d3a8d9725180c6c1143515c1ce92e,2.2,27,33,949,25,4,25,2,24,7,8,3,0,2,4,24,1,4,0,1,7,6,0,1,0,0,1,0,0,0,0,4,1,0,0,1,2,12,0,1,0,0,0,0,0,0,0,0,1,0,0,0,0,0,0,0,0,0,0,0,0,0,0,0,0,2,4,0,0,0,0,0,0,0,0,0,0,0,0,0,0,519,16,547,0,157,0,0,0,0,0,0,4,27,2,2,51,0,0,0,0,0,0,0,2,3,0,0,0,0,0,0,2,0,0,3,0,0,0,0,0,0,0,0,0,0,0,0,0,1,2,0,0,0,0,0,0,0,1,0,0,0,0,0,0,0,0,0,0,0,0,0,0,0,0,0,0,0,0,0,0,0,0,0,0,0,0,0,0,0,0,0,0,0,0,0,0,0,0,0,0,0,0,0,0,0,0,0,0,0,0,0,0,0,0,0,0,0,0,0,0,0,0,0,1,0,0,0,0,0,0,0,0,0,0,0,0,0,0,0,0,0,0,0,0,0,0,0,0,0,0,0,0,0,0,0,0,0,0,0,0,0,0,0,0,0,0,0,0,0,0,0,0,0,0,0,0,0,0,0,0,0,0,0,0,0,0,0,0,0,0,0,0,0,0,0,0,0,0,0,0,0,0,0,0,0,0,0,0,0
9d23d8ebfeef841c398b4c64d8cab238,3.6,0,31,933,29,527,778,3,41,22,85,1,0,81,0,58,1,4,1,0,2,2,0,9,0,0,188,0,3,0,23,0,82,0,2,1,5,0,0,0,0,2,3,0,0,0,0,0,1,0,0,2,0,0,0,0,0,0,0,0,0,0,0,0,6,0,202,1,0,6,5,0,0,0,1,0,0,0,0,0,0,0,0,0,0,0,0,1,2,0,0,0,0,0,0,0,0,0,0,1,2,16,0,0,1,4,0,0,1,0,0,0,1,0,0,0,3,0,0,0,0,0,0,0,0,0,0,0,0,1,3,0,0,0,0,0,0,0,1,0,0,0,0,0,8,0,0,0,0,0,0,0,0,0,0,0,0,0,2,1,0,0,0,0,0,0,0,0,0,0,0,0,0,3,0,12,0,0,0,0,0,0,0,0,0,21,0,0,0,0,0,0,0,0,0,0,0,0,0,0,0,0,0,0,0,0,2,0,0,0,0,1,1,0,0,0,0,0,0,0,0,0,0,5,0,0,0,0,0,0,0,0,0,0,0,0,0,0,0,0,0,0,0,0,0,0,0,0,0,0,0,0,0,0,0,0,0,0,0,0,0,0,0,0,0,0,0,0,0,0,0,0,0,0,0,0,0,0,0,0,0,0,0,0,0,0,0,0,0,0
9d35c2599c4c9e467ba7cc2783304b26,1.4,0,15,356,10,5,210,2,5,3,8,2,1,3,1,32,1,4,1,2,6,5,1,2,1,1,2,2,0,0,0,1,2,1,1,0,0,4,0,0,0,0,0,0,0,0,0,0,0,0,0,0,0,0,0,3,1,0,0,0,0,0,0,0,0,0,0,0,0,0,0,0,0,0,0,0,0,0,0,0,0,0,0,0,0,0,0,0,0,0,0,0,0,0,0,0,0,0,0,0,0,0,0,0,0,0,0,0,0,0,0,0,0,0,0,0,0,0,0,0,0,0,0,0,0,0,0,0,0,0,0,0,0,0,0,0,0,0,0,0,0,0,0,0,0,0,0,0,0,0,0,0,0,0,0,0,0,0,0,0,0,0,0,0,0,0,0,0,0,0,0,0,0,0,0,0,0,0,0,0,0,0,0,0,0,0,0,0,0,0,0,0,0,0,0,0,0,0,0,0,0,0,0,0,0,0,0,0,0,0,0,0,0,0,0,0,0,0,0,0,0,0,0,0,0,0,0,0,0,0,0,0,0,0,0,0,0,0,0,0,0,0,0,0,0,0,0,0,0,0,0,0,0,0,0,0,0,0,0,0,0,0,0,0,0,0,0,0,0,0,0,0,0,0,0,0,0,0,0,0,0,0,0,0,0,0,0,0,0,0
9d47faa4b349b33bf6a1457862a04fb5,3.6,5,20049,552,64,13,22,25,513,688,295,2,1,3,6,139,7,13,0,2,35,23,1,9,1,1,2,4,1,5,28,44,20,0,5,6,0,8,2,0,0,7,1,0,0,0,0,2,0,0,4,1,0,0,0,6,6,0,0,0,0,0,0,0,2,3,24,6,0,0,0,0,0,0,0,0,0,0,8,0,2,16,0,0,0,22,0,0,0,0,5,0,0,1,0,2,2,38,0,1,6,80,2,6,10,17,1,0,2,0,0,0,10,8,0,5,0,1,0,0,12,2,0,0,0,0,0,0,0,2,13,5,1,0,1,0,5,10,0,0,0,0,0,0,0,0,0,0,0,0,0,0,40,0,0,0,0,0,0,0,0,0,0,0,0,0,0,0,0,0,0,0,0,1,0,0,0,0,0,0,0,0,0,0,0,0,0,0,0,0,0,0,0,0,0,0,0,0,0,0,0,0,1,0,0,0,0,0,0,0,0,0,0,0,0,0,0,0,0,0,0,0,0,0,0,0,2,0,0,0,0,0,0,0,0,0,0,0,0,0,0,0,0,0,0,0,0,0,0,0,0,0,0,0,0,0,0,0,0,0,0,0,0,0,0,0,0,0,0,0,0,0,0,1,0,0,0,0,0,0,0,0,0,0,0,0,0,0,0,0
9d083d831d95ac34ecec8e2ee61460ad,2.2,0,16,405,16,5,3,2,3,1,6,2,0,3,1,31,1,5,1,1,6,5,1,2,1,1,2,2,1,0,0,1,1,1,1,0,0,9,0,0,0,0,0,0,0,0,0,0,0,2,0,0,6,0,0,3,1,0,0,0,0,0,0,0,144,0,0,0,0,0,0,0,0,0,0,0,0,0,0,0,0,0,0,0,0,0,0,0,0,0,0,0,0,0,0,0,0,0,0,0,0,0,0,0,0,0,0,0,0,0,0,0,0,0,0,3,0,0,0,0,0,0,4,0,0,0,0,0,0,0,0,0,0,0,0,0,0,0,0,0,0,0,0,0,0,0,0,0,0,0,0,0,0,0,0,0,0,0,0,0,0,0,0,0,0,0,0,0,0,0,0,0,0,0,0,0,0,0,0,0,0,0,0,0,0,0,0,0,0,0,0,0,0,0,0,0,0,0,0,0,0,0,0,0,0,0,0,0,0,0,0,0,0,0,0,0,0,0,0,0,0,0,0,0,0,0,0,0,0,0,0,0,0,0,0,0,0,0,0,0,0,0,0,0,0,0,0,0,0,0,0,0,0,0,0,0,0,0,0,0,0,0,0,0,0,0,0,0,0,0,0,0,0,0,0,0,0,0,0,0,0,0,0,0,0,0,0,0,0,0
9d97c40b55ea10cddd7d345e4874eaa2,2.0,0,3,6,2,0,13,2,0,0,0,2,0,0,2,10,0,0,0,1,4,5,0,0,0,0,0,0,0,0,0,0,9,0,0,1,0,3,0,0,0,0,0,0,0,0,0,0,0,0,0,0,0,0,0,3,1,0,0,0,0,0,0,0,0,0,0,0,0,0,0,0,0,0,0,0,0,2,0,0,0,0,0,0,0,0,0,0,0,0,0,0,0,0,0,0,0,0,0,0,0,0,0,0,0,0,0,0,0,0,0,0,0,0,0,0,0,0,0,0,0,4736,0,0,0,0,0,0,0,0,0,0,0,0,0,0,0,0,0,0,0,0,0,0,0,0,0,0,0,0,0,0,0,0,0,0,0,0,0,0,0,0,0,0,0,0,0,0,0,0,0,0,0,0,0,0,0,0,0,0,0,0,0,0,0,0,0,0,0,0,0,0,0,0,0,0,0,0,0,0,0,0,0,0,0,0,0,0,0,0,0,0,0,0,0,0,0,0,0,0,0,0,0,0,0,0,0,0,0,0,0,0,0,0,0,0,0,0,0,0,0,0,0,0,0,0,0,0,0,0,0,0,0,0,0,0,0,0,0,0,0,0,0,0,0,0,0,0,0,0,0,0,0,0,0,0,0,0,0,0,0,0,0,0,0,0,0,0,0,0
9da3fc74fc5e357140b4b632147d9aba,2.0,0,17,539,13,5,5,2,5,3,8,2,1,3,1,31,1,8,1,2,6,5,1,2,1,1,2,2,0,0,0,1,1,1,1,0,0,6,0,0,0,0,0,0,0,0,0,0,0,0,0,0,0,0,0,3,1,0,0,0,0,0,0,0,0,0,0,0,0,0,0,0,0,0,0,0,0,0,0,0,0,0,0,0,0,0,0,0,0,0,0,0,0,0,0,0,0,0,0,0,0,0,0,0,0,0,0,0,9,0,0,0,0,0,0,0,0,0,0,0,0,0,0,0,0,0,0,0,0,0,0,0,0,0,0,0,0,0,0,0,0,0,0,0,0,0,0,0,0,0,0,0,0,0,0,0,0,0,0,0,0,0,0,0,0,0,0,0,0,0,0,0,0,0,0,0,0,0,0,0,0,0,0,0,0,0,0,0,0,0,0,0,0,0,0,0,0,0,0,0,0,0,0,0,0,0,0,0,0,0,0,0,0,0,0,0,0,0,0,0,0,0,0,0,0,0,0,0,0,0,0,0,0,0,0,0,0,0,0,0,0,0,0,0,0,0,0,0,0,0,0,0,0,0,0,0,0,0,0,0,0,0,0,0,0,0,0,0,0,0,0,0,0,0,0,0,0,0,0,0,0,0,0,0,0,0,0,0,0,0
9dd3ee41cb1b7e8902e38eeb645a772f,1.2,0,19,365,8,3,4,4,5,4,9,0,0,3,0,32,1,4,1,1,6,5,1,2,1,1,2,2,0,0,0,1,1,1,1,0,0,2,0,0,0,0,0,0,0,0,0,0,0,0,0,0,0,0,0,3,1,0,0,0,0,0,0,0,0,0,0,0,0,0,0,0,0,0,0,0,0,0,0,0,0,0,0,0,0,0,0,0,0,0,0,0,0,0,0,0,0,0,0,0,0,0,0,0,0,0,0,0,0,0,0,0,0,0,0,0,0,0,0,0,0,0,0,0,0,0,0,0,0,0,0,0,0,0,0,0,0,0,0,0,0,0,0,0,0,0,0,0,0,0,0,0,0,0,0,0,0,0,0,0,0,0,0,0,0,0,0,0,0,0,0,0,0,0,0,0,0,0,0,0,0,0,0,0,0,0,0,0,0,0,0,0,0,0,0,0,0,0,0,0,0,0,0,0,0,0,0,0,0,0,0,0,0,0,0,0,0,0,0,0,0,0,0,0,0,0,0,0,0,0,0,0,0,0,0,0,0,0,0,0,0,0,0,0,0,0,0,0,0,0,0,0,0,0,0,0,0,0,0,0,0,0,0,0,0,0,0,0,0,0,0,0,0,0,0,0,0,0,0,0,0,0,0,0,0,0,0,0,0,0
9e4afe5916d025b630696bf4fe564f92,7.2,0,6,147,8,0,2,1,0,0,0,0,0,0,0,11,1,1,0,0,2,2,0,0,0,1,0,0,0,0,0,0,0,0,0,0,0,2,0,0,0,0,0,0,0,0,0,2,0,0,0,0,6,1,1,6,2,0,0,0,1,0,0,0,0,0,0,0,0,0,0,0,0,0,0,0,0,0,0,0,0,0,0,0,0,0,0,0,0,0,0,0,0,62,62,0,0,0,0,0,0,0,0,0,0,0,0,0,1,0,0,0,0,0,0,0,0,0,0,0,0,0,0,0,0,0,0,0,62,0,0,0,0,0,0,0,0,0,0,0,0,0,0,0,0,0,0,0,0,0,0,0,0,0,0,0,0,0,0,0,0,0,0,0,0,0,0,0,0,0,0,0,0,0,0,0,0,0,0,0,0,0,0,0,0,0,0,0,0,0,0,0,0,0,0,0,0,0,0,0,0,0,0,0,0,0,0,0,0,0,0,0,0,0,0,0,0,0,0,0,0,0,0,0,0,0,0,0,0,0,0,0,0,0,0,0,0,0,0,0,0,0,0,0,0,0,0,0,0,0,0,0,0,0,0,0,0,0,0,0,0,0,0,0,0,0,0,0,0,0,0,0,0,0,0,0,0,0,0,0,0,0,0,0,0,0,0,0,0,0
9e7f93e22f76996ebce34bef9179e130,1.6,0,16,389,10,4,2,1,2,1,5,2,0,2,1,29,1,3,1,1,6,5,1,2,1,1,2,2,0,0,0,1,1,1,1,0,0,6,0,0,0,0,0,0,0,0,0,0,0,0,0,0,6,0,0,3,1,0,0,0,0,0,0,0,0,0,0,0,0,0,0,0,0,0,0,0,0,0,0,0,0,0,0,0,0,0,0,0,0,0,0,0,0,0,0,0,0,0,0,0,0,0,0,0,0,0,0,0,0,0,0,0,0,0,0,3,0,0,0,0,0,0,4,0,0,0,0,0,0,0,0,0,0,0,0,0,0,0,0,0,0,0,0,0,0,0,0,0,0,0,0,0,0,0,0,0,0,0,0,0,0,0,0,0,0,0,0,0,0,0,0,0,0,0,0,0,0,0,0,0,0,0,0,0,0,0,0,0,0,0,0,0,0,0,0,0,0,0,0,0,0,0,0,0,0,0,0,0,0,0,0,0,0,0,0,0,0,0,0,0,0,0,0,0,0,0,0,0,0,0,0,0,0,0,0,0,0,0,0,0,0,0,0,0,0,0,0,0,0,0,0,0,0,0,0,0,0,0,0,0,0,0,0,0,0,0,0,0,0,0,0,0,0,0,0,0,0,0,0,0,0,0,0,0,0,0,0,0,0,0
9e68ae31dce7902db60f77eac384e4ed,1.8,34,23,2639,13,7,2293,4,22,67,21,3,1,3,1,33,1,2,1,1,8,5,1,2,1,1,1,2,1,2,2,1,1,1,1,0,0,0,0,0,0,0,0,0,0,0,0,0,0,0,0,0,0,0,0,3,1,0,0,0,0,0,0,0,0,0,0,0,0,0,0,0,0,0,0,0,0,0,0,0,0,0,0,0,0,0,0,0,0,0,0,0,0,0,0,0,0,0,0,0,0,0,0,0,0,0,0,0,0,0,0,0,0,0,0,0,0,0,0,0,0,0,0,0,0,0,0,0,0,0,0,0,0,0,0,0,0,0,0,0,0,0,0,0,0,0,0,0,0,0,0,0,0,0,0,0,0,0,0,0,0,0,0,0,0,0,0,0,0,0,0,0,0,0,0,0,0,0,0,0,0,0,0,0,0,0,0,0,0,0,0,0,0,0,0,0,0,0,0,0,0,0,0,0,0,0,0,0,0,0,0,0,0,0,0,0,0,0,0,0,0,0,0,0,0,0,0,0,0,0,0,0,0,0,0,0,0,0,0,0,0,0,0,0,0,0,0,0,0,0,0,0,0,0,0,0,0,0,0,0,0,0,0,0,0,0,0,0,0,0,0,0,0,0,0,0,0,0,0,0,0,0,0,0,0,0,0,0,0,0
9e71332ff4ed9211917a3a2deb7575a7,1.6,1,5,194,1,0,0,0,0,0,0,0,0,0,0,12,0,0,0,2,1,1,0,0,0,0,0,0,0,0,0,0,0,0,0,0,0,2,0,0,0,0,0,0,0,0,0,0,0,0,0,0,0,0,0,3,1,0,0,0,0,0,0,0,0,0,0,0,0,0,0,0,0,0,0,0,0,0,0,0,0,0,0,0,0,0,0,0,0,0,0,0,0,0,0,0,0,0,0,0,0,0,0,0,0,0,0,0,0,0,0,0,0,0,0,0,0,0,0,0,0,4,0,0,0,0,0,0,0,0,0,0,0,0,0,0,0,0,0,0,0,0,0,0,0,0,0,0,0,0,0,0,0,0,0,0,0,0,0,0,0,0,0,0,0,0,0,0,0,0,0,0,0,0,0,0,0,0,0,0,0,0,0,0,0,0,0,0,0,0,0,0,0,0,0,0,0,0,0,0,0,0,0,0,0,0,0,0,0,0,0,0,0,0,0,0,0,0,0,0,0,0,0,0,0,0,0,0,0,0,0,0,0,0,0,0,0,0,0,0,0,0,0,0,0,0,0,0,0,0,0,0,0,0,0,0,0,0,0,0,0,0,0,0,0,0,0,0,0,0,0,0,0,0,0,0,0,0,0,0,0,0,0,0,0,0,0,0,0,0
9eb29d17ba8a13904b6f549a3b211005,3.4,0,11,176,2,2,4,3,2,4,5,0,0,2,2,34,0,0,0,1,23,11,0,1,0,0,3,0,0,1,0,1,3,0,0,1,1,8,0,1,0,1,3,1,1,0,0,0,0,0,1,0,0,0,0,0,0,2,2,83,0,0,0,0,3515,0,0,0,0,0,0,0,0,0,0,0,0,0,0,0,0,0,0,0,0,0,0,0,0,0,0,0,0,0,0,0,0,0,0,0,0,0,0,0,1,1,0,0,0,2,0,2,1,0,0,0,0,1,0,0,0,0,1,0,0,0,0,0,0,0,0,0,0,0,0,0,0,0,0,0,0,0,0,0,1,0,0,0,0,0,0,0,0,0,0,0,0,0,0,0,0,0,0,0,0,0,0,0,0,0,0,0,0,1,0,0,0,0,0,0,0,0,0,0,0,0,0,0,0,0,0,0,0,0,0,0,0,0,0,0,0,0,0,0,0,0,0,0,0,0,0,0,0,0,0,0,0,0,0,0,0,0,0,0,0,0,0,0,0,0,0,0,0,0,0,1,0,0,0,0,0,0,0,0,0,0,0,0,0,0,0,0,0,0,0,0,0,0,0,0,0,0,0,0,0,0,0,0,0,0,0,0,0,0,0,0,0,0,0,0,0,0,0,0,0,0,0,0,0,0
9ec163301c151d8034762d4842fc5e17,1.4,0,0,0,0,0,0,0,0,0,0,0,0,0,0,0,0,0,0,0,0,0,0,0,0,0,0,0,0,0,0,0,0,0,0,0,0,0,0,0,0,0,0,0,0,0,0,0,0,0,0,0,0,0,0,0,0,0,0,0,0,0,0,0,0,0,0,0,0,0,0,0,0,0,0,0,0,0,0,0,0,0,0,0,0,0,0,0,0,0,0,0,0,0,0,0,0,0,0,0,0,0,0,0,0,0,0,0,0,0,0,0,0,0,0,0,0,0,0,0,0,65519,0,0,0,0,0,0,0,0,0,0,0,0,0,0,0,0,0,0,0,0,0,0,0,0,0,0,0,0,0,0,0,0,0,0,0,0,0,0,0,0,0,0,0,0,0,0,0,0,0,0,0,0,0,0,0,0,0,0,0,0,0,0,0,0,0,0,0,0,0,0,0,0,0,0,0,0,0,0,0,0,0,0,0,0,0,0,0,0,0,0,0,0,0,0,0,0,0,0,0,0,0,0,0,0,0,0,0,0,0,0,0,0,0,0,0,0,0,0,0,0,0,0,0,0,0,0,0,0,0,0,0,0,0,0,0,0,0,0,0,0,0,0,0,0,0,0,0,0,0,0,0,0,0,0,0,0,0,0,0,0,0,0,0,0,1,0,0,0
9ef2bae0d6bcaee3ba0ed5d331e3735e,1.8,34,23,2639,13,7,2293,4,22,67,21,3,1,3,1,33,1,2,1,1,8,5,1,2,1,1,1,2,1,2,2,1,1,1,1,0,0,0,0,0,0,0,0,0,0,0,0,0,0,0,0,0,0,0,0,3,1,0,0,0,0,0,0,0,0,0,0,0,0,0,0,0,0,0,0,0,0,0,0,0,0,0,0,0,0,0,0,0,0,0,0,0,0,0,0,0,0,0,0,0,0,0,0,0,0,0,0,0,0,0,0,0,0,0,0,0,0,0,0,0,0,0,0,0,0,0,0,0,0,0,0,0,0,0,0,0,0,0,0,0,0,0,0,0,0,0,0,0,0,0,0,0,0,0,0,0,0,0,0,0,0,0,0,0,0,0,0,0,0,0,0,0,0,0,0,0,0,0,0,0,0,0,0,0,0,0,0,0,0,0,0,0,0,0,0,0,0,0,0,0,0,0,0,0,0,0,0,0,0,0,0,0,0,0,0,0,0,0,0,0,0,0,0,0,0,0,0,0,0,0,0,0,0,0,0,0,0,0,0,0,0,0,0,0,0,0,0,0,0,0,0,0,0,0,0,0,0,0,0,0,0,0,0,0,0,0,0,0,0,0,0,0,0,0,0,0,0,0,0,0,0,0,0,0,0,0,0,0,0,0
9f27bd22e02b5d00075665e6b3a8ac54,1.2,168,924,10080,252,0,0,0,0,0,0,84,84,0,0,1333,0,168,0,252,251,251,0,0,0,0,0,0,0,0,0,0,84,0,0,84,84,504,0,0,0,0,0,0,0,0,0,83,0,0,0,0,0,0,0,248,83,0,0,0,0,0,0,0,0,0,0,0,0,0,0,0,0,0,0,0,0,0,0,0,0,84,0,0,0,0,0,0,0,0,0,0,0,0,0,0,0,0,0,0,0,0,0,0,84,84,0,0,0,0,0,0,84,0,0,0,0,0,0,0,0,0,0,0,0,0,0,0,0,0,0,0,0,0,0,0,0,0,0,0,0,0,0,0,0,0,0,0,0,0,0,0,0,0,0,0,0,0,0,0,0,0,0,0,0,0,0,0,0,0,0,0,0,0,0,0,0,0,0,0,0,0,0,0,0,0,84,0,0,0,0,0,0,0,0,0,0,0,0,0,0,0,0,0,0,0,0,0,0,0,0,0,0,0,0,84,0,0,0,0,0,0,0,0,0,0,0,0,0,0,0,0,0,0,0,0,0,0,0,0,0,0,0,0,0,0,0,0,0,0,0,0,0,0,0,0,0,0,0,0,0,0,0,0,0,0,0,0,0,0,0,0,0,0,0,0,0,0,0,0,0,0,0,0,0,0,0,0,0,0
9fc364ccffe540c627733222641259c9,8.6,0,23,150,17,465,6,1,20,1,50,0,0,44,0,56,1,7,1,0,3,3,0,8,0,1,185,0,3,0,0,0,79,0,2,0,0,2,0,0,0,2,0,0,0,0,0,1,0,0,0,2,5,1,1,3,1,0,0,0,0,0,0,0,3,0,202,0,0,3,2,0,0,0,1,0,0,0,0,0,0,0,0,0,0,0,0,1,2,0,0,0,0,1927,1927,0,0,0,0,0,2,16,0,0,1,1,0,0,2,0,0,0,1,0,0,0,0,0,0,0,0,0,0,0,0,0,0,0,1927,1,0,0,0,0,0,0,0,0,0,0,0,0,0,0,8,0,0,0,0,0,0,0,0,0,0,0,0,0,1,1,0,0,0,0,0,0,0,0,0,0,0,0,0,0,0,6,0,0,2,0,0,0,0,0,0,16,0,0,0,0,0,0,0,0,0,0,0,0,0,0,0,0,0,0,0,0,1,0,0,0,0,1,1,0,0,0,0,0,0,0,0,0,0,0,0,0,0,0,0,0,0,0,0,0,0,0,0,0,0,0,0,0,0,0,0,0,0,0,0,0,0,0,0,0,0,0,0,0,0,0,0,0,0,0,0,0,0,0,0,0,0,0,0,0,0,0,0,0,0,0,0,0,0,0,0,0,0,0,0,0
9fc4960aa7252f0da28c5edb3ecda583,2.0,0,16,413,11,5,3,2,5,3,8,2,1,3,1,27,1,5,1,2,6,5,1,2,1,1,2,2,0,0,0,1,1,1,1,0,0,6,0,0,0,0,0,0,0,0,0,0,0,0,0,0,0,0,0,3,1,0,0,0,0,0,0,0,0,0,0,0,0,0,0,0,0,0,0,0,0,0,0,0,0,0,0,0,0,0,0,0,0,0,0,0,0,0,0,0,0,0,0,0,0,0,0,0,0,0,0,0,1,0,0,0,0,0,0,0,0,0,0,0,0,0,0,0,0,0,0,0,0,0,0,0,0,0,0,0,0,0,0,0,0,0,0,0,0,0,0,0,0,0,0,0,0,0,0,0,0,0,0,0,0,0,0,0,0,0,0,0,0,0,0,0,0,0,0,0,0,0,0,0,0,0,0,0,0,0,0,0,0,0,0,0,0,0,0,0,0,0,0,0,0,0,0,0,0,0,0,0,0,0,0,0,0,0,0,0,0,0,0,0,0,0,0,0,0,0,0,0,0,0,0,0,0,0,0,0,0,0,0,0,0,0,0,0,0,0,0,0,0,0,0,0,0,0,0,0,0,0,0,0,0,0,0,0,0,0,0,0,0,0,0,0,0,0,0,0,0,0,0,0,0,0,0,0,0,0,0,0,0,0
010a540090819602376267c84d972785,1.6,0,17,481,4,4,3,2,1,1,4,1,0,2,1,21,1,2,0,1,1,1,0,0,0,0,2,2,0,0,0,1,1,1,1,0,0,3,0,0,0,0,1,0,0,0,0,0,0,0,0,0,0,0,0,3,1,0,0,0,0,0,0,0,0,0,0,0,0,0,0,0,0,0,0,0,0,0,0,0,0,0,0,0,0,0,0,0,0,0,0,0,0,0,0,0,0,0,0,0,0,0,0,0,0,0,0,0,0,0,0,0,0,0,0,0,0,0,0,0,0,0,0,0,0,0,0,0,0,0,0,0,0,0,0,0,0,0,0,0,0,0,0,0,0,0,0,0,0,0,0,0,0,0,0,0,0,0,0,0,0,0,0,0,0,0,0,0,0,0,0,0,0,0,0,0,0,0,0,0,0,0,0,0,0,0,0,0,0,0,0,0,0,0,0,0,0,0,0,0,0,0,0,0,0,0,0,0,0,0,0,0,0,0,0,0,0,0,0,0,0,0,0,0,0,0,0,0,0,0,0,0,0,0,0,0,0,0,0,0,0,0,0,0,0,0,0,0,0,0,0,0,0,0,0,0,0,0,0,0,0,0,0,0,0,0,0,0,0,0,0,0,0,0,0,0,0,0,0,0,0,0,0,0,0,0,0,0,0,0
10a97cb2ee29bc9969026b434341e2b9,12.4,18,215,6803,340,93,4736,108,198,227,585,20,3,86,13,2446,49,85,5,42,250,546,4,105,7,16,23,16,8,308,32,46,60,3,101,400,10,143,15,350,2,10,1,6,8995,3,2,5,2,45,338,1,80,1,1,6,36,9,9,390,14,7,7,20,561,29,8,92,116,12,8,12,4,4,15,2,620,541,1,12,1222,1475,483,96,7,62,3,10,10,2,25,36,125,140,105,11,154,2,9,4,55,50,1,8,30,65,28,199,3,3,21,15,19,24,4,4,2,5,8,2,1,0,8715,1,6,0,0,4,0,1,0,0,3,0,0,0,0,0,0,0,0,1,1,0,2,0,0,0,0,0,0,0,0,0,1,0,17,0,5,4,0,0,0,0,0,0,0,0,0,3,1,0,0,0,34,0,0,0,0,0,0,0,0,0,0,0,0,0,0,0,0,0,0,0,0,0,0,0,0,0,0,0,0,0,0,0,0,0,0,0,0,0,0,0,0,0,0,0,0,0,0,0,0,0,0,0,0,0,0,0,0,0,0,0,0,0,0,0,0,0,0,0,0,0,0,0,0,0,0,0,0,0,0,0,0,0,0,0,0,0,0,1,2,0,0,0,0,0,0,0,0,0,0,0,0,0,0,0,0,0,0,0,0,0,0,0,0,0,0,0
10b5f08b430dfda406af64c4b366b9bf,1.4,0,3,119,1,0,0,0,0,0,0,0,0,0,0,0,0,0,0,0,0,0,0,0,0,0,0,0,0,0,0,0,0,0,0,0,0,2,0,0,0,0,0,0,0,0,0,0,0,0,0,0,0,0,0,0,0,0,0,0,0,0,0,0,1,0,0,0,0,0,0,0,0,0,0,0,0,0,0,0,0,1,0,0,0,0,0,0,0,0,0,0,0,0,0,0,0,0,0,0,0,0,0,0,0,0,0,0,0,0,0,0,0,0,0,0,0,0,0,0,0,0,0,0,0,0,0,0,0,0,0,0,0,0,0,0,0,0,0,0,0,0,0,0,0,0,0,0,0,0,0,0,0,0,0,0,0,0,0,0,0,0,0,0,0,0,0,0,0,0,0,0,0,0,0,0,0,0,0,0,0,0,0,0,0,0,0,0,0,0,0,0,0,0,0,0,0,0,0,0,0,0,0,0,0,0,0,0,0,0,0,0,0,0,0,0,0,0,0,0,0,0,0,0,0,0,0,0,0,0,0,0,0,0,0,0,0,0,0,0,0,0,0,0,0,0,0,0,0,0,0,0,0,0,0,0,0,0,0,0,0,0,0,0,0,0,0,0,0,0,0,0,0,0,0,0,0,0,0,0,0,0,0,0,0,0,0,0,0,0
10b864850e7daf921b3177c020658244,2.2,0,16,405,12,5,3,2,3,1,6,2,0,3,1,31,1,4,1,1,6,5,1,2,1,1,2,2,1,0,0,1,1,1,1,0,0,9,0,0,0,0,0,0,0,0,0,0,0,2,0,0,6,0,0,3,1,0,0,0,0,0,0,0,144,0,0,0,0,0,0,0,0,0,0,0,0,0,0,0,0,0,0,0,0,0,0,0,0,0,0,0,0,0,0,0,0,0,0,0,0,0,0,0,0,0,0,0,0,0,0,0,0,0,0,0,0,0,0,0,0,0,4,0,0,0,0,0,0,0,0,0,0,0,0,0,0,0,0,0,0,0,0,0,0,0,0,0,0,0,0,0,0,0,0,0,0,0,0,0,0,0,0,0,0,0,0,0,0,0,0,0,0,0,0,0,0,0,0,0,0,0,0,0,0,0,0,0,0,0,0,0,0,0,0,0,0,0,0,0,0,0,0,0,0,0,0,0,0,0,0,0,0,0,0,0,0,0,0,0,0,0,0,0,0,0,0,0,0,0,0,0,0,0,0,0,0,0,0,0,0,0,0,0,0,0,0,0,0,0,0,0,0,0,0,0,0,0,0,0,0,0,0,0,0,0,0,0,0,0,0,0,0,0,0,0,0,0,0,0,0,0,0,0,0,0,0,0,0,0
10c4dc747595e20d40411f5c48ae2cab,2.0,0,16,392,10,5,3,2,5,3,8,159993,1,3,1,33,1,3,1,1,6,5,1,2,1,1,2,2,0,0,0,1,1,1,1,0,0,10,0,0,0,0,0,0,0,0,0,0,0,0,0,0,6,0,0,3,1,0,0,0,0,0,0,0,0,0,0,0,0,0,0,0,0,0,0,0,0,0,0,0,0,0,0,0,0,0,0,0,0,0,0,0,0,0,0,0,0,0,0,0,0,0,0,0,0,0,0,0,0,0,0,0,0,0,0,0,0,0,0,0,0,0,4,0,0,0,0,0,0,0,0,0,0,0,0,0,0,0,0,0,0,0,0,0,0,0,0,0,0,0,0,0,0,0,0,0,0,0,0,0,0,0,0,0,0,0,0,0,0,0,0,0,0,0,0,0,0,0,0,0,0,0,0,0,0,0,0,0,0,0,0,0,0,0,0,0,0,0,0,0,0,0,0,0,0,0,0,0,0,0,0,0,0,0,0,0,0,0,0,0,0,0,0,0,0,0,0,0,0,0,0,0,0,0,0,0,0,0,0,0,0,0,0,0,0,0,0,0,0,0,0,0,0,0,0,0,0,0,0,0,0,0,0,0,0,0,0,0,0,0,0,0,0,0,0,0,0,0,0,0,0,0,0,0,0,0,0,0,0,0
1af0f4f04832f1dfed4d1f8ca4a234ae,7.4,1,45,822,107,77,62,10,83,43,189,3,0,195,1,137,0,39,1,0,4,3,0,2,0,0,4,0,0,49,26,6,39008,1,1,12,13,25,0,0,0,4,3,0,0,0,0,0,0,6,0,0,5,0,0,0,4,864,28,614,1,0,0,0,838,2,5,2,16,0,0,0,0,0,1,0,0,0,0,0,0,22,0,0,0,2,0,4,0,0,2,0,0,0,0,2,0,0,0,0,5,0,2,0,0,4,1,0,0,0,0,0,3,0,0,0,3,1,0,0,0,0,10,0,0,0,0,1,0,0,11,0,0,0,0,6,2,0,0,0,0,0,0,0,4,0,0,0,0,0,0,0,0,1,1,0,0,0,18,20,2,4,0,7,3,3,0,0,0,0,0,0,0,3,0,0,0,13,0,0,0,0,0,0,12,8,0,0,0,0,0,0,0,0,0,0,0,0,0,0,0,0,0,0,0,0,3,3,0,0,0,0,0,0,0,0,0,0,0,0,0,0,7,0,0,0,0,0,0,0,0,0,0,0,0,0,0,0,0,0,0,0,0,0,0,0,0,0,0,0,0,0,0,0,0,0,0,0,0,0,0,0,0,0,0,0,0,0,0,0,0,0,0,0,0,0,0,0,0,0,0,0,0,0,0,0,0,0,0,0
00011bf7484b730cf304265d57db8d77,3.4,0,21,62,13,526,8,2,40,21,82,0,0,79,0,56,0,11,1,0,2,2,0,9,0,0,188,0,3,0,23,0,82,0,2,1,5,0,0,0,0,2,3,0,0,0,0,0,1,0,0,2,0,0,0,0,0,0,0,0,0,0,0,0,3,0,202,1,0,3,3,0,0,0,1,0,0,0,0,0,0,0,0,0,0,0,0,1,2,0,0,0,0,0,0,0,0,0,0,1,2,16,0,0,1,4,0,0,1,0,0,0,1,0,0,0,3,0,0,0,0,0,0,0,0,0,0,0,0,1,3,0,0,0,0,0,0,0,1,0,0,0,0,0,8,0,0,0,0,0,0,0,0,0,0,0,0,0,2,1,0,0,0,0,0,0,0,0,0,0,0,0,0,3,0,6,0,0,3,0,0,0,0,0,0,21,0,0,0,0,0,0,0,0,0,0,0,0,0,0,0,0,0,0,0,0,2,0,0,0,0,1,1,0,0,0,0,0,0,0,0,0,0,0,0,0,0,0,0,0,0,0,0,0,0,0,0,0,0,0,0,0,0,0,0,0,0,0,0,0,0,0,0,0,0,0,0,0,0,0,0,0,0,0,0,0,0,0,0,0,0,0,0,0,0,0,0,0,0,0,0,0,0,0,0,0,0,0,0,0
11bd80ccc7de0c78108b44e3a69e8a47,1.4,0,23,2911,14,7,2480,4,19,65,19,1,0,3,1,33,2,2,1,1,8,5,1,2,1,1,1,2,1,2,2,1,1,1,1,0,0,0,0,0,0,0,0,0,0,0,0,0,0,0,0,0,0,0,0,3,1,0,0,0,0,0,0,0,0,0,0,0,0,0,0,0,0,0,0,0,0,0,0,0,0,0,0,0,0,0,0,0,0,0,0,0,0,0,0,0,0,0,0,0,0,0,0,0,0,0,0,0,0,0,0,0,0,0,0,0,0,0,0,0,0,0,0,0,0,0,0,0,0,0,0,0,0,0,0,0,0,0,0,0,0,0,0,0,0,0,0,0,0,0,0,0,0,0,0,0,0,0,0,0,0,0,0,0,0,0,0,0,0,0,0,0,0,0,0,0,0,0,0,0,0,0,0,0,0,0,0,0,0,0,0,0,0,0,0,0,0,0,0,0,0,0,0,0,0,0,0,0,0,0,0,0,0,0,0,0,0,0,0,0,0,0,0,0,0,0,0,0,0,0,0,0,0,0,0,0,0,0,0,0,0,0,0,0,0,0,0,0,0,0,0,0,0,0,0,0,0,0,0,0,0,0,0,0,0,0,0,0,0,0,0,0,0,0,0,0,0,0,0,0,0,0,0,0,0,0,0,0,0,0
11e186bfd29b53a476ea190181a27083,1.4,0,3,119,1,0,0,0,0,0,0,0,0,0,0,0,0,0,0,0,0,0,0,0,0,0,0,0,0,0,0,0,0,0,0,0,0,2,0,0,0,0,0,0,0,0,0,0,0,0,0,0,0,0,0,0,0,0,0,0,0,0,0,0,1,0,0,0,0,0,0,0,0,0,0,0,0,0,0,0,0,1,0,0,0,0,0,0,0,0,0,0,0,0,0,0,0,0,0,0,0,0,0,0,0,0,0,0,0,0,0,0,0,0,0,0,0,0,0,0,0,0,0,0,0,0,0,0,0,0,0,0,0,0,0,0,0,0,0,0,0,0,0,0,0,0,0,0,0,0,0,0,0,0,0,0,0,0,0,0,0,0,0,0,0,0,0,0,0,0,0,0,0,0,0,0,0,0,0,0,0,0,0,0,0,0,0,0,0,0,0,0,0,0,0,0,0,0,0,0,0,0,0,0,0,0,0,0,0,0,0,0,0,0,0,0,0,0,0,0,0,0,0,0,0,0,0,0,0,0,0,0,0,0,0,0,0,0,0,0,0,0,0,0,0,0,0,0,0,0,0,0,0,0,0,0,0,0,0,0,0,0,0,0,0,0,0,0,0,0,0,0,0,0,0,0,0,0,0,0,0,0,0,0,0,0,0,0,0,0
11feb922ce4f61e6fca93904ee922b4c,3.4,0,11,175,0,2,4,3,2,4,5,0,0,2,2,34,0,0,0,1,23,11,0,1,0,0,3,0,0,1,0,1,3,0,0,1,1,7,0,1,0,1,3,1,1,0,0,0,0,0,1,0,0,0,0,0,0,2,2,80,0,0,0,0,3511,0,0,0,0,0,0,0,0,0,0,0,0,0,0,0,0,0,0,0,0,0,0,0,0,0,0,0,0,0,0,0,0,0,0,0,0,0,0,0,1,1,0,0,0,2,0,2,1,0,0,0,0,1,0,0,0,0,1,0,0,0,0,0,0,0,0,0,0,0,0,0,0,0,0,0,0,0,0,0,1,0,0,0,0,0,0,0,0,0,0,0,0,0,0,0,0,0,0,0,0,0,0,0,0,0,0,0,0,1,0,0,0,0,0,0,0,0,0,0,0,0,0,0,0,0,0,0,0,0,0,0,0,0,0,0,0,0,0,0,0,0,0,0,0,0,0,0,0,0,0,0,0,0,0,0,0,0,0,0,0,0,0,0,0,0,0,0,0,0,0,1,0,0,0,0,0,0,0,0,0,0,0,0,0,0,0,0,0,0,0,0,0,0,0,0,0,0,0,0,0,0,0,0,0,0,0,0,0,0,0,0,0,0,0,0,0,0,0,0,0,0,0,0,0,0
12ab006815614f2ad93358a7a03f7441,5.8,4,33,264,27,369,10,2,35,19,76,1,2,51,4,67,1,4,0,2,23,16,1,8,0,0,0,3,1,1,0,0,3,1,1,2,2,6,0,0,1,0,0,0,0,0,0,1,1,0,0,0,0,0,0,5,3,0,0,0,0,0,0,0,0,1,0,3,0,0,0,0,0,0,1,0,0,0,0,0,0,13,0,0,2,32,0,0,0,0,1,0,0,0,0,2,14,0,0,0,0,0,0,4,3,5,1,0,1,0,0,0,8,8,0,1,0,0,0,0,4,0,0,0,0,0,0,0,0,0,1,0,0,0,1,0,2,0,1,0,0,1,0,0,1,0,1,1,1,0,0,0,1,0,0,0,0,0,13,18,0,0,0,0,0,0,0,0,0,0,0,0,0,0,0,0,76,0,0,0,0,0,0,0,0,344,0,8,0,0,0,0,0,0,0,0,0,0,0,0,1,0,0,0,0,30,0,0,0,0,0,0,0,174,0,0,0,0,0,0,0,0,0,0,0,0,1,0,0,0,0,0,0,0,0,0,0,0,0,0,0,0,0,0,0,0,0,0,0,0,0,0,0,0,0,0,0,0,0,0,0,0,0,0,0,0,0,0,0,0,0,0,0,0,0,0,0,0,0,0,0,0,0,0,0,0,0,0,0,0
12e2dccebe0602d1050c965791a65547,1.4,0,17,412,15,7,4,2,5,3,8,3,1,3,1,29,2,2,1,1,6,5,1,2,1,1,2,2,0,0,0,1,1,1,1,0,0,4,0,0,0,0,0,0,0,0,0,0,0,0,0,0,6,0,0,3,1,0,0,0,0,0,0,0,0,0,0,0,0,0,0,0,0,0,0,0,0,0,0,0,0,0,0,0,0,0,0,0,0,0,0,0,0,0,0,0,0,0,0,0,0,0,0,0,0,0,0,0,0,0,0,0,0,0,0,0,0,0,0,0,0,0,4,0,0,0,0,0,0,0,0,0,0,0,0,0,0,0,0,0,0,0,0,0,0,0,0,0,0,0,0,0,0,0,0,0,0,0,0,0,0,0,0,0,0,0,0,0,0,0,0,0,0,0,0,0,0,0,0,0,0,0,0,0,0,0,0,0,0,0,0,0,0,0,0,0,0,0,0,0,0,0,0,0,0,0,0,0,0,0,0,0,0,0,0,0,0,0,0,0,0,0,0,0,0,0,0,0,0,0,0,0,0,0,0,0,0,0,0,0,0,0,0,0,0,0,0,0,0,0,0,0,0,0,0,0,0,0,0,0,0,0,0,0,0,0,0,0,0,0,0,0,0,0,0,0,0,0,0,0,0,0,0,0,0,0,0,0,0,0
12f0e133c2fe00d676f5ac156cf86178,1.6,0,19,368,10,3,4,4,5,4,9,1,0,3,0,28,1,4,1,1,6,5,1,2,1,1,2,2,0,0,0,1,1,1,1,0,0,2,0,0,0,0,0,0,0,0,0,0,0,0,0,3212,0,0,0,3,1,0,0,0,0,0,0,0,0,0,0,0,0,0,0,0,0,0,0,0,0,0,0,0,0,0,0,0,0,0,0,0,0,0,0,0,0,0,0,0,0,0,0,0,0,0,0,0,0,0,0,0,0,0,0,0,0,0,0,0,0,0,1799,0,0,0,0,0,0,0,0,0,0,0,0,0,0,0,0,0,0,0,0,0,0,0,0,0,0,0,0,0,0,0,0,0,0,0,0,0,0,0,0,0,0,0,0,0,0,0,0,0,0,0,0,0,0,0,0,0,0,0,0,0,0,0,0,0,0,0,0,0,0,0,0,0,0,0,0,0,0,0,0,0,0,0,0,0,0,0,0,0,0,0,0,0,0,0,0,0,0,0,0,0,0,0,0,0,0,0,0,0,0,0,0,0,0,0,0,0,0,0,0,0,0,0,0,0,0,0,0,0,0,0,0,0,0,0,0,0,0,0,0,0,0,0,0,0,0,0,0,0,0,0,0,0,0,0,0,0,0,0,0,0,0,0,0,0,0,0,0,0,0,0
013acc5d3ab8a78da3fdaaf6db721202,1.4,0,23,2577,17,9,2140,5,23,68,22,2,1,3,3,36,2,2,1,2,9,6,1,2,1,1,1,2,1,2,2,1,3,1,1,0,0,3,0,0,0,0,0,0,0,0,0,0,0,0,0,0,0,0,0,3,1,0,0,0,0,0,0,0,0,0,0,0,0,0,0,0,0,0,0,0,0,0,0,0,0,0,0,0,0,0,0,0,0,0,0,0,0,0,0,0,0,0,0,0,0,0,0,0,0,0,0,0,0,0,0,0,0,0,0,0,0,0,0,0,0,0,0,0,0,0,0,0,0,0,0,0,0,0,0,0,0,0,0,0,0,0,0,0,0,0,0,0,0,0,0,0,0,0,0,0,0,0,0,0,0,0,0,0,0,0,0,0,0,0,0,0,0,0,0,0,0,0,0,0,0,0,0,0,0,0,0,0,0,0,0,0,0,0,0,0,0,0,0,0,0,0,0,0,0,0,0,0,0,0,0,0,0,0,0,0,0,0,0,0,0,0,0,0,0,0,0,0,0,0,0,0,0,0,0,0,0,0,0,0,0,0,0,0,0,0,0,0,0,0,0,0,0,0,0,0,0,0,0,0,0,0,0,0,0,0,0,0,0,0,0,0,0,0,0,0,0,0,0,0,0,0,0,0,0,0,0,0,0,0
13c25a38de08e07343256c9bdf989fae,1.6,0,18,2300,13,1,1896,1,3,0,3,2,0,1,0,31,2,2,1,1,6,5,1,2,1,1,2,2,0,0,0,1,3,1,1,0,0,4,0,0,0,0,0,0,0,0,0,0,0,0,0,0,6,0,0,3,1,0,0,0,0,0,0,0,0,0,0,0,0,0,0,0,0,0,0,0,0,0,0,0,0,0,0,0,0,0,0,0,0,0,0,0,0,0,0,0,0,0,0,0,0,0,0,0,0,0,0,0,0,0,0,0,0,0,0,0,0,0,0,0,0,0,4,0,0,0,0,0,0,0,0,0,0,0,0,0,0,0,0,0,0,0,0,0,0,0,0,0,0,0,0,0,0,0,0,0,0,0,0,0,0,0,0,0,0,0,0,0,0,0,0,0,0,0,0,0,0,0,0,0,0,0,0,0,0,0,2,0,0,0,0,0,0,0,0,0,0,0,0,0,0,0,0,0,0,0,0,0,0,0,0,0,0,0,0,0,0,0,0,0,0,0,0,0,0,0,0,0,0,0,0,0,0,0,0,0,0,0,0,0,0,0,0,0,0,0,0,0,0,0,0,0,0,0,0,0,0,0,0,0,0,0,0,0,0,0,0,0,0,0,0,0,0,0,0,0,0,0,0,0,0,0,0,0,0,0,0,0,0,0
13c9249171d52cfb00aeec8ee29110a9,3.0,0,23,385,19,3,12,8,14,22,21,1,1,3,1,82,2,5,1,1,24,18,1,3,1,1,4,452,0,0,2,4,4,1,1,3,0,2,0,0,1,0,0,0,1,0,0,2,1,2,0,0,0,0,0,9,4,3,3,126,0,0,0,0,0,1,14,3,0,0,0,0,0,0,1,0,0,0,0,0,0,0,0,0,2,29,0,0,0,0,1,0,0,0,0,0,0,0,0,0,0,0,1,0,2,2,0,0,2,0,0,0,1,0,0,3,0,0,0,0,0,0,0,0,0,0,0,0,0,0,0,0,0,0,0,0,1,0,1,0,0,1,0,0,1,0,1,1,1,0,0,0,0,0,0,0,0,0,0,0,0,0,0,0,0,0,0,0,0,0,0,0,0,0,0,0,74,0,0,0,0,0,0,0,0,0,0,0,0,0,0,0,0,0,0,0,0,0,0,0,0,0,0,0,0,0,0,0,0,0,0,0,0,0,0,0,0,0,0,0,0,0,0,0,0,0,0,0,0,0,0,0,0,0,0,0,0,0,0,4,0,0,0,0,0,0,0,0,0,0,0,0,0,0,0,0,0,0,0,0,0,0,0,0,0,0,0,0,0,0,0,0,0,0,0,0,0,0,0,0,0,0,0,0,0,0,0,0,0,0
15cd3f26979656654d2d32e67303021c,4.8,0,3,25,14,1,3,0,1,0,3,0,0,1,0,34,2,3,1,1,8,7,1,2,1,1,2,2,0,0,0,1,1,1,1,0,0,13,0,0,0,0,0,0,0,0,0,1,0,1,0,0,6,1,0,3,1,0,0,0,0,0,0,0,0,0,0,0,0,0,0,0,0,0,0,0,0,0,0,0,0,6,0,0,0,0,0,0,0,0,0,0,0,0,0,0,0,0,0,0,0,0,0,0,0,1,1,0,3,0,0,0,0,0,0,0,0,0,0,0,0,2,2,0,0,0,0,0,0,0,0,0,0,0,0,0,0,0,0,0,0,0,2,0,0,0,0,0,0,0,0,1,0,0,0,0,0,0,0,0,0,0,0,0,0,0,0,0,0,0,0,0,0,0,0,0,0,0,0,0,0,0,0,0,0,0,0,0,0,0,0,0,0,0,0,0,0,0,0,0,0,0,0,0,0,0,0,0,0,0,0,0,0,0,1,0,0,0,0,5,0,0,0,0,0,0,0,0,0,0,0,0,0,0,0,0,0,0,0,0,0,0,0,0,0,0,0,0,0,0,0,0,0,0,0,0,0,0,0,0,0,0,0,0,0,0,0,0,0,0,0,0,0,0,0,0,0,0,0,0,0,0,0,0,0,0,0,0,0,0
16a23bdd3d09b53057e4025608a2deb1,1.6,0,19,2524,16,9,2097,3,6,4,9,2,1,3,3,45,2,2,1,2,27,14,1,2,1,1,2,2,1,0,0,1,2,1,1,0,0,3,0,0,0,0,0,0,0,0,0,0,0,0,0,0,0,0,0,3,1,0,0,0,0,0,0,0,0,0,0,0,0,0,0,0,0,0,0,0,0,0,0,0,0,0,0,0,0,0,0,0,0,0,0,0,0,0,0,0,0,0,0,0,0,0,0,0,0,0,0,0,0,2,0,2,0,0,0,0,0,0,0,0,0,0,0,0,0,0,0,0,0,0,0,0,0,0,0,0,0,0,0,0,0,0,0,0,0,0,0,0,0,0,0,0,0,0,0,0,0,0,0,0,0,0,0,0,0,0,0,0,0,0,0,0,0,0,0,0,0,0,0,0,0,0,0,0,0,0,0,0,0,0,0,0,0,0,0,0,0,0,0,0,0,0,0,0,0,0,0,0,0,0,0,0,0,0,0,0,0,0,0,0,0,0,0,0,0,0,0,0,0,0,0,0,0,0,0,0,0,0,0,0,0,0,0,0,0,0,0,0,0,0,0,0,0,0,0,0,0,0,0,0,0,0,0,0,0,0,0,0,0,0,0,0,0,0,0,0,0,0,0,0,0,0,0,0,0,0,0,0,0,0
0cff85b8f59cbb5e9e0804071dd5a935,1.4,0,3,119,1,0,0,0,0,0,0,0,0,0,0,0,0,0,0,0,0,0,0,0,0,0,0,0,0,0,0,0,0,0,0,0,0,2,0,0,0,0,0,0,0,0,0,0,0,0,0,0,0,0,0,0,0,0,0,0,0,0,0,0,1,0,0,0,0,0,0,0,0,0,0,0,0,0,0,0,0,1,0,0,0,0,0,0,0,0,0,0,0,0,0,0,0,0,0,0,0,0,0,0,0,0,0,0,0,0,0,0,0,0,0,0,0,0,0,0,0,0,0,0,0,0,0,0,0,0,0,0,0,0,0,0,0,0,0,0,0,0,0,0,0,0,0,0,0,0,0,0,0,0,0,0,0,0,0,0,0,0,0,0,0,0,0,0,0,0,0,0,0,0,0,0,0,0,0,0,0,0,0,0,0,0,0,0,0,0,0,0,0,0,0,0,0,0,0,0,0,0,0,0,0,0,0,0,0,0,0,0,0,0,0,0,0,0,0,0,0,0,0,0,0,0,0,0,0,0,0,0,0,0,0,0,0,0,0,0,0,0,0,0,0,0,0,0,0,0,0,0,0,0,0,0,0,0,0,0,0,0,0,0,0,0,0,0,0,0,0,0,0,0,0,0,0,0,0,0,0,0,0,0,0,0,0,0,0,0
17c3d3028c3a6a9cc5b639c3b7864eaa,3.4,0,11,176,0,2,4,3,2,4,5,0,0,2,2,34,0,0,0,1,23,11,0,1,0,0,3,0,0,1,0,1,3,0,0,1,1,8,0,1,0,1,3,1,1,0,0,0,0,0,1,0,0,0,0,0,0,2,2,82,0,0,0,0,3540,0,0,0,0,0,0,0,0,0,0,0,0,0,0,0,0,0,0,0,0,0,0,0,0,0,0,0,0,0,0,0,0,0,0,0,0,0,0,0,1,1,0,0,0,2,0,2,1,0,0,0,0,1,0,0,0,0,1,0,0,0,0,0,0,0,0,0,0,0,0,0,0,0,0,0,0,0,0,0,1,0,0,0,0,0,0,0,0,0,0,0,0,0,0,0,0,0,0,0,0,0,0,0,0,0,0,0,0,1,0,0,0,0,0,0,0,0,0,0,0,0,0,0,0,0,0,0,0,0,0,0,0,0,0,0,0,0,0,0,0,0,0,0,0,0,0,0,0,0,0,0,0,0,0,0,0,0,0,0,0,0,0,0,0,0,0,0,0,0,0,1,0,0,0,0,0,0,0,0,0,0,0,0,0,0,0,0,0,0,0,0,0,0,0,0,0,0,0,0,0,0,0,0,0,0,0,0,0,0,0,0,0,0,0,0,0,0,0,0,0,0,0,0,0,0
17db31ec989b6db36f36146b607b9a59,5.0,0,9,7,21,2,0,5,8,13,12,1,0,2,0,19,0,7,0,0,2,2,0,0,0,1,0,0,0,0,0,0,4,1,1,0,0,2,0,0,0,4,0,58,3,0,0,1,0,0,0,0,0,1,1,2,0,0,0,0,0,0,0,0,57,0,0,0,0,0,0,0,0,0,0,0,0,0,0,0,0,0,0,0,0,0,0,0,0,0,0,0,0,0,0,0,0,0,0,0,7,0,0,0,2,4,0,0,0,0,0,0,0,0,0,0,0,0,1,0,0,0,0,0,0,0,0,0,0,0,0,0,0,0,0,0,0,0,0,0,0,0,0,0,1,0,0,0,0,0,0,0,0,0,0,0,0,0,2,0,0,0,0,0,0,0,0,0,0,0,0,0,0,1,0,0,0,0,0,0,2,0,0,0,0,0,0,0,0,0,0,0,0,0,0,0,0,0,0,0,0,0,0,0,0,0,0,0,0,0,0,0,0,0,0,0,0,0,0,0,0,0,0,0,0,0,0,0,0,0,0,0,0,0,0,0,0,0,0,0,0,0,0,0,0,0,0,0,0,0,0,0,0,0,0,0,0,0,0,0,0,0,0,0,0,0,0,0,0,0,0,0,0,0,0,0,0,0,0,0,0,0,0,0,0,0,0,0,0,0
18d4e8e222db73720d0d479fa328cbcc,3.0,0,9,171,2,2,0,2,1,3,4,0,0,2,0,31,0,0,0,0,22,10,0,1,0,0,3,0,0,1,0,1,3,0,0,1,1,5,0,1,0,1,3,1,1,0,0,0,0,0,1,0,0,0,0,0,0,2,2,80,0,0,0,0,3472,0,0,0,0,0,0,0,0,0,0,0,0,0,0,0,0,0,0,0,0,0,0,0,0,0,0,0,0,0,0,0,0,0,0,0,0,0,0,0,1,1,0,0,0,2,0,2,1,0,0,0,0,1,0,0,0,0,1,0,0,0,0,0,0,0,0,0,0,0,0,0,0,0,0,0,0,0,0,0,1,0,0,0,0,0,0,0,0,0,0,0,0,0,0,0,0,0,0,0,0,0,0,0,0,0,0,0,0,1,0,0,0,0,0,0,0,0,0,0,0,0,0,0,0,0,0,0,0,0,0,0,0,0,0,0,0,0,0,0,0,0,0,0,0,0,0,0,0,0,0,0,0,0,0,0,0,0,0,0,0,0,0,0,0,0,0,0,0,0,0,1,0,0,0,0,0,0,0,0,0,0,0,0,0,0,0,0,0,0,0,0,0,0,0,0,0,0,0,0,0,0,0,0,0,0,0,0,0,0,0,0,0,0,0,0,0,0,0,0,0,0,0,0,0,0
18da28f2a3bd16fdb667c36759903c10,12.0,20,252,2690,384,23,642,149,271,261,431,27,458,60,20,4654,42,102,4,53,352,667,3,124,9,10,48,24,6,832,49,48,68,16,100,500,1,296,14,224,3,11,1,4,13777,0,0,7,899,52,193,1,472,0,0,6,42,23,23,969,15,12,12,12,831,48,199,135,0,1,0,18,1,1,16,1,1177,923,1,21,1122,1599,406,82,4,61,6,14,14,8,35,59,128,144,106,13,132,12,11,2,49,415,3,9,26,41,27,194,6,6,33,25,25,30,4,4,1,2,2,2,0,0,13584,0,0,0,0,4,0,0,1,2,11,0,0,0,4,0,788,0,0,2,1,0,4,0,2,2,0,0,0,0,1,0,0,0,11,0,8,19,0,0,0,8,2,2,7,0,0,4,0,32,0,3,45,2,0,4,0,0,2,0,0,0,18,0,0,0,0,0,0,0,0,0,0,0,0,0,0,0,0,0,1,0,1,0,0,0,0,0,0,0,0,0,0,0,0,0,0,0,0,0,8,0,1,1,0,0,0,0,0,8,6,0,0,0,0,0,0,0,0,0,0,0,0,1,0,0,0,0,0,0,0,0,0,0,0,0,0,0,0,0,3,0,0,0,0,0,0,0,0,0,0,0,0,0,0,0,0,0,0,0,0,0,0,0,0,0,0,0
18e5a6be2e48672419134a07fbb6ae1d,13.2,1,128,2058,132,24,47,56,222,154,682,12,4,71,7,2595,3,29,5,13,240,392,4,66,5,5,50,9,2,412,40,38,327,14,78,547,1,323,6,493,1,12,5,6,13436,0,0,3,0,42,464,1,377,0,0,6,25,13,13,548,12,1,1,1,655,22,40,27,0,2,0,20,2,1,5,2,536,455,1,4,1339,1071,652,134,2,51,1,4,4,2,19,12,114,114,105,2,98,0,2,0,23,53,3,1,7,7,32,231,2,1,6,5,8,8,2,12,1,26,1,0,0,2,13401,0,0,0,0,0,0,0,1,0,5,0,0,0,0,0,0,0,0,0,0,0,3,0,0,0,0,0,0,0,0,0,0,0,0,0,7,19,0,0,0,5,2,2,5,0,0,1,0,15,0,4,0,1,0,4,0,0,2,0,0,0,12,0,0,0,0,0,0,0,0,0,0,0,0,0,0,0,0,0,1,0,1,0,0,0,0,0,0,0,0,0,0,0,0,0,0,0,0,0,5,0,1,2,1,0,0,0,0,5,4,0,0,0,0,0,0,0,0,0,0,0,0,1,0,0,0,0,0,0,0,0,0,0,0,0,0,0,0,0,0,0,0,0,0,0,0,0,0,0,0,0,0,0,0,0,0,0,0,0,0,0,0,0,0,0,0,0
18f833f35c63458da783252e9f8625eb,1.6,0,19,368,10,3,4,4,5,4,9,1,0,3,0,28,1,4,1,1,6,5,1,2,1,1,2,2,0,0,0,1,1,1,1,0,0,2,0,0,0,0,0,0,0,0,0,0,0,0,0,3212,0,0,0,3,1,0,0,0,0,0,0,0,0,0,0,0,0,0,0,0,0,0,0,0,0,0,0,0,0,0,0,0,0,0,0,0,0,0,0,0,0,0,0,0,0,0,0,0,0,0,0,0,0,0,0,0,0,0,0,0,0,0,0,0,0,0,1799,0,0,0,0,0,0,0,0,0,0,0,0,0,0,0,0,0,0,0,0,0,0,0,0,0,0,0,0,0,0,0,0,0,0,0,0,0,0,0,0,0,0,0,0,0,0,0,0,0,0,0,0,0,0,0,0,0,0,0,0,0,0,0,0,0,0,0,0,0,0,0,0,0,0,0,0,0,0,0,0,0,0,0,0,0,0,0,0,0,0,0,0,0,0,0,0,0,0,0,0,0,0,0,0,0,0,0,0,0,0,0,0,0,0,0,0,0,0,0,0,0,0,0,0,0,0,0,0,0,0,0,0,0,0,0,0,0,0,0,0,0,0,0,0,0,0,0,0,0,0,0,0,0,0,0,0,0,0,0,0,0,0,0,0,0,0,0,0,0,0,0
18fdce76d3b7915e78a00e058eb8d4ba,4.4,0,31,934,42,525,779,3,46,24,87,2,1,81,0,58,1,70,1,0,2,2,0,9,0,0,188,0,3,0,23,0,82,0,2,1,5,0,0,0,0,2,3,0,0,0,0,0,1,0,0,2,0,0,0,0,0,0,0,0,0,0,0,0,4,0,202,1,0,4,3,0,0,0,1,0,0,0,0,0,0,0,0,0,0,0,0,1,2,0,0,0,0,0,0,0,0,0,0,1,2,16,0,0,1,4,0,0,1,0,0,0,1,0,0,0,3,0,0,0,0,0,0,0,0,0,0,0,0,1,3,0,0,0,0,0,0,0,1,0,0,0,0,0,8,0,0,0,0,0,0,0,0,0,0,0,0,0,2,1,0,0,0,0,0,0,0,0,0,0,0,0,0,3,0,8,0,0,3,0,0,0,0,0,0,21,0,0,0,0,0,0,0,0,0,0,0,0,0,0,0,0,0,0,0,0,2,0,0,0,0,1,1,0,0,0,0,0,0,0,0,0,0,0,0,0,0,0,0,0,0,0,0,0,0,0,0,0,0,0,0,0,0,0,0,0,0,0,0,0,0,0,0,0,0,0,0,0,0,0,0,0,0,0,0,0,0,0,0,0,0,0,0,0,0,0,0,0,0,0,0,0,0,0,0,0,0,0,0,0
19b9c8ce5aa27366c9d7b992e8c01703,10.4,3,159,6569,201,42,4259,117,193,120,355,16,4,34,18,20405,4,65,6,10,338,526,4,88,8,14,34,12,4,245,9131,9118,9143,9,18291,295,11,348,6,173,1,3043,5,6077,6381,0,0,6,0,38,149,1,411,0,0,2,20,7,7,304,14,1,1,1,503,34,6092,79,44,6,4,4,2,2,14,0,934,724,1,7,1013,1190,281,57,1,57,4,11,11,7,27,54,105,105,105,5,95,4,13,1,3052,3051,2,3,9,9,25,157,5,8,30,32,12,14,0,33391,3036,66809,0,0,0,1,6368,1,0,0,0,0,0,0,0,0,5,0,0,0,0,0,0,0,0,0,0,0,3,0,0,1,0,0,0,0,0,0,0,0,0,0,0,0,0,0,0,0,0,0,0,0,0,1,0,0,0,2,0,0,0,0,0,0,0,0,0,0,0,0,0,0,0,0,0,0,0,0,0,0,0,0,0,0,0,0,1,0,2,0,0,0,0,0,0,0,0,0,0,0,0,0,0,0,0,0,0,0,1,1,6070,0,0,0,0,0,0,0,0,0,0,0,0,0,0,0,0,0,0,0,0,0,0,0,0,0,0,0,0,0,0,0,0,0,0,0,0,0,0,0,0,0,0,0,0,0,0,0,0,0,0,0,0,0,0,0,0,0,0,0,0,0,0,0
19dd2bd95274b27b11b1d1c30f801318,1.6,0,19,368,10,3,4,4,5,4,9,1,0,3,0,28,1,4,1,1,6,5,1,2,1,1,2,2,0,0,0,1,1,1,1,0,0,2,0,0,0,0,0,0,0,0,0,0,0,0,0,3212,0,0,0,3,1,0,0,0,0,0,0,0,0,0,0,0,0,0,0,0,0,0,0,0,0,0,0,0,0,0,0,0,0,0,0,0,0,0,0,0,0,0,0,0,0,0,0,0,0,0,0,0,0,0,0,0,0,0,0,0,0,0,0,0,0,0,1799,0,0,0,0,0,0,0,0,0,0,0,0,0,0,0,0,0,0,0,0,0,0,0,0,0,0,0,0,0,0,0,0,0,0,0,0,0,0,0,0,0,0,0,0,0,0,0,0,0,0,0,0,0,0,0,0,0,0,0,0,0,0,0,0,0,0,0,0,0,0,0,0,0,0,0,0,0,0,0,0,0,0,0,0,0,0,0,0,0,0,0,0,0,0,0,0,0,0,0,0,0,0,0,0,0,0,0,0,0,0,0,0,0,0,0,0,0,0,0,0,0,0,0,0,0,0,0,0,0,0,0,0,0,0,0,0,0,0,0,0,0,0,0,0,0,0,0,0,0,0,0,0,0,0,0,0,0,0,0,0,0,0,0,0,0,0,0,0,0,0,0
19edc99ffefb534a53a1739b8778959f,2.2,27,33,849,21,4,25,2,24,7,8,3,0,2,4,24,1,4,0,1,7,6,0,1,0,0,1,0,0,0,0,4,1,0,0,1,2,12,0,1,0,0,0,0,0,0,0,0,1,0,0,0,0,0,0,0,0,0,0,0,0,0,0,0,0,2,4,0,0,0,0,0,0,0,0,0,0,0,0,0,0,519,17,545,0,157,0,0,0,0,0,0,4,27,2,2,47,0,0,0,0,0,0,0,2,3,0,0,0,0,0,0,2,0,0,3,0,0,0,0,0,0,0,0,0,0,0,0,0,1,2,0,0,0,0,0,0,0,1,0,0,0,0,0,0,0,0,0,0,0,0,0,0,0,0,0,0,0,0,0,0,0,0,0,0,0,0,0,0,0,0,0,0,0,0,0,0,0,0,0,0,0,0,0,0,0,0,0,0,0,0,0,0,0,0,0,0,0,0,0,0,0,0,0,1,0,0,0,0,0,0,0,0,0,0,0,0,0,0,0,0,0,0,0,0,0,0,0,0,0,0,0,0,0,0,0,0,0,0,0,0,0,0,0,0,0,0,0,0,0,0,0,0,0,0,0,0,0,0,0,0,0,0,0,0,0,0,0,0,0,0,0,0,0,0,0,0,0,0,0,0,0,0,0,0,0,0,0,0,0
20a494c7e1df552bf1c6835319261d3d,2.2,0,16,405,12,5,3,2,3,1,6,2,0,3,1,31,1,4,1,1,6,5,1,2,1,1,2,2,1,0,0,1,1,1,1,0,0,9,0,0,0,0,0,0,0,0,0,0,0,2,0,0,6,0,0,3,1,0,0,0,0,0,0,0,144,0,0,0,0,0,0,0,0,0,0,0,0,0,0,0,0,0,0,0,0,0,0,0,0,0,0,0,0,0,0,0,0,0,0,0,0,0,0,0,0,0,0,0,0,0,0,0,0,0,0,0,0,0,0,0,0,0,4,0,0,0,0,0,0,0,0,0,0,0,0,0,0,0,0,0,0,0,0,0,0,0,0,0,0,0,0,0,0,0,0,0,0,0,0,0,0,0,0,0,0,0,0,0,0,0,0,0,0,0,0,0,0,0,0,0,0,0,0,0,0,0,0,0,0,0,0,0,0,0,0,0,0,0,0,0,0,0,0,0,0,0,0,0,0,0,0,0,0,0,0,0,0,0,0,0,0,0,0,0,0,0,0,0,0,0,0,0,0,0,0,0,0,0,0,0,0,0,0,0,0,0,0,0,0,0,0,0,0,0,0,0,0,0,0,0,0,0,0,0,0,0,0,0,0,0,0,0,0,0,0,0,0,0,0,0,0,0,0,0,0,0,0,0,0,0
20aac751faf3164a83d740b0066ca424,1.6,0,9,179,11,1,12,0,1,0,1,2,0,1,1,38,1,11,0,1,6,5,1,2,1,1,0,0,2,0,0,0,2,0,0,0,0,9,0,0,0,0,0,0,1,0,0,0,0,0,0,0,0,0,0,3,1,0,0,0,0,0,0,0,0,0,0,0,0,0,0,0,0,0,0,0,0,0,0,0,0,0,0,0,0,0,0,0,0,0,0,0,0,0,0,0,0,0,0,0,0,0,0,0,1,1,0,0,0,0,0,0,0,0,0,0,1,1,0,0,0,0,0,0,0,0,0,0,0,0,0,0,0,0,0,0,0,0,0,0,0,0,0,0,0,0,0,0,0,0,0,0,0,0,0,0,0,0,0,0,0,0,0,0,1,1,0,0,0,0,0,0,0,1,0,0,0,0,0,0,0,0,0,0,0,0,0,0,0,0,0,0,0,0,0,0,0,0,0,0,0,0,0,0,0,0,0,0,0,0,0,1,0,0,0,0,0,0,0,0,0,0,0,0,0,0,0,0,0,0,0,0,0,0,0,0,0,0,0,0,0,0,0,0,0,0,0,0,0,0,0,0,0,0,0,0,0,0,0,0,0,0,0,0,0,0,0,0,0,0,0,0,0,0,0,0,0,0,0,0,0,0,0,0,0,0,0,0,0,0
20dba065bb666f9fe3986fe139953af8,1.6,0,8,383,2,0,1,0,3,2,2,1,1,0,0,0,0,2,0,3,0,0,0,0,0,0,0,0,0,0,0,0,0,0,0,0,0,7,0,0,0,0,0,0,0,0,0,0,0,0,0,0,0,0,0,1,0,0,0,0,0,0,0,0,1,0,0,0,0,0,0,0,0,0,0,0,0,0,0,0,0,0,0,0,0,0,0,0,0,0,0,0,0,0,0,0,0,0,0,0,0,0,0,0,0,0,0,0,0,0,0,0,0,0,0,0,0,0,0,0,0,1,0,0,0,0,0,0,0,0,0,0,0,0,0,0,0,0,0,0,0,0,0,0,0,0,0,0,0,0,0,0,0,0,0,0,0,0,0,0,0,0,0,0,0,0,0,0,0,0,0,0,0,0,0,0,0,0,0,0,0,0,0,0,0,0,0,0,0,0,0,0,0,0,0,0,0,0,0,0,0,0,0,0,0,0,0,0,0,0,0,0,0,0,0,0,0,0,0,0,0,0,0,0,0,0,0,0,0,0,0,0,0,0,0,0,0,0,0,0,0,0,0,0,0,0,0,0,0,0,0,0,0,0,0,0,0,0,0,0,0,0,0,0,0,0,0,0,0,0,0,0,0,0,0,0,0,0,0,0,0,0,0,0,0,0,0,0,0,0
20eaf13f7cc1dbab7397d3cde1ea6be4,1.6,0,19,368,10,3,4,4,5,4,9,1,0,3,0,28,1,4,1,1,6,5,1,2,1,1,2,2,0,0,0,1,1,1,1,0,0,2,0,0,0,0,0,0,0,0,0,0,0,0,0,3212,0,0,0,3,1,0,0,0,0,0,0,0,0,0,0,0,0,0,0,0,0,0,0,0,0,0,0,0,0,0,0,0,0,0,0,0,0,0,0,0,0,0,0,0,0,0,0,0,0,0,0,0,0,0,0,0,0,0,0,0,0,0,0,0,0,0,1799,0,0,0,0,0,0,0,0,0,0,0,0,0,0,0,0,0,0,0,0,0,0,0,0,0,0,0,0,0,0,0,0,0,0,0,0,0,0,0,0,0,0,0,0,0,0,0,0,0,0,0,0,0,0,0,0,0,0,0,0,0,0,0,0,0,0,0,0,0,0,0,0,0,0,0,0,0,0,0,0,0,0,0,0,0,0,0,0,0,0,0,0,0,0,0,0,0,0,0,0,0,0,0,0,0,0,0,0,0,0,0,0,0,0,0,0,0,0,0,0,0,0,0,0,0,0,0,0,0,0,0,0,0,0,0,0,0,0,0,0,0,0,0,0,0,0,0,0,0,0,0,0,0,0,0,0,0,0,0,0,0,0,0,0,0,0,0,0,0,0,0
1b81d2673feb9d55f210841992ba7113,1.2,0,0,0,0,0,0,0,2,2,2,0,0,0,0,0,0,0,0,0,0,0,0,0,0,0,0,0,0,0,0,0,0,0,0,0,0,0,0,0,0,0,0,0,0,0,0,0,0,0,0,0,0,0,0,1,0,0,0,0,0,0,0,0,0,0,0,0,0,0,0,0,0,0,0,0,0,0,0,0,0,0,0,0,0,0,0,0,0,0,0,0,0,0,0,0,0,0,0,0,0,0,0,0,0,0,0,0,0,0,0,0,0,0,0,0,0,0,0,0,0,3,0,0,0,0,0,0,1,0,0,0,0,0,0,0,0,0,0,0,0,0,0,0,0,0,0,0,0,0,0,0,0,0,0,0,0,0,1,0,0,0,0,0,0,0,0,0,0,0,0,0,0,0,0,0,0,0,0,0,0,0,0,0,0,0,0,0,0,0,0,0,0,0,0,0,5,0,0,0,0,0,0,0,0,0,0,0,0,0,0,0,0,0,0,0,0,0,0,0,0,0,0,0,0,0,0,0,0,0,0,0,0,0,0,0,0,0,0,0,0,0,0,0,0,0,0,0,0,0,0,0,0,0,0,0,0,0,0,0,0,0,0,0,0,0,0,0,0,0,0,0,0,0,0,0,0,0,0,0,0,0,0,0,0,0,0,0,0,0
20f61e4256b9a99243573e267e2778bb,1.2,0,3,206,1,0,1,0,0,0,0,0,0,0,0,10,0,0,0,2,3,3,0,0,0,0,0,0,0,0,0,0,121,0,0,0,0,2,0,0,0,0,0,0,0,0,0,0,0,0,0,0,0,0,0,3,1,0,0,0,0,0,0,0,0,0,0,0,0,0,0,0,0,0,0,0,0,0,0,0,0,0,0,0,0,0,0,0,0,0,0,0,0,0,0,0,0,0,0,0,0,0,0,0,1,1,0,0,0,0,0,0,1,0,0,0,0,0,0,0,0,0,0,0,0,0,0,0,0,0,0,0,0,0,0,0,0,0,0,0,0,0,0,0,0,0,0,0,0,0,0,0,0,0,0,0,0,0,0,0,0,0,0,0,0,0,0,0,0,0,0,0,0,0,0,0,0,0,0,0,0,0,0,0,0,0,0,0,0,0,0,0,0,0,0,0,0,0,0,0,0,0,0,0,0,0,0,0,0,0,0,0,0,0,0,0,0,0,0,0,0,0,0,0,0,0,0,0,0,0,0,0,0,0,0,0,0,0,0,0,0,0,0,0,0,0,0,0,0,0,0,0,0,0,0,0,0,0,0,0,0,0,0,0,0,0,0,0,0,0,0,0,0,0,0,0,0,0,0,0,0,0,0,0,0,0,0,0,0,0
20fd06bd5f88473e14807cde5f06fa60,10.2,2,146,6509,184,58,4252,99,198,115,366,16,4,40,17,21923,3,25,6,10,314,473,4,82,8,14,34,7,3,233,10019,10006,10033,9,20050,283,11,348,6,172,1,3339,5,6669,6369,0,0,6,0,36,148,1,406,0,0,2,14,7,7,290,13,1,1,1,478,28,6687,93,56,6,4,4,2,2,12,0,625,513,1,7,1041,928,303,63,1,55,4,11,11,4,20,34,105,105,105,4,105,2,8,2,3346,3355,1,2,7,7,24,157,5,8,20,19,6,0,0,36651,3331,73297,0,0,0,0,6359,1,0,0,0,0,0,0,0,0,5,0,0,0,0,0,0,0,0,0,0,0,3,0,0,0,0,0,0,0,0,0,0,0,0,0,0,0,0,0,0,0,0,0,0,0,0,1,0,0,0,2,0,0,0,0,0,0,0,0,0,0,0,0,0,0,0,0,0,0,0,0,0,0,0,0,0,0,0,0,1,0,2,0,0,0,0,0,0,0,0,0,0,0,0,0,0,0,0,0,0,0,1,1,6662,0,0,0,0,0,0,0,0,0,0,0,0,0,0,0,0,0,0,0,0,0,0,0,0,0,0,0,0,0,0,0,0,0,0,0,0,0,0,0,0,0,0,0,0,0,0,0,0,0,0,0,0,0,0,0,0,0,0,0,0,0,0,0
21b0fc84f004f370ed39719c522105ef,2.0,0,16,392,10,5,3,2,5,3,8,159993,1,3,1,33,1,3,1,1,6,5,1,2,1,1,2,2,0,0,0,1,1,1,1,0,0,10,0,0,0,0,0,0,0,0,0,0,0,0,0,0,6,0,0,3,1,0,0,0,0,0,0,0,0,0,0,0,0,0,0,0,0,0,0,0,0,0,0,0,0,0,0,0,0,0,0,0,0,0,0,0,0,0,0,0,0,0,0,0,0,0,0,0,0,0,0,0,0,0,0,0,0,0,0,0,0,0,0,0,0,0,4,0,0,0,0,0,0,0,0,0,0,0,0,0,0,0,0,0,0,0,0,0,0,0,0,0,0,0,0,0,0,0,0,0,0,0,0,0,0,0,0,0,0,0,0,0,0,0,0,0,0,0,0,0,0,0,0,0,0,0,0,0,0,0,0,0,0,0,0,0,0,0,0,0,0,0,0,0,0,0,0,0,0,0,0,0,0,0,0,0,0,0,0,0,0,0,0,0,0,0,0,0,0,0,0,0,0,0,0,0,0,0,0,0,0,0,0,0,0,0,0,0,0,0,0,0,0,0,0,0,0,0,0,0,0,0,0,0,0,0,0,0,0,0,0,0,0,0,0,0,0,0,0,0,0,0,0,0,0,0,0,0,0,0,0,0,0,0
22c7accd4f7637eba71aef652bd2ad05,1.6,0,19,2300,14,5,1895,2,7,3,8,3,1,3,1,29,2,2,1,1,6,5,1,2,1,1,2,2,0,0,0,1,3,1,1,0,0,4,0,0,0,0,0,0,0,0,0,0,0,0,0,0,6,0,0,3,1,0,0,0,0,0,0,0,0,0,0,0,0,0,0,0,0,0,0,0,0,0,0,0,0,0,0,0,0,0,0,0,0,0,0,0,0,0,0,0,0,0,0,0,0,0,0,0,0,0,0,0,0,0,0,0,0,0,0,0,0,0,0,0,0,0,4,0,0,0,0,0,0,0,0,0,0,0,0,0,0,0,0,0,0,0,0,0,0,0,0,0,0,0,0,0,0,0,0,0,0,0,0,0,0,0,0,0,0,0,0,0,0,0,0,0,0,0,0,0,0,0,0,0,0,0,0,0,0,0,2,0,0,0,0,0,0,0,0,0,0,0,0,0,0,0,0,0,0,0,0,0,0,0,0,0,0,0,0,0,0,0,0,0,0,0,0,0,0,0,0,0,0,0,0,0,0,0,0,0,0,0,0,0,0,0,0,0,0,0,0,0,0,0,0,0,0,0,0,0,0,0,0,0,0,0,0,0,0,0,0,0,0,0,0,0,0,0,0,0,0,0,0,0,0,0,0,0,0,0,0,0,0,0
23bca863f2aa5c08769c9dd7e708e09a,5.6,0,1,22,11,1,4,0,1,0,3,0,0,1,0,34,2,2,1,1,7,6,1,2,1,2,2,2,0,0,0,1,3,1,3,0,0,4,0,0,0,0,0,0,0,0,0,1,0,0,0,0,8,1,1,6,2,0,0,0,0,0,0,0,0,0,0,0,0,0,0,0,0,0,0,0,0,0,0,0,0,0,0,0,0,0,0,0,0,0,0,0,0,0,0,0,0,0,0,0,0,0,0,0,0,0,0,0,0,0,0,0,0,0,0,0,1,0,0,0,0,0,4,0,0,0,0,0,0,0,0,0,0,0,0,0,0,0,0,0,0,0,0,0,0,0,0,0,0,0,0,0,0,0,0,0,0,0,0,0,0,0,0,0,0,0,0,0,0,0,0,0,0,0,0,0,0,0,0,0,0,0,0,0,0,0,0,0,0,0,0,0,0,0,0,0,0,0,0,0,0,0,0,0,0,0,0,0,0,0,0,0,0,0,0,0,0,0,0,0,0,0,0,0,0,0,0,0,0,0,0,0,0,0,0,0,0,0,0,0,0,0,0,0,0,0,0,0,0,0,0,0,0,0,0,0,0,0,0,0,0,0,0,0,0,0,0,0,0,0,0,0,0,0,0,0,0,0,0,0,0,0,0,0,0,0,0,0,0,0
23c160500d0e456655b2ec0615fed0ff,11.0,0,109,1413,79,8,39,36,60,33,463,10,3,5,8,1628,1,39,4,5,126,357,3,53,3,9,23,6,4,267,10,2,23,3,65,329,10,110,5,416,1,2,1,1,6568,3,2,2,2,36,393,1,60,1,1,2,10,8,8,339,10,1,1,2,467,6,8,14,0,0,0,0,0,0,2,0,243,281,1,3,1409,618,581,109,0,48,0,1,1,0,4,0,62,62,60,5,59,0,0,0,0,9,0,1,2,2,29,216,0,0,0,0,1,0,0,8,0,0,0,0,0,0,6419,1,0,0,0,1,0,0,0,0,0,0,0,0,0,0,0,0,0,0,0,0,0,0,0,0,0,0,0,0,0,0,0,0,0,0,0,0,0,0,0,0,0,0,0,0,0,0,0,0,0,0,0,0,0,0,0,0,0,0,0,0,0,0,0,0,0,0,0,0,0,0,0,0,0,0,0,0,0,0,0,0,0,0,0,0,0,0,0,0,0,0,0,0,0,0,0,0,0,0,0,0,0,0,0,0,0,0,0,0,0,0,0,0,0,0,0,0,0,0,0,0,0,0,0,0,0,0,0,0,0,0,0,0,0,0,0,0,0,0,0,0,0,0,0,0,0,0,0,0,0,0,0,0,0,0,0,0,0,0,0,0,0,0,0,0,0,0
23d0e064ef793a616e5aa8e305de5890,3.4,0,7,144,0,0,1,1,3,4,3,1,1,0,0,29,0,0,0,0,22,10,0,1,0,0,3,0,0,1,0,0,3,0,0,1,1,5,0,1,0,1,3,1,1,0,0,0,0,0,1,0,0,0,0,0,0,2,2,78,0,0,0,0,3460,0,0,0,0,0,0,0,0,0,0,0,0,0,0,0,0,0,0,0,0,0,0,0,0,0,0,0,0,0,0,0,0,0,0,1,0,0,0,0,1,1,0,0,0,2,0,2,1,0,0,0,0,1,0,0,0,0,1,0,0,0,0,0,0,0,0,0,0,0,0,0,0,0,0,0,0,0,0,0,1,0,0,0,0,0,0,0,0,0,0,0,0,0,0,0,0,0,0,0,0,0,0,0,0,0,0,0,0,1,0,0,0,0,0,0,0,0,0,0,0,0,0,0,0,0,0,0,0,0,0,0,0,0,0,0,0,0,0,0,0,0,0,0,0,0,0,0,0,0,0,0,0,0,0,0,0,0,0,0,0,0,0,0,0,0,0,0,0,0,0,1,0,0,0,0,0,0,0,0,0,0,0,0,0,0,0,0,0,0,0,0,0,0,0,0,0,0,0,0,0,0,0,0,0,0,0,0,0,0,0,0,0,0,0,0,0,0,0,0,0,0,0,0,0,0
23da7cf441e345a1afdfa9ba03d036be,1.8,34,23,2639,13,7,2293,4,22,67,21,3,1,3,1,33,1,2,1,1,8,5,1,2,1,1,1,2,1,2,2,1,1,1,1,0,0,0,0,0,0,0,0,0,0,0,0,0,0,0,0,0,0,0,0,3,1,0,0,0,0,0,0,0,0,0,0,0,0,0,0,0,0,0,0,0,0,0,0,0,0,0,0,0,0,0,0,0,0,0,0,0,0,0,0,0,0,0,0,0,0,0,0,0,0,0,0,0,0,0,0,0,0,0,0,0,0,0,0,0,0,0,0,0,0,0,0,0,0,0,0,0,0,0,0,0,0,0,0,0,0,0,0,0,0,0,0,0,0,0,0,0,0,0,0,0,0,0,0,0,0,0,0,0,0,0,0,0,0,0,0,0,0,0,0,0,0,0,0,0,0,0,0,0,0,0,0,0,0,0,0,0,0,0,0,0,0,0,0,0,0,0,0,0,0,0,0,0,0,0,0,0,0,0,0,0,0,0,0,0,0,0,0,0,0,0,0,0,0,0,0,0,0,0,0,0,0,0,0,0,0,0,0,0,0,0,0,0,0,0,0,0,0,0,0,0,0,0,0,0,0,0,0,0,0,0,0,0,0,0,0,0,0,0,0,0,0,0,0,0,0,0,0,0,0,0,0,0,0,0
24b60103d3b15b8062a7c480bd7c7908,10.6,2,109,6504,2078,80,4310,36,203,235,459,8,4,64,9,24228,3,2620,6,6,150,242,4,52,4,10,32,6,5,224,11413,11410,11436,9,22866,272,10,344,5,234,1,3804,5,7605,4758,5,4,2,0,34,211,1,391,0,0,2,12,7,7,283,10,2,2,3,291,12,7624,16,104,12,8,8,4,4,3,2,225,207,1,5,1219,563,363,70,1,48,0,2,2,0,11,0,106,108,106,2,76,0,0,0,3801,3817,1,0,1,1,25,156,1,0,0,0,0,0,0,41807,3800,83609,0,0,0,0,4857,1,0,0,0,0,0,0,0,0,3,0,0,0,0,0,0,0,0,0,0,0,0,0,0,0,0,0,0,0,0,0,0,0,0,0,0,0,0,0,0,0,0,0,0,0,0,1,0,0,0,0,0,0,0,0,0,0,0,0,0,0,0,0,0,0,0,0,0,0,0,0,0,0,0,0,0,0,0,0,0,0,1,0,0,0,0,0,0,0,0,0,0,0,0,0,0,0,0,0,0,0,1,1,7600,0,0,0,0,0,0,0,0,0,0,0,0,0,0,0,0,0,0,0,0,0,0,0,0,0,0,0,0,0,0,0,0,0,0,0,0,0,0,0,0,0,0,0,0,0,0,0,0,0,0,0,0,0,0,0,0,0,0,0,0,0,0,0
24be5dd4c2f346ed0218ad5151b802e1,1.2,0,1,6,2,0,2,0,0,0,0,0,0,0,0,0,0,2,0,0,0,0,0,0,0,0,0,0,0,0,0,0,0,0,0,0,0,1,0,0,0,0,0,0,0,0,0,0,0,0,0,0,0,0,0,0,0,0,0,0,0,0,0,0,0,0,0,0,0,0,0,0,0,0,0,0,0,0,0,0,0,0,0,0,0,0,0,0,0,0,0,0,0,0,0,0,0,0,0,0,0,0,0,0,0,0,0,0,0,0,0,0,0,0,0,0,0,0,0,0,0,0,0,0,0,0,0,0,0,0,0,0,0,0,0,0,0,0,0,0,0,0,0,0,0,0,0,0,0,0,0,0,0,0,0,0,0,0,0,0,0,0,0,0,0,0,0,0,0,0,0,0,0,0,0,0,0,0,0,0,0,0,0,0,0,0,0,0,0,0,0,0,0,0,0,0,0,0,0,0,0,0,0,0,0,0,0,0,0,0,0,0,0,0,0,0,0,0,0,0,0,0,0,0,0,0,0,0,0,0,0,0,0,0,0,0,0,0,0,0,0,0,0,0,0,0,0,0,0,0,0,0,0,0,0,0,0,0,0,0,0,0,0,0,0,0,0,0,0,0,0,0,0,0,0,0,0,0,0,0,0,0,0,0,0,0,0,0,0,0
24bedb8a3fff465aa432c797310b7140,1.4,0,21,2572,15,9,2136,4,22,67,21,2,1,3,1,33,2,2,1,1,8,5,1,2,1,1,1,2,1,2,2,1,3,1,1,0,0,0,0,0,0,0,0,0,0,0,0,0,0,0,0,0,0,0,0,3,1,0,0,0,0,0,0,0,0,0,0,0,0,0,0,0,0,0,0,0,0,0,0,0,0,0,0,0,0,0,0,0,0,0,0,0,0,0,0,0,0,0,0,0,0,0,0,0,0,0,0,0,0,0,0,0,0,0,0,0,0,0,0,0,0,0,0,0,0,0,0,0,0,0,0,0,0,0,0,0,0,0,0,0,0,0,0,0,0,0,0,0,0,0,0,0,0,0,0,0,0,0,0,0,0,0,0,0,0,0,0,0,0,0,0,0,0,0,0,0,0,0,0,0,0,0,0,0,0,0,0,0,0,0,0,0,0,0,0,0,0,0,0,0,0,0,0,0,0,0,0,0,0,0,0,0,0,0,0,0,0,0,0,0,0,0,0,0,0,0,0,0,0,0,0,0,0,0,0,0,0,0,0,0,0,0,0,0,0,0,0,0,0,0,0,0,0,0,0,0,0,0,0,0,0,0,0,0,0,0,0,0,0,0,0,0,0,0,0,0,0,0,0,0,0,0,0,0,0,0,0,0,0,0
24e312dbd516844c619b23ccb0198e6c,11.4,3,139,6028,182,81,4521,54,162,188,674,12,3,68,8,1965,3,23,5,4,174,352,3,66,4,11,23,9,5,298,17,20,28,3,69,389,10,77,5,485,1,5,1,1,6445,3,2,3,2,41,463,1,65,1,1,2,15,9,9,384,11,9,9,26,584,23,9,35,116,12,8,11,4,4,9,2,500,421,1,6,1421,828,660,126,0,51,1,4,4,2,20,12,117,119,106,7,91,0,2,0,11,9,0,2,7,7,30,222,1,1,6,5,7,8,2,3,1,2,1,0,0,2,6297,1,8,0,0,1,0,0,0,0,0,0,0,0,0,0,0,0,0,0,0,0,0,0,0,0,0,0,0,0,0,0,0,0,0,0,0,0,0,0,0,0,0,0,0,0,0,0,0,0,0,0,0,0,0,0,0,0,0,0,0,0,0,0,0,0,0,0,0,0,0,0,0,0,0,0,0,0,0,0,0,0,0,0,0,0,0,0,0,0,0,0,0,0,0,0,0,0,0,0,0,0,0,0,0,0,0,0,0,0,0,0,0,0,0,0,0,0,0,0,0,0,0,0,0,0,0,0,0,0,0,0,0,0,0,0,0,0,0,0,0,0,0,0,0,0,0,0,0,0,0,0,0,0,0,0,0,0,0,0,0,0,0,0,0,0,0,0
26aa8718c41d3cc7589498e7dbf5e9d0,4.6,56,72,2649,96,35,136,572,1738,2098,1603,60,0,26,7,7742,799,49,0,1,2956,3962,1,404,0,1,47,7,2,547,382,196,1040,99,494,6,2,14,6,41,58,72,68,64,523,89,0,1,0,2,12,0,1,0,0,3,534,0,0,0,0,0,0,54,482,1089,53,181,0,0,0,13,0,0,1,0,1860,1325,0,9,1338,761,633,205,9,57,0,2,2,138,1084,1010,109,150,108,14,104,26,0,0,134,510,3,76,347,808,0,68,0,2,1,0,18,16,0,0,1,31,1,0,0,2,5,0,0,2,0,0,2,0,19,180,1,0,1,2,2,45,0,0,0,0,0,0,0,0,0,0,0,0,0,0,107,0,0,1,58,0,4,13,0,0,0,7,2,2,1,0,0,0,0,0,0,0,0,0,0,4,0,0,2,0,6,0,6,0,0,0,0,0,0,0,0,0,0,0,0,0,0,0,0,0,0,0,0,0,0,0,0,0,0,0,0,0,0,0,0,0,0,0,0,0,0,0,0,0,0,0,0,0,0,0,0,0,0,192,0,0,0,0,0,0,0,0,0,0,0,0,0,0,0,0,0,0,0,0,0,0,0,0,0,0,0,0,0,0,0,0,0,0,0,0,0,0,0,0,0,0,0,0,0,0,0,0,0,0,0,0,0,0
2c88303331f150c53bc8fc6ba306c05f,5.6,282,151,1711,182,80,68,471,1384,2790,1153,6,19,152,9,1832,32,81,0,1,107,1127,1,31,1,334,17,4,1,59,312,118,356,32,699,30,4,4,11,18,2,38,28,5,37,39,0,1,5,338,14,3,0,0,0,2,25,0,0,0,0,1,0,1,4080,234,92,90,6,4,0,18,0,0,2,0,792,518,8,8,950,1805,3126,2182,5,66,0,1,1,5,223,11,55,336,55,7,98,123,0,1,59,269,3,22,38,46,0,2,0,10,1,0,11,8,0,0,38,91,2,0,135,0,23,0,0,2,0,0,6,6,7,9,3,0,0,3,8,12,5,0,0,1,0,0,0,0,0,5,0,0,0,0,107,1,0,1,1,0,10,23,0,0,0,25,2,2,1,0,0,1,1,0,0,28,0,0,0,4,0,0,2,0,0,0,86,21,0,13,0,0,0,0,0,0,0,0,0,0,0,0,0,0,0,3,0,0,0,0,0,0,0,0,0,0,0,0,0,0,0,0,0,0,25,0,0,0,0,0,0,0,0,40,36,0,2,0,0,0,0,0,0,0,0,0,0,0,0,0,0,1,0,0,0,0,0,1,0,0,0,0,0,0,0,0,0,0,0,0,0,0,0,0,0,0,0,0,0,0,0,0,0,0,0,0,0,0,0,0,0,0
2ca60c303bc6d04a777e9940b131f37f,4.4,137,131305,1260,236,34,77,539,1397,2786,1118,14,12,64,17,2393,32,113,0,5,187,911,1,60,5,619,14,14,4,69,290,112,357,34,560,39,2,7,10,19,2,36,25,4,33,41,0,4,2,622,13,3,0,0,0,0,29,0,0,0,0,1,0,1,2076,183,76,772,6,0,0,18,0,0,11,0,1164,781,8,12,570,7879,2278,1369,1,36,4,9,9,8,167,47,73,208,55,8,119,125,8,5,61,268,3,21,48,56,0,5,4,14,21,15,27,32,4,1,42,41,2,0,135,0,15,0,0,2,0,0,6,3,7,9,3,0,0,3,8,12,2,0,0,1,0,0,0,0,0,5,0,0,0,0,54,1,0,1,1,0,8,19,0,0,0,18,2,2,1,0,0,1,1,0,0,25,0,0,0,4,0,0,2,0,0,0,54,2,0,13,0,0,0,0,0,0,0,0,0,0,0,0,0,0,0,0,0,0,0,0,0,0,0,0,0,0,0,0,0,0,0,0,0,0,18,0,0,0,0,0,0,0,0,28,22,0,2,0,0,0,0,0,0,0,0,0,0,0,0,0,0,1,0,0,0,0,0,0,0,0,0,0,0,0,0,0,0,0,0,0,0,0,0,0,0,0,0,0,0,0,0,0,0,0,0,0,0,0,0,0,0,0
2ca5975ec539fe5a5b5926e311fbaf73,6.6,109,205,2601,248,128,80,482,1410,2809,1219,10,14,191,12,1563,32,135,0,2,131,776,1,40,2,14,13,8,2,59,355,106,361,33,437,51,5,9,12,18,2,41,33,4,39,40,0,2,6,19,15,3,0,0,0,3,29,0,0,0,0,1,0,1,2313,174,78,1262,6,5,0,34,1,1,5,0,974,640,8,9,1158,13316,1713,1057,3,30,1,3,3,7,161,21,66,173,57,8,108,125,2,1,60,262,3,23,42,50,0,3,1,11,7,5,17,16,2,1,34,66,3,0,135,2,23,0,0,2,0,0,6,6,10,9,3,0,0,3,12,12,6,0,0,1,0,0,0,0,0,5,0,0,0,0,107,0,0,1,1,0,12,23,0,0,0,10,2,2,3,0,0,1,1,25,0,33,0,2,0,9,1,28,2,0,0,0,25,21,0,55,1,1,1,2,2,2,0,0,0,0,0,0,0,0,0,0,0,0,0,0,0,0,0,0,0,0,0,0,0,0,0,0,0,0,10,0,0,0,0,0,0,0,0,10,9,0,2,0,0,0,0,0,0,0,0,0,0,0,0,0,0,1,0,0,0,0,0,0,0,0,0,0,0,0,0,0,0,0,0,0,0,0,0,0,0,0,0,0,0,0,0,0,0,0,0,0,0,0,0,0,0,0
2ca442045788735d64dbbd9540110f28,6.6,165,240,2754,329,83,97,557,1435,2829,1206,18,19,155,18,3211,32,99,0,4,164,887,1,53,4,1374,17,13,4,61,333,172,391,37,488,90,4,11,11,22,2,47,28,5,37,44,0,4,5,1381,19,3,0,0,0,5,35,0,0,0,0,1,0,1,3136,191,92,153,6,8,0,27,0,0,11,0,1014,678,8,11,1049,1788,1634,2097,5,67,3,8,8,6,171,43,82,243,55,10,98,127,8,5,92,284,4,25,53,61,0,5,3,13,23,15,29,32,6,3,41,97,5,0,135,6,23,0,0,2,0,0,6,6,7,9,3,0,0,3,8,12,5,0,0,1,0,0,0,0,0,5,0,0,0,0,107,1,0,1,1,0,10,23,0,0,0,18,2,2,1,0,0,1,1,0,0,28,0,0,0,4,0,0,2,0,0,0,57,21,0,13,0,0,0,0,0,0,0,0,0,0,0,0,0,0,0,3,0,0,0,0,0,0,0,0,0,0,0,0,0,0,0,0,0,0,18,0,0,0,0,0,0,0,0,26,23,0,2,0,0,0,0,0,0,0,0,0,0,0,0,0,0,1,0,0,0,0,0,1,0,0,0,0,0,0,0,0,0,0,0,0,0,0,0,0,0,0,0,0,0,0,0,0,0,0,0,0,0,0,0,0,0,0
2caf29436482939204bb169deb4976b8,8.6,108,185,1841,237,128,81,485,1419,2817,1221,10,17,188,12,3463,36,108,0,2,131,763,1,48,2,1863,13,7,2,71,368,106,377,36,699,57,5,5,12,18,2,41,35,4,41,43,0,2,6,1868,15,3,0,0,0,2,28,4,4,153,0,1,0,1,3992,175,81,1167,6,2,1,35,2,2,5,0,943,626,8,9,1186,12699,2079,1285,4,31,1,3,3,7,161,21,66,172,57,8,112,125,2,2,70,273,4,23,47,59,0,3,1,11,7,5,17,16,2,1,43,65,3,0,135,2,23,0,0,3,1,0,6,6,9,9,3,0,0,3,11,12,6,0,0,1,0,0,0,0,0,5,0,0,0,0,107,0,0,1,1,0,12,23,0,0,0,9,2,2,2,0,0,1,0,16,0,35,0,2,0,6,2,24,2,0,0,0,26,21,0,55,1,1,1,1,1,1,1,1,1,0,0,0,0,0,0,3,0,0,0,0,0,2,0,0,0,0,0,0,0,0,0,0,0,0,9,0,0,0,0,0,0,0,0,9,8,0,2,0,0,0,0,0,0,0,0,0,0,0,0,0,0,1,0,0,0,0,0,0,0,0,0,0,0,0,0,0,0,0,0,0,0,0,0,0,0,0,0,0,0,0,0,0,0,0,0,0,0,0,0,0,0,0
1dd1f13b1cc807feec967b24a2215797,6.6,265,201,2606,231,81,78,486,1396,2804,1169,10,20,153,12,3181,32,63,0,2,133,1177,1,42,2,1568,18,8,2,69,322,136,364,33,499,57,4,9,12,18,2,41,28,5,37,40,0,2,5,1573,15,3,0,0,0,3,27,0,0,0,0,1,0,1,3809,236,95,104,6,4,0,21,0,0,5,0,918,609,8,9,1019,2160,3064,2433,6,65,1,3,3,6,223,21,65,328,56,8,108,121,2,1,70,263,4,23,49,57,0,3,1,11,7,5,17,16,2,1,49,93,3,0,135,2,23,0,0,2,0,0,6,6,7,9,3,0,0,3,8,12,5,0,0,1,0,0,0,0,0,5,0,0,0,0,107,1,0,1,1,0,10,23,0,0,0,19,2,2,1,0,0,1,1,0,0,28,0,0,0,4,0,0,2,0,0,0,57,21,0,13,0,0,0,0,0,0,0,0,0,0,0,0,0,0,0,3,0,0,0,0,0,0,0,0,0,0,0,0,0,0,0,0,0,0,19,0,0,0,0,0,0,0,0,32,23,0,2,0,0,0,0,0,0,0,0,0,0,0,0,0,0,1,0,0,0,0,0,1,0,0,0,0,0,0,0,0,0,0,0,0,0,0,0,0,0,0,0,0,0,0,0,0,0,0,0,0,0,0,0,0,0,0
1dd7e51b4bf9534f9966010ba3e65780,6.6,249,248,2819,362,83,104,528,1437,2853,1208,18,19,155,18,3452,41,116,0,4,165,874,1,59,4,1557,18,13,4,69,337,172,378,35,495,99,4,11,12,23,2,47,28,5,37,42,0,4,5,1564,35,3,0,0,0,5,42,0,0,0,0,1,0,1,3188,184,93,154,6,0,0,27,0,0,11,0,1016,682,8,11,930,1798,2647,2247,4,67,3,8,8,6,167,47,82,327,55,10,98,127,11,5,92,266,3,25,59,67,0,6,3,13,22,19,29,32,6,3,51,97,5,2,136,4,23,0,0,2,0,0,6,6,7,9,3,0,0,3,8,12,5,0,0,1,0,0,0,0,0,5,0,0,0,0,107,1,0,1,1,0,10,23,0,0,0,17,2,2,1,0,0,1,1,0,0,28,0,0,0,4,0,0,2,0,0,0,51,21,0,13,0,0,0,0,0,0,0,0,0,0,0,0,0,0,0,3,0,0,0,0,0,0,0,0,0,0,0,0,0,0,0,0,0,0,17,0,0,0,0,0,0,0,0,27,21,0,2,0,0,0,0,0,0,0,0,0,0,0,0,0,0,1,0,0,0,0,0,1,0,0,0,0,0,0,0,0,0,0,0,0,0,0,0,0,0,0,0,0,0,0,0,0,0,0,0,0,0,0,0,0,0,0
1dd540d26990e7adc609d2d4b86fecfc,6.6,258,172,1869,231,81,83,469,1480,2832,1235,8,19,153,13,2918,34,97,0,2,152,788,1,43,2,1209,18,7,2,71,329,140,376,35,490,57,4,7,13,18,2,41,28,6,38,42,0,2,5,1214,15,4,0,0,0,4,30,0,0,0,0,1,0,1,4154,176,92,106,14,0,0,21,0,0,7,0,988,650,8,11,1071,2065,2897,2424,5,62,1,3,3,11,168,21,65,321,56,8,132,125,2,1,70,267,3,25,53,62,0,3,1,11,7,5,17,16,2,1,51,140,3,0,135,2,23,0,0,2,0,0,4,6,8,9,3,0,0,3,8,12,5,0,0,1,0,0,0,0,0,5,0,0,0,0,107,2,0,1,1,0,10,23,0,0,0,22,2,2,1,0,0,1,1,0,0,28,0,0,0,4,0,0,2,0,0,0,66,21,0,13,0,0,0,0,0,0,0,0,0,0,0,0,0,0,0,3,0,0,0,0,0,0,0,0,0,0,0,0,0,0,0,0,0,0,22,0,0,0,0,0,0,0,0,36,26,0,2,0,0,0,0,0,0,0,0,0,0,0,0,0,0,1,0,0,0,0,0,1,0,0,0,0,0,0,0,0,0,0,0,0,0,0,0,0,0,0,0,0,0,0,0,0,0,0,0,0,0,0,0,0,0,0
1de77b738405a2e3bc110f785bf04274,5.8,198,177,2505,166,79,67,454,1385,2790,1151,6,19,139,9,3152,32,59,0,1,98,708,1,28,1,1711,17,4,1,59,312,118,361,34,485,30,4,8,11,17,2,38,28,5,37,41,0,1,5,1715,13,3,0,0,0,2,23,0,0,0,0,1,0,1,4102,166,92,89,6,4,0,18,0,0,2,0,774,501,8,8,1122,2757,2203,2304,5,59,0,1,1,5,155,9,55,252,55,7,98,125,0,1,59,272,3,22,38,46,0,2,0,10,1,0,11,8,0,0,38,91,2,0,135,0,18,0,0,2,0,0,6,6,7,9,3,0,0,3,8,12,5,0,0,1,0,0,0,0,0,5,0,0,0,0,107,1,0,1,1,0,7,17,0,0,0,20,2,2,1,0,0,1,1,0,0,28,0,0,0,4,0,0,2,0,0,0,58,21,0,13,0,0,0,0,0,0,0,0,0,0,0,0,0,0,0,3,0,0,0,0,0,0,0,0,0,0,0,0,0,0,0,0,0,0,20,0,0,0,0,0,0,0,0,32,22,0,2,0,0,0,0,0,0,0,0,0,0,0,0,0,0,1,0,0,0,0,0,1,0,0,0,0,0,0,0,0,0,0,0,0,0,0,0,0,0,0,0,0,0,0,0,0,0,0,0,0,0,0,0,0,0,0
1de87ff3aa23a52a3bd3e96257292b61,6.4,149,131274,1355,362,71,86,516,1438,2838,1185,17,18,132,16,2474,36,98,0,5,162,865,1,58,4,675,18,14,4,65,288,162,372,35,700,97,2,6,10,21,2,47,24,5,33,42,0,3,4,682,19,3,0,0,0,0,31,0,0,0,0,1,0,1,2312,181,91,446,6,0,0,27,0,0,11,0,1138,761,8,11,775,4482,1741,1714,7,83,3,8,8,6,161,39,85,232,58,8,99,124,7,4,82,256,3,23,62,70,0,5,3,19,19,15,27,32,6,3,51,97,5,0,135,6,18,0,0,3,1,0,6,3,7,9,3,0,0,3,8,12,4,0,0,1,0,0,0,0,0,5,0,0,0,0,54,1,0,1,1,0,7,17,0,0,0,18,2,2,1,0,0,1,1,0,0,24,0,0,0,4,0,0,2,0,0,0,54,21,0,13,0,0,0,0,0,0,0,0,0,0,0,0,0,0,0,0,1,0,0,0,0,0,0,0,0,0,0,0,0,0,0,0,0,0,18,0,0,0,0,0,0,0,0,30,22,0,2,0,0,0,0,0,0,0,0,0,0,0,0,0,0,1,0,0,0,0,0,1,0,0,0,0,0,0,0,0,0,0,0,0,0,0,0,0,0,0,0,0,0,0,0,0,0,0,0,0,0,0,0,0,0,0
1de93b526192d9e58291dc022da2c908,6.6,259,194,2555,216,80,77,470,1398,2803,1170,10,19,152,12,3279,32,62,0,2,130,776,1,42,2,1655,18,7,2,71,329,136,368,33,480,57,4,9,13,18,2,41,29,5,38,40,0,2,5,1660,15,3,0,0,0,3,27,0,0,0,0,1,0,1,3640,175,92,105,6,8,0,21,0,0,5,0,983,649,8,9,965,2146,2947,2328,2,62,1,3,3,7,161,21,64,321,55,8,98,125,2,1,70,266,3,23,49,57,0,3,1,11,7,5,17,16,2,1,49,93,3,0,135,2,18,0,0,2,0,0,6,6,7,9,3,0,0,3,8,12,5,0,0,1,0,0,0,0,0,5,0,0,0,0,107,1,0,1,1,0,7,17,0,0,0,18,2,2,1,0,0,1,1,0,0,29,0,0,0,4,0,0,2,0,0,0,52,21,0,13,0,0,0,0,0,0,0,0,0,0,0,0,0,0,0,3,0,0,0,0,0,0,0,0,0,0,0,0,0,0,0,0,0,0,18,0,0,0,0,0,0,0,0,31,20,0,2,0,0,0,0,0,0,0,0,0,0,0,0,0,0,1,0,0,0,0,0,1,0,0,0,0,0,0,0,0,0,0,0,0,0,0,0,0,0,0,0,0,0,0,0,0,0,0,0,0,0,0,0,0,0,0
1df9a1384135860bea5ff353a2bfa876,5.8,236,184,2588,170,80,68,440,1386,2790,1153,6,19,164,10,3052,32,91,0,1,98,689,1,34,1,1616,18,5,1,67,315,118,358,32,486,37,4,8,12,17,2,38,28,5,37,39,0,1,5,1620,13,3,0,0,0,2,25,0,0,0,0,1,0,1,4228,164,93,90,6,2,0,18,0,0,2,0,734,480,8,10,1090,1942,2872,2414,5,59,0,1,1,5,153,9,56,291,56,8,118,125,0,1,59,264,3,22,44,52,0,2,0,10,1,0,11,8,0,0,48,91,2,0,135,0,23,0,0,2,0,0,6,6,7,9,3,0,0,3,8,12,5,0,0,1,0,0,0,0,0,5,0,0,0,0,107,1,0,1,1,0,10,23,0,0,0,20,2,2,1,0,0,1,1,0,0,28,0,0,0,4,0,0,2,0,0,0,66,21,0,13,0,0,0,0,0,0,0,0,0,0,0,0,0,0,0,3,0,0,0,0,0,0,0,0,0,0,0,0,0,0,0,0,0,0,20,2,0,0,0,0,0,0,0,35,26,0,2,0,0,0,0,0,0,0,0,0,0,0,0,0,0,1,0,0,0,0,0,1,0,0,0,0,0,0,0,0,0,0,0,0,0,0,0,0,0,0,0,0,0,0,0,0,0,0,0,0,0,0,0,0,0,0
1dfb94a703662430122430b73412b630,6.6,199,204,2638,282,81,77,472,1409,2803,1182,10,19,153,12,2533,32,85,0,2,124,784,1,38,2,951,17,7,2,61,319,136,361,35,488,50,4,9,11,19,2,41,28,5,37,42,0,2,5,956,15,3,0,0,0,3,27,0,0,0,0,1,0,1,3911,172,92,121,6,2,0,21,0,0,5,0,904,596,8,9,1096,2310,1955,2142,6,62,1,4,4,6,160,23,64,261,55,8,98,124,3,3,70,266,3,23,43,51,0,3,1,11,7,5,17,16,2,1,39,93,3,0,135,2,23,0,0,2,0,0,6,6,7,9,3,0,0,3,8,12,5,0,0,1,0,0,0,0,0,5,0,0,0,0,107,1,0,1,1,0,10,23,0,0,0,21,2,2,1,0,0,1,1,0,0,28,0,0,0,4,0,0,2,0,0,0,64,21,0,13,0,0,0,0,0,0,0,0,0,0,0,0,0,0,0,3,0,0,0,0,0,0,0,0,0,0,0,0,0,0,0,0,0,0,21,0,0,0,0,0,0,0,0,39,26,0,2,0,0,0,0,0,0,0,0,0,0,0,0,0,0,1,0,0,0,0,0,1,0,0,0,0,0,0,0,0,0,0,0,0,0,0,0,0,0,0,0,0,0,0,0,0,0,0,0,0,0,0,0,0,0,0
1e0a5da3e12e6b6c1f58c4c3be8593f9,6.6,249,206,2688,220,80,78,467,1394,2803,1158,10,19,140,13,2004,32,87,0,2,130,775,1,43,2,336,18,7,2,71,322,136,368,35,491,57,4,9,12,19,2,41,28,5,37,42,0,2,5,341,16,3,0,0,0,3,28,0,0,0,0,1,0,1,3924,177,93,104,6,2,0,21,0,0,5,0,975,644,8,11,979,2323,2778,2257,6,69,1,3,3,7,163,21,65,312,56,9,108,123,2,1,70,266,3,23,49,57,0,4,1,11,7,5,17,16,2,1,49,93,3,0,135,2,23,0,0,2,0,0,6,6,7,9,3,0,0,3,8,12,5,0,0,1,0,0,0,0,0,5,0,0,0,0,107,1,0,1,1,0,7,17,0,0,0,28,2,2,1,0,0,1,1,0,0,28,0,0,0,4,0,0,2,0,0,0,86,21,0,13,0,0,0,0,0,0,0,0,0,0,0,0,0,0,0,3,0,0,0,0,0,0,0,0,0,0,0,0,0,0,0,0,0,0,28,2,0,0,0,0,0,0,0,44,34,0,2,0,0,0,0,0,0,0,0,0,0,0,0,0,0,1,0,0,0,0,0,1,0,0,0,0,0,0,0,0,0,0,0,0,0,0,0,0,0,0,0,0,0,0,0,0,0,0,0,0,0,0,0,0,0,0
1e1c2e942f1048cf72fd126c0abccd49,5.8,252,182,2548,169,80,68,446,1386,2790,1153,6,19,164,9,3162,32,82,0,1,98,727,1,33,1,1688,18,4,1,67,315,118,363,35,489,37,4,8,12,17,2,38,28,5,37,42,0,1,5,1692,13,3,0,0,0,2,24,0,0,0,0,1,0,1,4208,165,93,90,6,2,0,18,0,0,2,0,818,526,8,8,1115,1891,2809,2331,5,59,0,1,1,5,154,9,55,306,55,7,108,125,0,1,59,266,3,22,44,52,0,2,0,10,1,0,11,8,0,0,48,91,2,0,135,0,23,0,0,2,0,0,6,6,7,9,3,0,0,3,8,12,5,0,0,1,0,0,0,0,0,5,0,0,0,0,107,1,0,1,1,0,10,23,0,0,0,45,2,2,1,0,0,1,1,0,0,28,0,0,0,4,0,0,2,0,0,0,111,21,0,13,0,0,0,0,0,0,0,0,0,0,0,0,0,0,0,3,0,0,0,0,0,0,0,0,0,0,0,0,0,0,0,0,0,0,45,2,0,0,0,0,0,0,0,61,25,0,2,0,0,0,0,0,0,0,0,0,0,0,0,0,0,1,0,0,0,0,0,1,0,0,0,0,0,0,0,0,0,0,0,0,0,0,0,0,0,0,0,0,0,0,0,0,0,0,0,0,0,0,0,0,0,0
1e1d7dead3880e1f804ed2c1a0237806,5.8,344,176,2539,240,79,67,443,1389,2790,1164,6,19,139,10,3076,34,83,0,1,106,716,1,27,1,1622,17,5,1,59,320,122,360,33,472,30,4,8,12,17,2,38,28,6,39,40,0,1,5,1626,13,4,0,0,0,2,23,0,0,0,0,1,0,1,4123,165,93,89,6,2,0,18,0,0,2,0,776,503,8,10,941,2088,3947,2527,5,59,0,1,1,5,154,9,56,399,56,8,108,125,0,1,59,267,3,24,40,48,0,2,0,10,1,0,11,8,0,0,38,93,2,0,135,0,23,0,0,2,0,0,6,6,7,9,3,0,0,3,8,12,5,0,0,1,0,0,0,0,0,5,0,0,0,0,107,2,0,1,1,0,7,17,0,0,0,22,2,2,1,0,0,1,1,0,0,28,0,0,0,4,0,0,2,0,0,0,65,21,0,13,0,0,0,0,0,0,0,0,0,0,0,0,0,0,0,3,0,0,0,0,0,0,0,0,0,0,0,0,0,0,0,0,0,0,22,0,0,0,0,0,0,0,0,36,25,0,2,0,0,0,0,0,0,0,0,0,0,0,0,0,0,1,0,0,0,0,0,1,0,0,0,0,0,0,0,0,0,0,0,0,0,0,0,0,0,0,0,0,0,0,0,0,0,0,0,0,0,0,0,0,0,0
1e4c803e52d6425771f96aa8ba3e7d29,5.8,122,131246,132527,157,69,53,433,1343,2788,1113,5,17,142,7,1567,32,74,0,1,94,670,1,34,1,205,18,4,1,67,281,116,348,35,438,37,3,5,11,11,2,38,23,5,32,42,0,0,4,208,7,3,0,0,0,0,12,2,2,75,0,0,0,1,1273,155,91,71,6,0,0,18,0,0,1,0,768,495,8,8,424,1406,1286,787,5,59,0,0,0,5,141,9,10,133,10,5,85,123,0,2,59,264,3,18,43,51,0,3,0,10,1,0,9,8,0,0,48,91,2,0,135,0,23,0,0,2,0,0,6,3,7,9,3,0,0,3,8,12,4,0,0,0,0,0,0,0,0,5,0,0,0,0,54,1,0,1,1,0,10,23,0,0,0,13,2,2,2,0,0,1,1,0,0,23,0,0,0,4,0,0,2,0,0,0,35,21,0,13,0,0,0,0,0,0,0,0,0,0,0,0,0,0,0,3,0,0,0,0,0,0,0,0,0,0,0,0,0,1,0,0,0,0,13,0,0,0,0,0,0,0,0,19,13,0,2,0,0,0,0,0,0,0,0,0,0,0,0,0,0,1,0,0,0,0,0,1,0,0,0,0,0,0,0,0,0,0,0,0,0,0,0,0,0,0,0,0,0,0,0,0,0,0,0,0,0,0,0,0,0,0
1e6bad5603ee07d6dfb2e755bc34c684,6.6,199,204,2648,227,81,78,521,1397,2803,1172,10,19,153,12,3377,32,83,0,2,130,778,1,38,2,1704,17,7,2,63,319,136,392,39,495,50,4,9,11,18,2,41,28,5,37,46,0,2,5,1709,15,3,0,0,0,3,28,0,0,0,0,1,0,1,3492,184,93,103,6,2,0,21,0,0,5,0,998,658,8,9,909,1870,2130,2191,2,62,1,3,3,11,170,21,64,261,55,8,98,129,2,1,70,293,4,23,43,51,0,3,1,11,7,5,17,16,2,1,39,93,3,0,135,2,23,0,0,2,0,0,6,6,7,9,3,0,0,3,8,12,5,0,0,1,0,0,0,0,0,5,0,0,0,0,107,1,0,1,1,0,10,23,0,0,0,17,2,2,1,0,0,1,1,0,0,28,0,0,0,4,0,0,2,0,0,0,52,21,0,13,0,0,0,0,0,0,0,0,0,0,0,0,0,0,0,3,0,0,0,0,0,0,0,0,0,0,0,0,0,0,0,0,0,0,17,2,0,0,0,0,0,0,0,31,22,0,2,0,0,0,0,0,0,0,0,0,0,0,0,0,0,1,0,0,0,0,0,1,0,0,0,0,0,0,0,0,0,0,0,0,0,0,0,0,0,0,0,0,0,0,0,0,0,0,0,0,0,0,0,0,0,0
1e08e7cb9cd0e4feae95a51424408b5d,6.2,109,174,1844,271,128,81,474,1410,2809,1219,10,14,203,12,1573,32,67,0,2,134,798,1,39,2,14,13,8,2,59,356,106,356,34,654,51,5,5,12,18,2,41,33,4,39,41,0,2,6,19,15,3,0,0,0,2,28,0,0,0,0,1,0,1,2498,172,78,1069,6,5,0,34,1,1,5,0,1026,669,8,9,1031,11507,1755,1024,2,32,1,3,3,7,159,21,66,173,57,8,129,125,2,1,60,256,3,23,43,50,0,3,1,11,9,5,17,16,2,1,34,66,3,0,135,2,23,0,0,2,0,0,6,6,10,9,3,0,0,3,12,12,6,0,0,1,0,0,0,0,0,5,0,0,0,0,107,0,0,1,1,0,12,23,0,0,0,10,2,2,3,0,0,1,1,25,0,33,0,2,0,9,1,24,2,0,0,0,25,21,0,55,1,1,1,2,2,2,0,0,0,0,0,0,0,0,0,0,0,0,0,0,0,0,0,0,0,0,0,0,0,0,0,0,0,0,10,0,0,0,0,0,0,0,0,10,9,0,2,0,0,0,0,0,0,0,0,0,0,0,0,0,0,1,0,0,0,0,0,0,0,0,0,0,0,0,0,0,0,0,0,0,0,0,0,0,0,0,0,0,0,0,0,0,0,0,0,0,0,0,0,0,0,0
1e11a6ce73269ceff503918742b2b600,4.8,76,259594,1017,171,69,51,180,1046,2503,821,5,17,154,7,935,22,79,0,1,60,95,1,25,1,169,18,5,1,56,272,88,239,17,593,33,2,3,11,10,2,30,23,5,32,16,0,1,4,173,7,3,0,0,0,2,10,0,0,0,0,1,0,0,851,59,91,59,6,0,0,18,0,0,2,0,204,133,8,2,92,524,577,143,0,53,0,0,0,3,42,0,5,82,7,3,8,115,0,2,33,161,2,8,27,37,0,1,0,2,0,0,9,8,0,0,23,89,0,0,135,0,23,0,0,2,0,0,6,3,7,3,1,0,0,1,8,12,4,0,0,1,0,0,0,0,0,5,0,0,0,0,54,1,0,1,1,0,10,23,0,0,0,7,2,2,1,0,0,1,1,0,0,23,0,0,0,4,0,0,2,0,0,0,12,21,0,13,0,0,0,0,0,0,0,0,0,0,0,0,0,0,0,0,0,0,0,0,0,0,0,0,0,0,0,0,0,0,0,0,0,0,7,0,0,0,0,0,0,0,0,7,4,0,2,0,0,0,0,0,0,0,0,0,0,0,0,0,0,0,0,0,0,0,0,1,0,0,0,0,0,0,0,0,0,0,0,0,0,0,0,0,0,0,0,0,0,0,0,0,0,0,0,0,0,0,0,0,0,0
1e11bd7385603feb93e1f1b99b746107,6.6,179,199,2599,242,81,76,510,1398,2803,1169,10,19,153,12,2645,32,75,0,2,124,774,1,44,2,1004,18,8,2,68,322,135,395,41,497,57,4,9,12,17,2,41,28,5,37,48,0,2,5,1009,15,3,0,0,0,2,24,0,0,0,0,1,0,1,2941,179,92,99,6,4,0,21,0,0,5,0,951,618,8,5,787,1595,1959,1681,0,60,1,3,3,5,162,18,64,241,55,8,33,129,2,1,69,285,2,21,48,56,0,3,1,11,7,5,17,16,2,1,49,93,3,0,135,2,23,0,0,2,0,0,6,6,7,9,3,0,0,3,8,12,5,0,0,1,0,0,0,0,0,5,0,0,0,0,107,1,0,1,1,0,10,23,0,0,0,17,2,2,1,0,0,1,1,0,0,28,0,0,0,4,0,0,2,0,0,0,50,21,0,13,0,0,0,0,0,0,0,0,0,0,0,0,0,0,0,3,0,0,0,0,0,0,0,0,0,0,0,0,0,0,0,0,0,0,17,0,0,0,0,0,0,0,0,31,20,0,2,0,0,0,0,0,0,0,0,0,0,0,0,0,0,1,0,0,0,0,0,1,0,0,0,0,0,0,0,0,0,0,0,0,0,0,0,0,0,0,0,0,0,0,0,0,0,0,0,0,0,0,0,0,0,0
1e012b2709c14cbbcd9a910b3ca95de1,6.4,171,2246,4590,253,74,81,469,1409,2843,1165,10,20,144,12,3070,41,94,0,2,125,754,1,43,2,1430,18,7,2,67,295,134,361,34,698,59,4,5,10,18,2,41,25,5,34,41,0,2,5,1435,31,3,0,0,0,4,30,0,0,0,0,1,0,1,2880,173,96,102,6,0,0,21,0,0,5,0,903,589,8,3,880,1576,1754,1642,2,59,1,3,3,5,158,18,67,236,58,8,33,127,3,2,68,264,2,21,48,56,0,3,1,11,9,5,17,16,2,1,49,93,3,2,136,0,18,0,0,2,0,0,6,6,7,9,3,0,0,3,8,12,5,0,0,1,0,0,0,0,0,5,0,0,0,0,107,1,0,1,1,0,7,17,0,0,0,13,2,2,1,0,0,1,1,0,0,25,0,0,0,4,0,0,2,0,0,0,35,21,0,13,0,0,0,0,0,0,0,0,0,0,0,0,0,0,0,3,0,0,0,0,0,690,0,0,0,0,0,0,0,0,0,0,0,0,13,0,0,0,0,0,0,0,0,19,13,0,2,0,0,0,0,0,0,0,0,0,0,0,0,0,0,1,0,0,0,0,0,1,0,0,0,0,0,0,0,0,0,0,0,0,0,0,0,0,0,0,0,0,0,0,0,0,0,0,0,0,0,0,0,0,0,0
1e67d8e7fed48ac0008c6cbbece7125f,5.8,166,182,2552,185,80,66,453,1342,2784,1119,6,19,152,10,3865,32,114,0,1,98,687,1,31,1,2449,18,4,1,65,316,116,361,34,485,37,4,8,12,10,2,38,28,5,37,41,0,1,5,2453,7,3,0,0,0,2,23,0,0,0,0,1,0,1,2922,159,92,89,6,2,0,18,0,0,2,0,823,525,8,4,818,1544,1682,1857,0,53,0,0,0,4,145,8,11,176,11,8,43,129,0,1,57,264,2,20,43,51,0,2,0,10,1,0,11,8,0,0,48,91,2,0,135,0,23,0,0,2,0,0,6,6,7,9,3,0,0,3,8,12,5,0,0,1,0,0,0,0,0,5,0,0,0,0,107,1,0,1,1,0,10,23,0,0,0,9,2,2,1,0,0,1,1,0,0,28,0,0,0,4,0,0,2,0,0,0,22,21,0,13,0,0,0,0,0,0,0,0,0,0,0,0,0,0,0,3,0,0,0,0,0,0,0,0,0,0,0,0,0,0,0,0,0,0,9,0,0,0,0,0,0,0,0,14,8,0,2,0,0,0,0,0,0,0,0,0,0,0,0,0,0,1,0,0,0,0,0,1,0,0,0,0,0,0,0,0,0,0,0,0,0,0,0,0,0,0,0,0,0,0,0,0,0,0,0,0,0,0,0,0,0,0
1e91bf509f11eb27e3660958dea5602d,5.8,188,182,2526,173,73,68,451,1356,2800,1124,6,20,131,9,3404,32,78,0,1,98,666,1,31,1,2002,18,4,1,65,288,116,357,35,511,37,5,8,10,10,2,38,25,5,34,42,0,1,5,2006,7,3,0,0,0,2,23,0,0,0,0,1,0,1,3120,158,96,92,6,0,0,18,0,0,2,0,762,489,8,2,642,1521,2138,1909,0,56,0,0,0,4,146,8,11,198,11,7,53,125,0,2,57,264,2,20,43,51,0,2,0,10,1,0,11,8,0,0,48,91,2,0,135,0,18,0,0,2,0,0,6,6,7,9,3,0,0,3,8,12,5,0,0,1,0,0,0,0,0,5,0,0,0,0,107,1,0,1,1,0,7,17,0,0,0,36,2,2,4,0,0,1,1,0,0,25,0,0,0,4,0,0,2,0,0,0,80,21,0,13,0,0,0,0,0,0,0,0,0,0,0,0,0,0,0,3,0,0,0,0,0,0,0,0,0,0,0,0,0,0,0,0,0,0,36,2,0,0,0,0,0,0,0,40,11,0,2,0,0,0,0,0,0,0,0,0,0,0,0,0,0,1,0,0,0,0,0,1,0,0,0,0,0,0,0,0,0,0,0,0,0,0,0,0,0,0,0,0,0,0,0,0,0,0,0,0,0,0,0,0,0,0
1e99d744edf51a7f52a4aac29bb63332,6.4,190,182,2548,189,80,68,441,1385,2790,1150,6,19,164,10,3724,33,110,0,1,99,705,1,33,1,2301,18,5,1,65,313,116,359,34,485,37,4,8,12,16,2,38,28,5,37,41,0,1,5,2305,13,3,0,0,0,4,27,0,0,0,0,1,0,1,2815,163,92,89,6,4,0,18,0,0,2,0,784,505,8,3,681,1610,1791,1809,2,53,0,1,1,4,156,8,56,245,56,8,53,129,0,1,57,262,2,20,43,51,0,2,0,10,1,0,11,8,0,0,48,91,2,0,135,0,23,0,0,3,1,0,6,6,7,9,3,0,0,3,8,12,5,0,0,1,0,0,0,0,0,5,0,0,0,0,107,1,0,1,1,0,10,23,0,0,0,9,2,2,1,0,0,1,1,0,0,28,0,0,0,4,0,0,2,0,0,0,22,21,0,13,0,0,0,0,0,0,0,0,0,0,0,0,0,0,0,3,0,0,0,0,0,0,0,0,0,0,0,0,0,0,0,0,0,0,9,0,0,0,0,0,0,0,0,14,8,0,2,0,0,0,0,0,0,0,0,0,0,0,0,0,0,1,0,0,0,0,0,1,0,0,0,0,0,0,0,0,0,0,0,0,0,0,0,0,0,0,0,0,0,0,0,0,0,0,0,0,0,0,0,0,0,0
1e257ca5d4a56e8559f092a263934d90,4.8,176,173,2448,177,79,69,493,1302,2751,1069,6,19,149,9,3749,37,81,0,1,102,1091,1,33,1,2336,17,4,1,57,311,112,371,38,489,29,4,8,11,5,2,38,28,5,37,45,0,1,5,2340,5,3,0,0,0,4,24,0,0,0,0,1,0,1,2488,229,87,85,6,2,0,5,0,0,2,0,817,530,8,2,736,1479,1688,1670,0,53,0,0,0,4,221,10,10,185,10,7,33,133,0,1,57,276,2,20,37,49,0,2,0,10,1,0,11,8,0,0,38,91,2,0,135,0,23,0,0,2,0,0,6,6,6,9,3,0,0,3,8,12,5,0,0,1,0,0,0,0,0,5,0,0,0,0,107,1,0,1,1,0,8,16,0,0,0,3,2,2,0,0,0,1,1,0,0,28,0,0,0,0,0,0,0,0,0,0,3,21,0,13,0,0,0,0,0,0,0,0,0,0,0,0,0,0,0,3,0,0,0,0,0,0,0,0,0,0,0,0,0,0,0,0,0,0,3,0,0,0,0,0,0,0,0,3,0,0,2,0,0,0,0,0,0,0,0,0,0,0,0,0,0,1,0,0,0,0,0,1,0,0,0,0,0,0,0,0,0,0,0,0,0,0,0,0,0,0,0,0,0,0,0,0,0,0,0,0,0,0,0,0,0,0
1e539c6db3b3906a3768aa831b77b054,4.8,188,172,2486,160,79,67,492,1301,2751,1068,6,19,149,9,3970,32,71,0,1,101,1088,1,28,1,2601,17,5,1,57,311,112,370,38,489,29,4,8,11,5,2,38,28,5,37,45,0,1,5,2605,5,3,0,0,0,2,20,0,0,0,0,1,0,1,2612,229,87,85,6,4,0,5,0,0,2,0,801,520,8,2,737,1725,2074,1839,0,53,0,0,0,4,215,10,10,197,10,7,43,129,0,1,57,276,2,20,37,45,0,2,0,10,1,0,11,8,0,0,38,91,2,0,135,0,23,0,0,2,0,0,6,6,6,9,3,0,0,3,8,12,5,0,0,1,0,0,0,0,0,5,0,0,0,0,107,1,0,1,1,0,8,16,0,0,0,3,2,2,0,0,0,1,1,0,0,28,0,0,0,0,0,0,0,0,0,0,3,21,0,13,0,0,0,0,0,0,0,0,0,0,0,0,0,0,0,3,0,0,0,0,0,0,0,0,0,0,0,0,0,0,0,0,0,0,3,0,0,0,0,0,0,0,0,3,0,0,2,0,0,0,0,0,0,0,0,0,0,0,0,0,0,1,0,0,0,0,0,1,0,0,0,0,0,0,0,0,0,0,0,0,0,0,0,0,0,0,0,0,0,0,0,0,0,0,0,0,0,0,0,0,0,0
1e696b34700bba7b2f1a0a6986c9f410,4.8,248,173,2490,173,79,67,523,1302,2751,1068,6,19,149,9,3937,32,69,0,1,101,1089,1,34,1,2505,18,4,1,65,313,112,398,43,494,36,4,8,12,5,2,38,28,5,37,50,0,1,5,2509,5,3,0,0,0,2,20,0,0,0,0,1,0,1,2535,234,87,87,6,2,0,5,0,0,2,0,810,526,8,2,654,1550,2571,1821,0,53,0,0,0,4,220,10,10,257,10,7,43,131,0,1,57,291,2,20,43,51,0,2,0,10,1,0,11,8,0,0,48,91,2,0,135,0,23,0,0,2,0,0,6,6,6,9,3,0,0,3,8,12,5,0,0,1,0,0,0,0,0,5,0,0,0,0,107,1,0,1,1,0,8,16,0,0,0,3,2,2,0,0,0,1,1,0,0,28,0,0,0,0,0,0,0,0,0,0,3,21,0,13,0,0,0,0,0,0,0,0,0,0,0,0,0,0,0,3,0,0,0,0,0,0,0,0,0,0,0,0,0,0,0,0,0,0,3,0,0,0,0,0,0,0,0,3,0,0,2,0,0,0,0,0,0,0,0,0,0,0,0,0,0,1,0,0,0,0,0,1,0,0,0,0,0,0,0,0,0,0,0,0,0,0,0,0,0,0,0,0,0,0,0,0,0,0,0,0,0,0,0,0,0,0
1e730ca8c3172dd56e09036594297382,4.8,165,2375,4717,207,72,78,465,1322,2770,1088,8,19,116,12,3856,33,85,0,2,122,731,1,42,2,2335,18,7,2,69,287,112,361,38,687,39,4,5,10,5,2,38,25,5,34,45,0,2,5,2339,5,3,0,0,0,4,25,0,0,0,0,1,0,1,2622,165,88,99,6,0,0,5,0,0,5,0,987,646,8,3,610,1678,1698,1541,0,57,1,2,2,6,155,20,14,177,14,8,33,131,2,2,59,264,3,21,45,53,0,3,1,11,7,5,17,16,0,0,48,91,2,0,135,0,23,0,0,2,0,0,6,6,6,9,3,0,0,3,8,12,5,0,0,1,0,0,0,0,0,5,0,0,0,0,107,1,0,1,1,0,5,10,0,0,0,3,2,2,0,0,0,1,1,0,0,25,0,0,0,0,0,0,0,0,0,0,3,21,0,13,0,0,0,0,0,0,0,0,0,0,0,0,0,0,0,3,0,0,0,0,0,0,0,0,0,0,0,0,0,0,0,0,0,0,3,0,0,0,0,0,0,0,0,3,0,0,2,0,0,0,0,0,0,0,0,0,0,0,0,0,0,1,0,0,0,0,0,1,0,0,0,0,0,0,0,0,0,0,0,0,0,0,0,0,0,0,0,0,0,0,0,0,0,0,0,0,0,0,0,0,0,0
1e849b9a07f1ba24a8fc8497d62c25a1,4.2,98,189,2522,241,83,75,468,1320,2753,1080,9,14,144,12,1493,32,61,0,2,126,764,1,43,2,9,13,7,2,65,295,94,347,34,437,39,5,9,11,5,2,39,27,3,32,41,0,2,6,13,5,2,0,0,0,2,21,0,0,0,0,1,0,1,1608,165,66,430,6,0,0,5,0,0,6,0,1014,657,8,3,596,4519,2202,1840,0,24,1,2,2,6,151,20,18,114,9,8,47,127,2,2,53,254,2,21,44,52,0,3,1,11,9,5,17,16,2,0,43,81,2,0,135,0,23,0,0,2,0,0,6,6,5,9,3,0,0,3,8,12,6,0,0,1,0,0,0,0,0,5,0,0,0,0,107,0,0,1,1,0,7,16,0,0,0,1,2,2,0,0,0,1,0,0,0,27,0,0,0,0,0,0,0,0,0,0,3,21,0,13,0,0,0,0,0,0,0,0,0,0,0,0,0,0,0,0,0,0,0,0,0,0,0,0,0,0,0,0,0,0,0,0,0,0,1,2,0,0,0,0,0,0,0,1,0,0,2,0,0,0,0,0,0,0,0,0,0,0,0,0,0,1,0,0,0,0,0,0,0,0,0,0,0,0,0,0,0,0,0,0,0,0,0,0,0,0,0,0,0,0,0,0,0,0,0,0,0,0,0,0,0,0
1e9329b924d9833c36e7d914f6ec7a76,6.4,177,199,2592,188,80,76,474,1346,2794,1111,9,19,152,12,3523,32,62,0,2,130,743,1,40,2,1925,18,8,2,77,325,142,366,34,487,47,4,9,12,10,2,41,28,5,37,41,0,2,5,1930,7,3,0,0,0,2,24,0,0,0,0,1,0,1,3256,167,92,121,6,4,0,19,0,0,5,0,999,654,8,3,745,2150,1938,1899,16,56,1,2,2,10,150,20,19,194,10,8,59,129,2,1,86,284,2,21,48,56,0,3,1,11,9,5,17,16,2,1,49,93,2,0,135,0,23,0,0,3,1,0,6,6,7,9,3,0,0,3,8,12,5,0,0,1,0,0,0,0,0,5,0,0,0,0,107,1,0,1,1,0,7,17,0,0,0,11,2,2,1,0,0,1,1,0,0,28,0,0,0,4,0,0,2,0,0,0,29,21,0,13,0,0,0,0,0,0,0,0,0,0,0,0,0,0,0,9,0,0,0,0,0,0,0,0,0,0,0,0,0,0,0,0,0,0,11,0,0,0,0,0,0,0,0,17,11,0,2,0,0,0,0,0,0,0,0,0,0,0,0,0,0,1,0,0,0,0,0,1,0,0,0,0,0,0,0,0,0,0,0,0,0,0,0,0,0,0,0,0,0,0,0,0,0,0,0,0,0,0,0,0,0,0
1e55785bc31adeff943ad33ef1770bfb,4.8,98,181,2471,180,127,66,129,1054,2502,880,6,14,190,9,611,20,134,0,1,59,23,1,22,1,13,5,5,1,38,331,66,203,10,406,18,5,8,11,10,2,25,33,4,39,9,0,1,6,17,7,3,0,0,0,2,12,0,0,0,0,1,0,0,2215,49,78,55,0,5,0,31,1,1,2,0,4,0,8,2,0,494,360,1307,0,21,0,0,0,2,37,0,5,102,8,5,23,113,0,1,25,141,2,10,18,28,0,1,0,0,0,0,11,8,0,0,5,62,0,0,135,0,23,0,0,2,0,0,6,6,9,3,1,0,0,0,12,12,6,0,0,1,0,0,0,0,0,5,0,0,0,0,107,0,0,1,1,0,12,23,0,0,0,12,2,2,3,0,0,0,1,25,0,33,0,2,0,9,1,23,2,0,0,0,29,21,0,55,1,1,1,2,2,2,0,0,0,0,0,0,0,0,0,0,0,0,0,0,0,0,0,0,0,0,0,0,0,0,0,0,0,0,12,0,0,0,0,0,0,0,0,12,11,0,2,0,0,0,0,0,0,0,0,0,0,0,0,0,0,0,0,0,0,0,0,0,0,0,0,0,0,0,0,0,0,0,0,0,0,0,0,0,0,0,0,0,0,0,0,0,0,0,0,0,0,0,0,0,0,0
1e60534ed3d22b24c415d2f6701f89d4,5.6,189,2404,4785,238,74,79,464,1328,2778,1094,10,19,130,12,4074,33,84,0,2,122,737,1,42,2,2534,18,7,2,69,296,130,358,34,685,56,4,5,10,6,2,41,25,5,34,41,0,2,5,2539,7,3,0,0,0,5,27,0,0,0,0,1,0,1,2716,167,88,99,6,0,0,8,0,0,5,0,976,641,8,3,789,1560,2035,1733,0,57,1,2,2,6,155,20,23,210,14,8,33,127,2,2,68,262,2,21,48,56,0,3,1,11,7,5,17,16,2,1,49,93,3,0,135,2,23,0,0,2,0,0,6,6,6,9,3,0,0,3,8,12,5,0,0,1,0,0,0,0,0,5,0,0,0,0,107,1,0,1,1,0,8,16,0,0,0,3,2,2,0,0,0,1,1,0,0,25,0,0,0,0,0,0,0,0,0,0,3,21,0,13,0,0,0,0,0,0,0,0,0,0,0,0,0,0,0,3,0,0,0,0,0,0,0,0,0,0,0,0,0,0,0,0,0,0,3,744,0,0,0,0,0,0,0,3,0,0,2,0,0,0,0,0,0,0,0,0,0,0,0,0,0,1,0,0,0,0,0,1,0,0,0,0,0,0,0,0,0,0,0,0,0,0,0,0,0,0,0,0,0,0,0,0,0,0,0,0,0,0,0,0,0,0
1e7461157aaa46b2501ff071f5fca145,5.8,202,2322,5375,188,73,68,448,1356,2798,1124,6,19,143,10,3407,36,88,0,1,98,647,1,37,1,2036,18,4,1,65,289,116,352,33,682,37,4,4,10,10,2,38,25,5,34,40,0,1,5,2040,7,3,0,0,0,2,23,0,0,0,0,1,0,1,3079,158,93,89,6,0,0,18,0,0,2,0,721,467,8,4,706,1765,2357,1875,0,56,0,0,0,4,144,8,13,214,13,8,43,125,0,2,57,262,2,20,43,55,0,2,0,10,1,0,11,8,0,0,48,91,2,0,135,0,18,0,0,2,0,0,6,6,7,9,3,0,0,3,8,12,5,0,0,1,0,0,0,0,0,5,0,0,0,0,107,1,0,1,1,0,7,17,0,0,0,11,2,2,1,0,0,1,1,0,0,25,0,0,0,4,0,0,2,0,0,0,29,21,0,13,0,0,0,0,0,0,0,0,0,0,0,0,0,0,0,3,0,0,0,0,0,722,0,0,0,0,0,0,0,0,0,0,0,0,11,0,0,0,0,0,0,0,0,18,11,0,2,0,0,0,0,0,0,0,0,0,0,0,0,0,0,1,0,0,0,0,0,1,0,0,0,0,0,0,0,0,0,0,0,0,0,0,0,0,0,0,0,0,0,0,0,0,0,0,0,0,0,0,0,0,0,0
1ea5b703af19b30d9068f1608f0e99e3,5.8,185,150,1712,172,80,70,445,1467,2821,1216,4,20,152,9,2785,33,139,0,1,116,712,1,33,1,1326,18,4,1,65,322,120,371,35,519,37,4,6,13,16,2,38,28,6,38,42,0,1,5,1330,13,4,0,0,0,2,19,0,0,0,0,1,0,1,2950,169,95,109,14,0,0,18,0,0,4,0,786,503,8,2,748,1437,1952,1792,0,55,0,1,1,4,155,8,56,240,56,6,37,129,0,1,57,265,2,22,47,56,0,2,0,10,1,0,11,8,0,0,50,138,2,0,135,0,23,0,0,2,0,0,6,6,8,9,3,0,0,3,8,12,5,0,0,1,0,0,0,0,0,5,0,0,0,0,107,2,0,1,1,0,10,23,0,0,0,13,2,2,1,0,0,1,1,0,0,28,0,0,0,4,0,0,2,0,0,0,36,21,0,13,0,0,0,0,0,0,0,0,0,0,0,0,0,0,0,3,0,0,0,0,0,0,0,0,0,0,0,0,0,0,0,0,0,0,13,2,0,0,0,0,0,0,0,23,14,0,2,0,0,0,0,0,0,0,0,0,0,0,0,0,0,1,0,0,0,0,0,1,0,0,0,0,0,0,0,0,0,0,0,0,0,0,0,0,0,0,0,0,0,0,0,0,0,0,0,0,0,0,0,0,0,0
1ea042f8c8ac36a0c8252dc9fd8d4f5e,5.6,189,192,2565,276,79,76,468,1310,2764,1072,10,19,137,12,4766,32,59,0,2,124,743,1,42,2,3246,18,8,2,69,321,130,365,33,486,56,4,9,12,6,2,41,28,5,37,40,0,2,5,3251,7,3,0,0,0,2,23,0,0,0,0,1,0,1,2967,167,87,99,6,4,0,8,0,0,5,0,987,646,8,3,889,1478,1876,2081,0,56,1,2,2,6,151,20,19,206,10,8,43,129,2,1,68,264,3,21,48,56,0,3,1,11,9,5,17,16,2,1,49,93,3,0,135,2,18,0,0,2,0,0,6,6,6,9,3,0,0,3,8,12,5,0,0,1,0,0,0,0,0,5,0,0,0,0,107,1,0,1,1,0,5,10,0,0,0,3,2,2,0,0,0,1,1,0,0,28,0,0,0,0,0,0,0,0,0,0,3,21,0,13,0,0,0,0,0,0,0,0,0,0,0,0,0,0,0,3,0,0,0,0,0,0,0,0,0,0,0,0,0,0,0,0,0,0,3,0,0,0,0,0,0,0,0,3,0,0,2,0,0,0,0,0,0,0,0,0,0,0,0,0,0,1,0,0,0,0,0,1,0,0,0,0,0,0,0,0,0,0,0,0,0,0,0,0,0,0,0,0,0,0,0,0,0,0,0,0,0,0,0,0,0,0
1ea958059a3e63833680b600391db526,5.8,258,173,2452,154,80,67,460,1384,2790,1152,6,19,152,9,2516,32,51,0,1,98,689,1,28,1,1086,17,5,1,59,324,126,365,35,480,30,4,8,12,17,2,38,29,5,38,42,0,1,5,1090,13,3,0,0,0,2,23,0,0,0,0,1,0,1,3464,166,92,561,6,4,0,18,0,0,2,0,752,494,8,8,891,6507,2923,2264,1,59,0,1,1,5,155,9,55,312,55,7,98,125,0,1,59,273,4,22,38,46,0,2,0,10,1,0,11,8,0,0,38,91,2,0,135,0,23,0,0,2,0,0,6,6,7,9,3,0,0,3,8,12,5,0,0,1,0,0,0,0,0,5,0,0,0,0,107,1,0,1,1,0,10,23,0,0,0,19,2,2,1,0,0,1,1,0,0,29,0,0,0,4,0,0,2,0,0,0,57,21,0,13,0,0,0,0,0,0,0,0,0,0,0,0,0,0,0,3,0,0,0,0,0,0,0,0,0,0,0,0,0,0,0,0,0,0,19,0,0,0,0,0,0,0,0,35,23,0,2,0,0,0,0,0,0,0,0,0,0,0,0,0,0,1,0,0,0,0,0,1,0,0,0,0,0,0,0,0,0,0,0,0,0,0,0,0,0,0,0,0,0,0,0,0,0,0,0,0,0,0,0,0,0,0
1ea8708819e002c2097625fd4bf309c8,6.4,190,212,2631,212,80,86,538,1397,2800,1167,10,19,152,15,3277,32,70,0,3,153,1224,1,53,3,1562,18,11,3,69,313,116,384,39,493,43,4,10,12,16,2,38,28,5,37,46,0,3,5,1566,13,3,0,0,0,2,24,0,0,0,0,1,0,1,2764,243,92,136,6,4,0,18,0,0,8,0,1061,702,8,4,926,1767,1983,1954,2,59,2,5,5,6,225,30,55,242,55,9,43,129,3,1,61,279,2,22,47,55,0,4,2,12,17,11,23,24,0,0,48,91,2,0,135,0,23,0,0,3,1,0,6,6,7,9,3,0,0,3,8,12,5,0,0,1,0,0,0,0,0,5,0,0,0,0,107,1,0,1,1,0,10,23,0,0,0,13,2,2,1,0,0,1,1,0,0,28,0,0,0,4,0,0,2,0,0,0,37,21,0,13,0,0,0,0,0,0,0,0,0,0,0,0,0,0,0,3,0,0,0,0,0,0,0,0,0,0,0,0,0,0,0,0,0,0,13,0,0,0,0,0,0,0,0,21,15,0,2,0,0,0,0,0,0,0,0,0,0,0,0,0,0,1,0,0,0,0,0,1,0,0,0,0,0,0,0,0,0,0,0,0,0,0,0,0,0,0,0,0,0,0,0,0,0,0,0,0,0,0,0,0,0,0
1ebd0a23a0f8426baecc01f331c78038,4.8,116,167,2438,215,79,68,475,1301,2751,1068,6,19,149,9,3994,33,56,0,1,93,670,1,26,1,2608,17,5,1,57,312,112,377,41,486,29,4,8,11,5,2,38,28,5,37,48,0,1,5,2612,5,3,0,0,0,4,22,0,0,0,0,1,0,1,2634,162,87,84,6,8,0,5,0,0,2,0,782,502,8,2,782,1661,990,1695,0,53,0,0,0,4,155,8,10,125,10,7,43,131,0,1,57,279,2,20,37,45,0,2,0,10,1,0,11,8,0,0,38,91,2,0,135,0,23,0,0,2,0,0,6,6,6,9,3,0,0,3,8,12,5,0,0,1,0,0,0,0,0,5,0,0,0,0,107,1,0,1,1,0,8,16,0,0,0,3,2,2,0,0,0,1,1,0,0,28,0,0,0,0,0,0,0,0,0,0,3,21,0,13,0,0,0,0,0,0,0,0,0,0,0,0,0,0,0,3,0,0,0,0,0,0,0,0,0,0,0,0,0,0,0,0,0,0,3,0,0,0,0,0,0,0,0,3,0,0,2,0,0,0,0,0,0,0,0,0,0,0,0,0,0,1,0,0,0,0,0,1,0,0,0,0,0,0,0,0,0,0,0,0,0,0,0,0,0,0,0,0,0,0,0,0,0,0,0,0,0,0,0,0,0,0
1ec2e36b04d9c14997d35b666df116b3,4.8,188,2333,5353,171,73,69,485,1320,2766,1089,6,19,141,9,3738,36,72,0,2,96,685,1,27,1,2300,17,5,1,57,286,112,382,39,688,29,4,4,9,5,2,38,25,5,34,46,0,1,5,2304,5,3,0,0,0,2,18,0,0,0,0,1,0,1,2442,166,88,86,6,0,0,5,0,0,2,0,941,609,8,2,712,1586,2088,1551,0,68,0,0,0,4,152,8,12,199,12,7,33,131,0,2,57,288,2,22,41,49,0,2,0,16,1,0,11,8,0,0,38,91,2,0,135,0,23,0,0,2,0,0,6,6,6,9,3,0,0,3,8,12,5,0,0,1,0,0,0,0,0,5,0,0,0,0,107,1,0,1,1,0,8,16,0,0,0,3,2,2,0,0,0,1,1,0,0,25,0,0,0,0,0,0,0,0,0,0,3,21,0,13,0,0,0,0,0,0,0,0,0,0,0,0,0,0,0,3,1,0,0,0,0,0,0,0,0,0,0,0,0,0,0,0,0,0,3,0,0,0,0,0,0,0,0,3,0,0,2,0,0,0,0,0,0,0,0,0,0,0,0,0,0,1,0,0,0,0,0,1,0,0,0,0,0,0,0,0,0,0,0,0,0,0,0,0,0,0,0,0,0,0,0,0,0,0,0,0,0,0,0,0,0,0
1ece331f73210cd43cac4f2b6b9de200,5.8,312,175,2499,223,79,67,453,1389,2790,1165,6,19,151,9,2813,32,67,0,1,98,709,1,33,1,1374,18,4,1,67,314,118,366,35,489,37,4,8,12,17,2,38,28,5,37,42,0,1,5,1378,13,3,0,0,0,2,20,0,0,0,0,1,0,1,2895,165,92,91,6,4,0,18,0,0,2,0,784,508,8,8,660,1959,3641,1905,2,59,0,1,1,5,151,9,55,366,55,7,98,127,0,1,59,269,3,22,44,52,0,2,0,10,1,0,11,8,0,0,48,91,2,0,135,0,18,0,0,2,0,0,6,6,7,9,3,0,0,3,8,12,5,0,0,1,0,0,0,0,0,5,0,0,0,0,107,1,0,1,1,0,7,17,0,0,0,15,2,2,1,0,0,1,1,0,0,28,0,0,0,4,0,0,2,0,0,0,43,21,0,13,0,0,0,0,0,0,0,0,0,0,0,0,0,0,0,3,0,0,0,0,0,0,0,0,0,0,0,0,0,0,0,0,0,0,15,0,0,0,0,0,0,0,0,22,17,0,2,0,0,0,0,0,0,0,0,0,0,0,0,0,0,1,0,0,0,0,0,1,0,0,0,0,0,0,0,0,0,0,0,0,0,0,0,0,0,0,0,0,0,0,0,0,0,0,0,0,0,0,0,0,0,0
1ee5c239864e66449b700ab95f9e663e,5.8,212,217,2620,207,80,96,493,1410,2800,1181,12,19,152,15,2905,32,88,0,4,167,847,1,42,4,1216,17,4,1,65,320,118,356,30,475,33,4,11,12,18,2,38,29,5,38,37,0,4,5,1220,13,3,0,0,0,2,22,0,0,0,0,1,0,1,2606,176,92,157,6,4,0,18,0,0,11,0,1128,740,8,11,813,1997,1914,1743,4,65,3,8,8,7,157,43,55,264,55,10,108,126,7,3,64,266,4,25,44,52,0,5,3,13,23,17,11,8,0,0,38,91,2,0,135,0,23,0,0,2,0,0,6,6,7,9,3,0,0,3,8,12,5,0,0,1,0,0,0,0,0,5,0,0,0,0,107,1,0,1,1,0,10,23,0,0,0,15,2,2,1,0,0,1,1,0,0,29,0,0,0,4,0,0,2,0,0,0,42,21,0,13,0,0,0,0,0,0,0,0,0,0,0,0,0,0,0,3,0,0,0,0,0,0,0,0,0,0,0,0,0,0,0,0,0,0,15,0,0,0,0,0,0,0,0,22,16,0,2,0,0,0,0,0,0,0,0,0,0,0,0,0,0,1,0,0,0,0,0,1,0,0,0,0,0,0,0,0,0,0,0,0,0,0,0,0,0,0,0,0,0,0,0,0,0,0,0,0,0,0,0,0,0,0
1ee515488417af8ac09d7026b3dfca71,4.8,227,190,2574,195,79,77,467,1308,2756,1081,8,19,149,13,3602,33,108,0,2,122,736,1,37,2,2101,17,8,2,61,311,112,360,35,480,32,4,9,11,5,2,38,28,5,37,42,0,2,5,2105,5,3,0,0,0,4,23,0,0,0,0,1,0,1,2386,165,87,118,6,4,0,5,0,0,5,0,976,638,8,5,549,1722,2339,1719,0,56,1,2,2,6,154,20,11,236,11,9,43,127,2,1,59,267,2,21,39,47,0,3,1,11,9,5,17,16,0,0,38,91,2,0,135,0,23,0,0,2,0,0,6,6,6,9,3,0,0,3,8,12,5,0,0,1,0,0,0,0,0,5,0,0,0,0,107,1,0,1,1,0,8,16,0,0,0,3,2,2,0,0,0,1,1,0,0,28,0,0,0,0,0,0,0,0,0,0,3,21,0,13,0,0,0,0,0,0,0,0,0,0,0,0,0,0,0,3,0,0,0,0,0,0,0,0,0,0,0,0,0,0,0,0,0,0,3,0,0,0,0,0,0,0,0,3,0,0,2,0,0,0,0,0,0,0,0,0,0,0,0,0,0,1,0,0,0,0,0,1,0,0,0,0,0,0,0,0,0,0,0,0,0,0,0,0,0,0,0,0,0,0,0,0,0,0,0,0,0,0,0,0,0,0
1eeaaffca250bc14ae8e5df04be1058c,4.8,200,171,2473,170,79,69,454,1307,2751,1081,6,19,137,9,3970,33,81,0,1,93,670,1,33,1,2589,18,4,1,65,314,112,369,35,486,36,4,8,12,5,2,38,28,5,37,42,0,1,5,2593,5,3,0,0,0,4,22,0,0,0,0,1,0,1,2522,161,87,85,6,4,0,5,0,0,2,0,783,503,8,2,727,1461,2166,1760,0,53,0,0,0,4,151,8,10,209,10,7,43,131,0,1,57,270,2,20,43,51,0,2,0,10,1,0,11,8,0,0,48,91,2,0,135,0,23,0,0,2,0,0,6,6,6,9,3,0,0,3,8,12,5,0,0,1,0,0,0,0,0,5,0,0,0,0,107,1,0,1,1,0,8,16,0,0,0,3,2,2,0,0,0,1,1,0,0,28,0,0,0,0,0,0,0,0,0,0,3,21,0,13,0,0,0,0,0,0,0,0,0,0,0,0,0,0,0,3,0,0,0,0,0,0,0,0,0,0,0,0,0,0,0,0,0,0,3,0,0,0,0,0,0,0,0,3,0,0,2,0,0,0,0,0,0,0,0,0,0,0,0,0,0,1,0,0,0,0,0,1,0,0,0,0,0,0,0,0,0,0,0,0,0,0,0,0,0,0,0,0,0,0,0,0,0,0,0,0,0,0,0,0,0,0
1eeaf8ddd90481b6f52472f649b107f0,5.8,176,182,2549,210,80,69,500,1386,2790,1152,6,19,152,9,2826,37,62,0,1,99,726,1,31,1,1300,17,5,1,57,312,116,397,44,498,30,4,8,11,16,2,38,28,5,37,51,0,1,5,1304,13,3,0,0,0,4,27,0,0,0,0,1,0,1,2586,176,93,85,6,2,0,18,0,0,2,0,837,533,8,2,649,1833,1726,1526,0,53,0,1,1,4,169,8,55,230,55,7,43,133,0,1,57,296,3,20,37,49,0,2,0,10,1,0,11,8,0,0,38,91,2,0,135,0,23,0,0,2,0,0,6,6,7,9,3,0,0,3,8,12,5,0,0,1,0,0,0,0,0,5,0,0,0,0,107,1,0,1,1,0,10,23,0,0,0,12,2,2,1,0,0,1,1,0,0,28,0,0,0,4,0,0,2,0,0,0,37,21,0,13,0,0,0,0,0,0,0,0,0,0,0,0,0,0,0,3,0,0,0,0,0,0,0,0,0,0,0,0,0,0,0,0,0,0,12,2,0,0,0,0,0,0,0,20,15,0,2,0,0,0,0,0,0,0,0,0,0,0,0,0,0,1,0,0,0,0,0,1,0,0,0,0,0,0,0,0,0,0,0,0,0,0,0,0,0,0,0,0,0,0,0,0,0,0,0,0,0,0,0,0,0,0
1eec3e80d6a7844fd17cf0e1332270b9,5.8,210,179,2516,213,80,67,507,1386,2790,1154,6,19,152,9,2535,32,58,0,1,98,713,1,30,1,1044,17,5,1,59,313,118,396,47,498,30,4,8,11,17,2,38,28,5,37,54,0,1,5,1048,13,3,0,0,0,2,21,0,0,0,0,1,0,1,2721,174,92,89,6,2,0,18,0,0,2,0,809,524,8,8,726,1797,2013,1687,3,59,0,1,1,9,160,9,55,264,55,7,98,133,0,1,59,293,3,22,38,46,0,2,0,10,1,0,11,8,0,0,38,91,2,0,135,0,23,0,0,2,0,0,6,6,7,9,3,0,0,3,8,12,5,0,0,1,0,0,0,0,0,5,0,0,0,0,107,1,0,1,1,0,10,23,0,0,0,17,2,2,1,0,0,1,1,0,0,28,0,0,0,4,0,0,2,0,0,0,50,21,0,13,0,0,0,0,0,0,0,0,0,0,0,0,0,0,0,3,0,0,0,0,0,0,0,0,0,0,0,0,0,0,0,0,0,0,17,0,0,0,0,0,0,0,0,26,20,0,2,0,0,0,0,0,0,0,0,0,0,0,0,0,0,1,0,0,0,0,0,1,0,0,0,0,0,0,0,0,0,0,0,0,0,0,0,0,0,0,0,0,0,0,0,0,0,0,0,0,0,0,0,0,0,0
1eec2655a272ca74adc2d70de415db1f,5.8,214,209,2643,262,79,86,486,1350,2794,1121,10,19,151,13,3411,37,71,0,3,151,764,1,49,3,1755,18,5,1,71,313,116,368,36,487,39,4,10,12,10,2,38,28,5,37,43,0,3,5,1759,7,3,0,0,0,4,26,0,0,0,0,1,0,1,2552,170,92,114,6,0,0,18,0,0,8,0,1075,697,8,4,768,1499,2170,1743,0,57,2,4,4,7,157,30,10,221,10,9,33,127,4,1,61,267,2,22,47,59,0,4,2,12,17,10,11,8,0,0,48,91,2,0,135,0,18,0,0,2,0,0,6,6,7,9,3,0,0,3,8,12,5,0,0,1,0,0,0,0,0,5,0,0,0,0,107,1,0,1,1,0,7,17,0,0,0,9,2,2,1,0,0,1,1,0,0,28,0,0,0,4,0,0,2,0,0,0,22,21,0,13,0,0,0,0,0,0,0,0,0,0,0,0,0,0,0,3,0,0,0,0,0,0,0,0,0,0,0,0,0,0,0,0,0,0,9,0,0,0,0,0,0,0,0,14,8,0,2,0,0,0,0,0,0,0,0,0,0,0,0,0,0,1,0,0,0,0,0,1,0,0,0,0,0,0,0,0,0,0,0,0,0,0,0,0,0,0,0,0,0,0,0,0,0,0,0,0,0,0,0,0,0,0
1ef44f95f4f7e31ba338c9ee93dbef04,5.8,176,173,2457,161,80,69,500,1387,2790,1152,6,19,152,9,2988,33,73,0,1,108,1126,1,34,1,1479,18,4,1,65,314,116,382,40,485,37,4,8,12,16,2,38,28,5,37,47,0,1,5,1483,13,3,0,0,0,4,27,0,0,0,0,1,0,1,2650,236,92,90,6,8,0,18,0,0,2,0,816,530,8,2,719,1481,1766,1701,0,53,0,1,1,4,228,10,55,230,55,7,43,131,0,1,57,279,2,20,43,51,0,2,0,10,1,0,11,8,0,0,48,91,2,0,135,0,23,0,0,2,0,0,6,6,7,9,3,0,0,3,8,12,5,0,0,1,0,0,0,0,0,5,0,0,0,0,107,1,0,1,1,0,10,23,0,0,0,12,2,2,1,0,0,1,1,0,0,28,0,0,0,4,0,0,2,0,0,0,38,21,0,13,0,0,0,0,0,0,0,0,0,0,0,0,0,0,0,3,0,0,0,0,0,0,0,0,0,0,0,0,0,0,0,0,0,0,12,0,0,0,0,0,0,0,0,21,16,0,2,0,0,0,0,0,0,0,0,0,0,0,0,0,0,1,0,0,0,0,0,1,0,0,0,0,0,0,0,0,0,0,0,0,0,0,0,0,0,0,0,0,0,0,0,0,0,0,0,0,0,0,0,0,0,0
1ef1618049af0e77f62295b6358a4b49,5.8,140,782,2979,200,65,69,451,1354,2798,1116,6,19,143,9,3914,33,97,0,1,99,670,1,35,1,2505,18,5,1,65,282,116,351,32,672,37,4,4,10,10,2,38,24,5,33,39,0,1,5,2509,7,3,0,0,0,4,26,0,0,0,0,1,0,1,2892,159,93,89,6,0,0,18,0,0,2,0,786,504,8,2,934,1497,1252,1856,0,53,0,0,0,4,151,8,10,149,10,7,43,131,0,1,57,264,2,20,43,51,0,2,0,10,1,0,11,8,0,0,48,91,2,0,135,0,23,0,0,2,0,0,6,6,7,9,3,0,0,3,8,12,5,0,0,1,0,0,0,0,0,5,0,0,0,0,107,1,0,1,1,0,7,17,0,0,0,9,2,2,1,0,0,1,1,0,0,24,0,0,0,4,0,0,2,0,0,0,22,21,0,13,0,0,0,0,0,0,0,0,0,0,0,0,0,0,0,3,0,0,0,0,0,0,0,0,0,0,0,0,0,0,0,0,0,0,9,0,0,0,0,0,0,0,0,15,8,0,2,0,0,0,0,0,0,0,0,0,0,0,0,0,0,1,0,0,0,0,0,1,0,0,0,0,0,0,0,0,0,0,0,0,0,0,0,0,0,0,0,0,0,0,0,0,0,0,0,0,0,0,0,0,0,0
1f00dcce8f5b286c506000369d2652cb,3.6,97,132,1651,118,58,51,28,647,462,534,2,15,53,7,387,3,40,0,1,45,21,1,12,1,12,2,4,1,0,231,40,112,1,231,9,5,6,9,10,0,1,24,2,25,1,0,1,4,16,7,1,0,0,0,4,13,0,0,0,0,1,0,0,1957,25,65,43,8,0,0,18,0,0,4,0,6,0,8,2,0,485,2011,2525,0,19,0,0,0,0,20,0,3,99,6,5,13,2,0,2,1,28,2,8,8,11,0,0,0,0,0,0,10,8,0,0,5,76,0,0,135,0,15,0,0,2,0,0,6,6,7,0,0,0,0,0,8,12,4,0,0,1,0,0,0,0,0,5,0,0,0,0,107,0,0,0,0,0,4,13,0,0,0,4,2,2,1,0,0,0,0,0,0,23,0,0,0,4,0,0,2,0,0,0,12,2,0,13,0,0,0,0,0,0,0,0,0,0,0,0,0,0,0,0,0,0,0,0,0,0,0,0,0,0,0,0,0,0,0,0,0,0,4,0,0,0,0,0,0,0,0,4,4,0,2,0,0,0,0,0,0,0,0,0,0,0,0,0,0,0,0,0,0,0,0,0,0,0,0,0,0,0,0,0,0,0,0,0,0,0,0,0,0,0,0,0,0,0,0,0,0,0,0,0,0,0,0,0,0,0
1f0b81fb325fd3a1262c5bc9b435f0d0,5.6,97,159,1706,175,127,68,127,1052,2500,873,6,13,197,8,1338,21,83,0,1,60,24,1,22,1,722,4,4,1,38,333,58,204,11,611,17,5,4,10,10,2,25,35,4,41,10,0,1,6,726,7,3,0,0,0,5,15,4,4,152,0,1,0,0,1529,49,73,46,0,2,0,32,2,2,2,0,4,0,8,2,2,482,222,45,0,18,0,0,0,2,42,0,3,99,6,5,21,113,0,2,25,141,2,10,17,27,0,1,0,0,0,0,11,8,0,0,4,61,0,0,135,0,23,0,0,2,0,0,6,6,8,3,1,0,0,0,11,12,6,0,0,1,0,0,0,0,0,5,0,0,0,0,107,0,0,1,1,0,11,23,0,0,0,3,2,2,2,0,0,0,0,16,0,35,0,2,0,6,2,5,2,0,0,0,3,21,0,55,1,1,1,1,1,1,1,1,1,0,0,0,0,0,0,0,0,0,0,0,0,2,0,0,0,0,0,0,0,0,0,0,0,0,3,0,0,0,0,0,0,0,0,3,1,0,2,0,0,0,0,0,0,0,0,0,0,0,0,0,0,0,0,0,0,0,0,0,0,0,0,0,0,0,0,0,0,0,0,0,0,0,0,0,0,0,0,0,0,0,0,0,0,0,0,0,0,0,0,0,0,0
1f1b55c088eb4f27873b9566f292e9f7,3.6,101,160,2401,132,49,49,37,553,469,430,4,17,57,4,491,3,49,0,1,30,21,1,10,1,121,9,4,1,2,325,66,154,2,378,8,2,8,11,5,0,4,33,4,39,2,0,1,3,125,5,3,0,0,0,5,12,0,0,0,0,1,0,0,931,26,79,34,0,2,0,5,0,0,2,0,0,0,8,2,0,338,138,34,0,48,0,0,0,0,22,0,1,103,4,5,5,60,0,1,4,34,2,8,7,9,0,0,0,0,0,0,10,8,0,0,8,44,0,0,135,0,15,0,0,2,0,0,6,6,6,1,0,0,0,0,8,12,3,0,0,1,0,0,0,0,0,5,0,0,0,0,107,1,0,0,0,0,6,12,0,0,0,3,2,2,0,0,0,0,1,0,0,33,0,0,0,0,0,0,0,0,0,0,3,2,0,13,0,0,0,0,0,0,0,0,0,0,0,0,0,0,0,0,0,0,0,0,0,0,0,0,0,0,0,0,0,0,0,0,0,0,3,0,0,0,0,0,0,0,0,3,0,0,2,0,0,0,0,0,0,0,0,0,0,0,0,0,0,0,0,0,0,0,0,1,0,0,0,0,0,0,0,0,0,0,0,0,0,0,0,0,0,0,0,0,0,0,0,0,0,0,0,0,0,0,0,0,0,0
1f1ccb12a7ef9bf06b9c3c03aafe0b00,4.2,116,175,2499,167,78,66,153,1007,2463,793,6,19,124,9,1294,23,68,0,1,53,89,1,26,1,517,11,4,1,60,306,96,230,14,463,32,4,8,12,5,2,30,28,5,37,13,0,1,5,521,5,3,0,0,0,5,13,0,0,0,0,1,0,0,1209,58,88,104,6,2,0,5,0,0,2,0,170,116,8,2,58,1508,655,468,0,53,0,0,0,3,45,0,5,120,7,5,23,117,0,1,43,159,3,12,27,37,0,2,0,0,0,0,11,8,0,0,21,89,0,0,135,0,23,0,0,2,0,0,6,6,6,3,1,0,0,1,8,12,5,0,0,1,0,0,0,0,0,5,0,0,0,0,107,1,0,1,1,0,5,10,0,0,0,3,2,2,0,0,0,1,1,0,0,28,0,0,0,0,0,0,0,0,0,0,3,21,0,13,0,0,0,0,0,0,0,0,0,0,0,0,0,0,0,3,0,0,0,0,0,0,0,0,0,0,0,0,0,0,0,0,0,0,3,2,0,0,0,0,0,0,0,3,0,0,2,0,0,0,0,0,0,0,0,0,0,0,0,0,0,0,0,0,0,0,0,1,0,0,0,0,0,0,0,0,0,0,0,0,0,0,0,0,0,0,0,0,0,0,0,0,0,0,0,0,0,0,0,0,0,0
1f2d7e27828ba3e942d99f0fcc148961,5.2,116,177,2420,176,84,70,239,1174,2533,940,6,19,156,9,1347,23,83,0,1,72,170,1,30,1,341,18,4,1,62,316,94,287,20,490,35,4,8,13,10,2,30,29,5,38,23,0,1,5,345,7,3,0,0,0,5,12,0,0,0,0,1,0,0,1751,75,92,83,14,2,0,18,0,0,4,0,313,194,8,2,259,893,792,669,0,55,0,0,0,3,59,0,5,120,7,5,23,119,0,1,43,196,2,12,35,46,0,2,0,2,0,0,11,8,0,0,34,134,0,0,135,0,23,0,0,2,0,0,6,6,8,3,1,0,0,1,8,12,5,0,0,1,0,0,0,0,0,5,0,0,0,0,107,2,0,1,1,0,10,23,0,0,0,9,2,2,1,0,0,1,1,0,0,29,0,0,0,4,0,0,2,0,0,0,26,21,0,13,0,0,0,0,0,0,0,0,0,0,0,0,0,0,0,3,0,0,0,0,0,0,0,0,0,0,0,0,0,0,0,0,0,0,9,0,0,0,0,0,0,0,0,15,11,0,2,0,0,0,0,0,0,0,0,0,0,0,0,0,0,0,0,0,0,0,0,1,0,0,0,0,0,0,0,0,0,0,0,0,0,0,0,0,0,0,0,0,0,0,0,0,0,0,0,0,0,0,0,0,0,0
1f3e72ea905a0d34b997de18719dedd2,6.6,97,162,1746,181,127,73,441,1406,2794,1208,6,13,187,9,3158,33,80,0,1,97,728,1,35,1,1731,13,4,1,65,356,86,358,34,640,37,5,4,12,16,2,38,35,4,41,41,0,1,6,1735,13,3,0,0,0,4,25,4,4,149,0,1,0,1,2726,164,73,541,6,2,1,32,2,2,2,0,811,517,8,2,844,6217,983,330,0,21,0,1,1,4,155,8,55,151,55,7,47,125,0,2,57,264,2,20,41,49,0,2,0,10,1,0,11,6,0,0,42,63,2,0,135,0,23,0,0,2,0,0,6,6,9,9,3,0,0,3,11,12,6,0,0,1,0,0,0,0,0,5,0,0,0,0,107,0,0,1,1,0,12,23,0,0,0,6,2,2,2,0,0,1,0,16,0,35,0,2,0,6,2,15,2,0,0,0,17,21,0,55,1,1,1,1,1,1,1,1,1,0,0,0,0,0,0,3,0,0,0,0,0,2,0,0,0,0,0,0,0,0,0,0,0,0,6,0,0,0,0,0,0,0,0,6,5,0,2,0,0,0,0,0,0,0,0,0,0,0,0,0,0,1,0,0,0,0,0,0,0,0,0,0,0,0,0,0,0,0,0,0,0,0,0,0,0,0,0,0,0,0,0,0,0,0,0,0,0,0,0,0,0,0
0d0347a88edd5c99b0d07c59d15aacdc,11.4,78,200,6396,386,82,4713,193,205,229,631,26,3,71,16,2766,6,51,5,7,316,625,3,100,7,14,23,18,8,343,38,74,43,3,73,502,10,104,5,409,1,15,1,1,6957,2,1,6,2,46,390,1,80,1,1,6,29,10,10,450,14,4,4,11,691,53,9,110,116,12,8,20,4,4,18,2,1014,824,1,74,1278,1441,569,96,2,59,4,12,12,5,39,42,143,149,105,9,114,0,8,0,44,9,0,5,23,23,29,225,4,4,28,20,25,32,8,6,4,8,4,0,0,10,6794,1,3,0,0,1,0,0,0,0,0,0,0,0,0,0,0,0,0,0,0,0,0,0,0,0,0,0,0,0,0,0,0,0,0,0,0,0,0,0,0,0,0,0,0,0,0,0,0,0,0,0,0,0,0,0,0,0,0,0,0,0,0,0,0,0,0,0,0,0,0,0,0,0,0,0,0,0,0,0,0,0,0,0,0,0,0,0,0,0,0,0,0,0,0,0,0,0,0,0,0,0,0,0,0,0,0,0,0,0,0,0,0,0,0,0,0,0,0,0,0,0,0,0,0,0,0,0,0,0,0,0,0,0,0,0,0,0,0,0,0,0,0,0,0,0,0,0,0,0,0,0,0,0,0,0,0,0,0,0,0,0,0,0,0,0,0,0
1f4b6e792b72be5eaef12fc994b903a5,6.6,224,218,2658,343,82,89,493,1402,2816,1165,14,19,154,15,3224,32,55,0,3,156,833,1,48,3,1453,18,11,3,73,336,154,372,32,481,77,4,10,13,19,2,44,29,5,38,39,0,3,5,1459,17,3,0,0,0,4,30,0,0,0,0,1,0,1,3512,181,92,115,6,8,0,24,0,0,8,0,1118,745,8,11,889,1887,2365,2303,4,65,2,5,5,13,164,35,73,294,55,9,98,125,5,1,81,266,3,24,54,62,0,4,2,12,16,15,23,24,4,2,50,95,4,0,135,4,23,0,0,2,0,0,6,6,7,9,3,0,0,3,8,12,5,0,0,1,0,0,0,0,0,5,0,0,0,0,107,1,0,1,1,0,10,23,0,0,0,17,2,2,1,0,0,1,1,0,0,29,0,0,0,4,0,0,2,0,0,0,52,21,0,13,0,0,0,0,0,0,0,0,0,0,0,0,0,0,0,3,0,0,0,0,0,0,0,0,0,0,0,0,0,0,0,0,0,0,17,0,0,0,0,0,0,0,0,29,22,0,2,0,0,0,0,0,0,0,0,0,0,0,0,0,0,1,0,0,0,0,0,1,0,0,0,0,0,0,0,0,0,0,0,0,0,0,0,0,0,0,0,0,0,0,0,0,0,0,0,0,0,0,0,0,0,0
1f4e020a9aee5f0077000d7136467536,6.6,237,244,2805,371,83,103,518,1428,2853,1198,18,19,167,18,3280,41,122,0,4,177,874,1,59,4,1318,18,13,4,73,335,172,376,35,495,99,4,11,12,22,2,47,28,5,37,42,0,4,5,1325,35,3,0,0,0,7,39,0,0,0,0,1,0,1,3248,187,92,144,6,4,0,27,0,0,11,0,1133,764,8,11,1041,1797,2628,2284,9,67,3,8,8,8,170,47,82,315,55,10,98,126,10,3,92,264,3,25,59,67,0,5,3,13,24,19,29,32,6,3,51,97,5,2,136,4,23,0,0,2,0,0,6,6,7,9,3,0,0,3,8,12,5,0,0,1,0,0,0,0,0,5,0,0,0,0,107,1,0,1,1,0,10,23,0,0,0,21,2,2,1,0,0,1,1,0,0,28,0,0,0,4,0,0,2,0,0,0,68,21,0,13,0,0,0,0,0,0,0,0,0,0,0,0,0,0,0,3,0,0,0,0,0,0,0,0,0,0,0,0,0,0,0,0,0,0,21,0,0,0,0,0,0,0,0,40,30,0,2,0,0,0,0,0,0,0,0,0,0,0,0,0,0,1,0,0,0,0,0,1,0,0,0,0,0,0,0,0,0,0,0,0,0,0,0,0,0,0,0,0,0,0,0,0,0,0,0,0,0,0,0,0,0,0
1f6aed7f30b9c750d21ec105ce668017,5.8,99,211,2606,273,135,90,455,1363,2796,1173,10,13,190,13,2932,33,64,0,3,149,737,1,48,3,1344,13,4,1,71,356,86,345,33,456,39,5,10,12,10,2,38,35,4,41,40,0,3,6,1348,7,3,0,0,0,5,25,0,0,0,0,1,0,1,2459,164,72,418,6,4,1,35,2,2,8,0,1027,672,8,4,644,5039,913,140,0,25,2,4,4,7,150,30,10,106,10,9,46,127,4,2,61,250,3,22,45,53,0,4,2,12,13,10,11,8,0,0,42,63,2,0,135,0,23,0,0,2,0,0,6,6,9,9,3,0,0,3,15,12,6,0,0,1,0,0,0,0,0,5,0,0,0,0,107,0,0,1,1,0,12,23,0,0,0,6,2,2,2,0,0,1,0,16,0,35,0,2,0,6,2,16,2,0,0,0,17,21,0,55,1,1,1,1,1,1,1,1,1,0,0,0,0,0,0,3,0,0,0,0,0,0,0,0,0,0,0,0,0,0,0,0,0,0,6,0,0,0,0,0,0,0,0,6,5,0,2,0,0,0,0,0,0,0,0,0,0,0,0,0,0,1,0,0,0,0,0,0,0,0,0,0,0,0,0,0,0,0,0,0,0,0,0,0,0,0,0,0,0,0,0,0,0,0,0,0,0,0,0,0,0,0
1f6b78a5187ee99ac9ba5cf663ddcdf2,5.6,237,192,2526,235,80,76,468,1315,2764,1087,10,19,150,12,4524,32,76,0,2,124,734,1,42,2,3010,18,8,2,69,320,130,366,34,487,56,4,9,12,6,2,41,28,5,37,41,0,2,5,3015,7,3,0,0,0,3,26,0,0,0,0,1,0,1,2831,168,87,98,6,2,0,8,0,0,5,0,967,635,8,3,799,1732,2449,2022,1,56,1,2,2,6,154,20,19,254,10,8,43,125,2,1,68,264,2,21,48,56,0,3,1,11,7,5,17,16,2,1,49,93,3,0,135,2,23,0,0,2,0,0,6,6,6,9,3,0,0,3,8,12,5,0,0,1,0,0,0,0,0,5,0,0,0,0,107,1,0,1,1,0,8,16,0,0,0,3,2,2,0,0,0,0,1,0,0,28,0,0,0,0,0,0,0,0,0,0,3,21,0,13,0,0,0,0,0,0,0,0,0,0,0,0,0,0,0,3,0,0,0,0,0,0,0,0,0,0,0,0,0,0,0,0,0,0,3,0,0,0,0,0,0,0,0,3,0,0,2,0,0,0,0,0,0,0,0,0,0,0,0,0,0,1,0,0,0,0,0,1,0,0,0,0,0,0,0,0,0,0,0,0,0,0,0,0,0,0,0,0,0,0,0,0,0,0,0,0,0,0,0,0,0,0
1f7af3599e52ef193c437e3812588fc4,6.4,178,177,2514,163,80,70,473,1387,2790,1152,6,19,164,9,2785,33,71,0,1,99,710,1,32,1,1293,18,5,1,66,314,118,379,34,485,37,4,8,12,16,2,38,28,5,37,41,0,1,5,1297,13,3,0,0,0,4,25,0,0,0,0,1,0,1,2919,170,92,108,6,4,0,18,0,0,2,0,791,512,8,7,812,1917,1837,1722,2,57,0,1,1,4,162,8,55,232,55,7,98,129,0,1,59,284,3,20,43,51,0,2,0,10,1,0,11,8,0,0,48,91,2,0,135,0,23,0,0,3,1,0,6,6,7,9,3,0,0,3,8,12,5,0,0,1,0,0,0,0,0,5,0,0,0,0,107,1,0,1,1,0,10,23,0,0,0,13,2,2,1,0,0,1,1,0,0,28,0,0,0,4,0,0,2,0,0,0,41,21,0,13,0,0,0,0,0,0,0,0,0,0,0,0,0,0,0,3,0,0,0,0,0,0,0,0,0,0,0,0,0,0,0,0,0,0,13,0,0,0,0,0,0,0,0,21,18,0,2,0,0,0,0,0,0,0,0,0,0,0,0,0,0,1,0,0,0,0,0,1,0,0,0,0,0,0,0,0,0,0,0,0,0,0,0,0,0,0,0,0,0,0,0,0,0,0,0,0,0,0,0,0,0,0
1f8a5da1c454bc3b76f6b80c163ecc95,3.8,65,135876,137495,30,30,28,27,493,359,359,3,3,61,2,224,2,11,0,1,30,16,1,9,1,7,2,5,1,0,207,22,90,1,32,8,0,5,8,10,0,1,23,1,25,1,0,1,2,8,7,1,0,0,0,0,10,2,2,78,0,0,0,0,126,16,35,11,0,0,0,18,0,0,1,0,2,0,8,2,0,120,54,9,0,16,0,0,0,0,12,0,1,69,4,3,2,2,0,1,1,28,2,4,5,7,0,0,0,0,0,0,8,8,0,0,1,27,0,0,12,0,15,0,0,2,0,0,6,3,6,0,0,0,0,0,7,12,2,0,0,0,0,0,0,0,0,5,0,0,0,0,54,0,0,0,0,0,7,19,0,0,0,1,2,2,1,0,0,0,0,0,0,23,0,0,0,4,0,0,2,0,0,0,0,0,0,13,0,0,0,0,0,0,0,0,0,0,0,0,0,0,0,0,0,0,0,0,0,0,0,0,0,0,0,0,0,1,0,0,0,0,1,0,0,0,0,0,0,0,0,1,0,0,2,0,0,0,0,0,0,0,0,0,0,0,0,0,0,0,0,0,0,0,0,0,0,0,0,0,0,0,0,0,0,0,0,0,0,0,0,0,0,0,0,0,0,0,0,0,0,0,0,0,0,0,0,0,0,0
1f9a95056880cf594c790c0254eea6d5,5.2,140,172,2415,174,80,65,247,1043,2496,833,6,19,152,9,1764,23,82,0,1,62,151,1,26,1,776,17,4,1,54,306,94,282,22,458,28,4,8,11,10,2,30,28,5,37,25,0,1,5,780,7,3,0,0,0,5,13,0,0,0,0,1,0,0,1483,71,92,81,6,2,0,18,0,0,2,0,429,271,8,2,232,812,1022,719,0,53,0,0,0,3,55,0,5,144,7,5,23,121,0,1,43,199,2,12,27,37,0,2,0,6,0,0,11,8,0,0,22,89,0,0,135,0,23,0,0,2,0,0,6,6,7,3,1,0,0,1,8,12,5,0,0,1,0,0,0,0,0,5,0,0,0,0,107,2,0,1,1,0,10,23,0,0,0,4,2,2,1,0,0,1,1,0,0,28,0,0,0,4,0,0,2,0,0,0,3,21,0,13,0,0,0,0,0,0,0,0,0,0,0,0,0,0,0,3,0,0,0,0,0,0,0,0,0,0,0,0,0,0,0,0,0,0,4,0,0,0,0,0,0,0,0,4,1,0,2,0,0,0,0,0,0,0,0,0,0,0,0,0,0,0,0,0,0,0,0,1,0,0,0,0,0,0,0,0,0,0,0,0,0,0,0,0,0,0,0,0,0,0,0,0,0,0,0,0,0,0,0,0,0,0
1f9c6f2ebf96f6bcc8a86ea7940d9346,4.2,104,175,2504,174,78,67,177,1011,2464,795,6,19,124,9,1244,23,88,0,1,53,90,1,28,1,442,18,4,1,60,306,90,250,17,466,32,4,8,12,5,2,30,28,5,37,16,0,1,5,446,5,3,0,0,0,5,13,0,0,0,0,1,0,0,1281,60,88,70,6,2,0,5,0,0,2,0,157,104,8,2,119,792,531,291,0,53,0,0,0,3,47,0,5,108,7,5,23,121,0,1,43,169,2,12,30,40,0,2,0,0,0,0,11,8,0,0,27,89,0,0,135,0,23,0,0,2,0,0,6,6,6,3,1,0,0,1,8,12,5,0,0,1,0,0,0,0,0,5,0,0,0,0,107,1,0,1,1,0,5,10,0,0,0,3,2,2,0,0,0,1,1,0,0,28,0,0,0,0,0,0,0,0,0,0,3,21,0,13,0,0,0,0,0,0,0,0,0,0,0,0,0,0,0,3,0,0,0,0,0,0,0,0,0,0,0,0,0,0,0,0,0,0,3,2,0,0,0,0,0,0,0,3,0,0,2,0,0,0,0,0,0,0,0,0,0,0,0,0,0,0,0,0,0,0,0,1,0,0,0,0,0,0,0,0,0,0,0,0,0,0,0,0,0,0,0,0,0,0,0,0,0,0,0,0,0,0,0,0,0,0
1f21c11458295aa7b2f9de07a4238318,5.4,104,187,2554,228,72,67,191,1029,2479,807,6,17,128,9,1517,23,66,0,1,55,102,1,38,1,680,18,5,1,62,274,90,249,19,466,34,4,8,11,5,2,30,23,5,32,18,0,1,5,684,5,3,0,0,0,5,13,4,4,152,0,1,0,0,1502,63,88,62,6,0,0,5,0,0,2,0,227,149,8,2,231,798,648,811,0,53,0,0,0,3,47,0,5,108,7,5,23,123,0,2,43,173,2,12,33,43,0,2,0,2,0,0,11,8,0,0,32,89,0,0,135,0,23,0,0,2,0,0,6,6,6,3,1,0,0,1,8,12,5,0,0,1,0,0,0,0,0,5,0,0,0,0,107,1,0,1,1,0,5,10,0,0,0,3,2,2,0,0,0,1,1,0,0,23,0,0,0,0,0,0,0,0,0,0,3,21,0,13,0,0,0,0,0,0,0,0,0,0,0,0,0,0,0,3,0,0,0,0,0,0,0,0,0,0,0,0,0,2,0,0,0,0,3,0,0,0,0,0,0,0,0,3,0,0,2,0,0,0,0,0,0,0,0,0,0,0,0,0,0,0,0,0,0,0,0,1,0,0,0,0,0,0,0,0,0,0,0,0,0,0,0,0,0,0,0,0,0,0,0,0,0,0,0,0,0,0,0,0,0,0
1f32d3978c956928566b237c117a7a53,4.2,128,170,2394,168,79,67,198,1006,2463,784,6,19,137,9,1565,23,79,0,1,65,140,1,31,1,691,11,5,1,62,308,90,257,17,466,34,4,8,12,5,2,30,28,5,37,18,0,1,5,695,5,3,0,0,0,4,13,0,0,0,0,1,0,0,1438,63,87,77,6,4,0,5,0,0,2,0,253,161,8,2,220,804,861,525,0,53,0,0,0,3,48,2,5,132,7,5,43,117,0,1,43,175,2,12,33,43,0,2,0,0,0,0,11,8,0,0,32,89,0,0,135,0,23,0,0,2,0,0,6,6,6,3,1,0,0,1,8,12,5,0,0,1,0,0,0,0,0,5,0,0,0,0,107,1,0,1,1,0,8,16,0,0,0,3,2,2,0,0,0,1,1,0,0,28,0,0,0,0,0,0,0,0,0,0,3,21,0,13,0,0,0,0,0,0,0,0,0,0,0,0,0,0,0,3,0,0,0,0,0,0,0,0,0,0,0,0,0,0,0,0,0,0,3,0,0,0,0,0,0,0,0,3,0,0,2,0,0,0,0,0,0,0,0,0,0,0,0,0,0,0,0,0,0,0,0,1,0,0,0,0,0,0,0,0,0,0,0,0,0,0,0,0,0,0,0,0,0,0,0,0,0,0,0,0,0,0,0,0,0,0
1f72d6e1fd14f27d9110a916b1ab52b6,5.8,248,182,2524,169,73,67,479,1401,2806,1168,6,20,131,9,3391,32,67,0,1,98,703,1,34,1,1949,18,4,1,65,289,116,379,36,512,37,5,8,10,16,2,38,25,5,34,43,0,1,5,1953,13,3,0,0,0,2,22,0,0,0,0,1,0,1,3096,172,96,92,6,0,0,18,0,0,2,0,773,497,8,2,637,1705,3062,1767,0,56,0,1,1,4,160,8,60,307,60,7,43,127,0,2,57,285,2,20,43,51,0,2,0,10,1,0,11,8,0,0,48,91,2,0,135,0,18,0,0,2,0,0,6,6,7,9,3,0,0,3,8,12,5,0,0,1,0,0,0,0,0,5,0,0,0,0,107,1,0,1,1,0,7,17,0,0,0,11,2,2,2,0,0,1,1,0,0,25,0,0,0,4,0,0,2,0,0,0,29,21,0,13,0,0,0,0,0,0,0,0,0,0,0,0,0,0,0,3,0,0,0,0,0,0,0,0,0,0,0,0,0,0,0,0,0,0,11,2,0,0,0,0,0,0,0,18,11,0,2,0,0,0,0,0,0,0,0,0,0,0,0,0,0,1,0,0,0,0,0,1,0,0,0,0,0,0,0,0,0,0,0,0,0,0,0,0,0,0,0,0,0,0,0,0,0,0,0,0,0,0,0,0,0,0
1f76e60d8df2cbf5a8c85c4dfbe4b786,6.6,190,213,2618,245,81,86,492,1353,2802,1127,12,19,165,15,4367,32,78,0,3,150,778,1,44,3,2728,17,10,3,63,327,134,360,32,479,53,4,10,12,11,2,41,29,5,38,39,0,3,5,2733,9,3,0,0,0,2,30,0,0,0,0,1,0,1,3007,173,92,112,6,4,0,21,0,0,8,0,1098,726,8,4,777,1887,2068,2034,0,59,2,4,4,7,156,30,19,206,10,9,33,127,4,1,70,264,2,22,44,52,0,4,2,12,13,10,23,24,3,1,39,93,3,0,135,2,23,0,0,2,0,0,6,6,7,9,3,0,0,3,8,12,5,0,0,1,0,0,0,0,0,5,0,0,0,0,107,1,0,1,1,0,10,23,0,0,0,7,2,2,1,0,0,1,1,0,0,29,0,0,0,4,0,0,2,0,0,0,12,21,0,13,0,0,0,0,0,0,0,0,0,0,0,0,0,0,0,3,0,0,0,0,0,0,0,0,0,0,0,0,0,0,0,0,0,0,7,0,0,0,0,0,0,0,0,11,4,0,2,0,0,0,0,0,0,0,0,0,0,0,0,0,0,1,0,0,0,0,0,1,0,0,0,0,0,0,0,0,0,0,0,0,0,0,0,0,0,0,0,0,0,0,0,0,0,0,0,0,0,0,0,0,0,0
1f77b9e7a4fa201f6016e61294a34bda,3.6,97,132,1649,118,59,49,28,647,462,527,2,15,66,7,356,2,39,0,1,44,20,1,12,1,12,2,4,1,0,231,40,112,1,231,9,5,6,9,10,0,1,24,2,25,1,0,1,4,16,7,1,0,0,0,2,9,0,0,0,0,1,0,0,1891,25,65,43,8,0,0,18,0,0,4,0,6,0,8,2,2,473,2469,2698,0,19,0,0,0,0,16,0,3,99,6,5,13,2,0,2,1,28,2,8,8,11,0,0,0,0,0,0,10,8,0,0,5,76,0,0,135,0,15,0,0,2,0,0,6,6,7,0,0,0,0,0,8,12,4,0,0,1,0,0,0,0,0,5,0,0,0,0,107,0,0,0,0,0,7,19,0,0,0,4,2,2,1,0,0,0,0,0,0,23,0,0,0,4,0,0,2,0,0,0,12,2,0,13,0,0,0,0,0,0,0,0,0,0,0,0,0,0,0,0,0,0,0,0,0,0,0,0,0,0,0,0,0,0,0,0,0,0,4,0,0,0,0,0,0,0,0,4,4,0,2,0,0,0,0,0,0,0,0,0,0,0,0,0,0,0,0,0,0,0,0,0,0,0,0,0,0,0,0,0,0,0,0,0,0,0,0,0,0,0,0,0,0,0,0,0,0,0,0,0,0,0,0,0,0,0
1f94fda90ee95a3d8330455bdf8691a2,5.8,210,2337,5372,229,73,69,440,1399,2805,1159,6,19,143,9,3537,36,66,0,2,99,720,1,30,1,2062,17,4,1,59,286,118,347,30,679,30,4,4,9,17,2,38,25,5,34,37,0,1,5,2066,13,3,0,0,0,2,24,0,0,0,0,1,0,1,3755,164,93,91,6,0,0,18,0,0,2,0,926,602,8,8,1107,2094,2406,2350,5,74,0,1,1,9,153,9,58,267,58,7,118,125,0,2,59,264,3,24,42,50,0,2,0,16,1,0,11,8,0,0,38,91,2,0,135,0,18,0,0,2,0,0,6,6,7,9,3,0,0,3,8,12,5,0,0,1,0,0,0,0,0,5,0,0,0,0,107,1,0,1,1,0,7,17,0,0,0,17,2,2,1,0,0,1,1,0,0,25,0,0,0,4,0,0,2,0,0,0,49,21,0,13,0,0,0,0,0,0,0,0,0,0,0,0,0,0,0,3,1,0,0,0,0,0,0,0,0,0,0,0,0,0,0,0,0,0,17,0,0,0,0,0,0,0,0,27,19,0,2,0,0,0,0,0,0,0,0,0,0,0,0,0,0,1,0,0,0,0,0,1,0,0,0,0,0,0,0,0,0,0,0,0,0,0,0,0,0,0,0,0,0,0,0,0,0,0,0,0,0,0,0,0,0,0
1f96e2a4d6ce1b60ce9a114f0fc291c6,6.4,144,247,2780,242,88,109,515,1423,2809,1186,16,19,164,19,3097,32,91,0,6,197,869,1,52,6,1347,18,4,1,67,275,108,358,34,488,43,5,13,10,17,2,38,24,5,33,41,0,6,6,1350,13,3,0,0,0,2,22,0,0,0,0,1,0,1,2439,180,92,430,6,2,0,18,0,0,14,0,1137,741,8,7,736,4085,1383,1635,2,62,5,11,11,12,159,50,55,195,55,11,57,128,8,4,53,254,2,23,51,59,0,6,5,15,29,20,11,8,0,0,48,91,2,0,135,0,23,0,0,3,1,0,6,6,7,9,3,0,0,3,8,12,6,0,0,1,0,0,0,0,0,5,0,0,0,0,107,1,0,1,1,0,10,23,0,0,0,13,2,2,1,0,0,1,1,0,0,24,0,0,0,4,0,0,2,0,0,0,37,21,0,13,0,0,0,0,0,0,0,0,0,0,0,0,0,0,0,0,0,0,0,0,0,0,0,0,0,0,0,0,0,0,0,0,0,0,13,0,0,0,0,0,0,0,0,21,15,0,2,0,0,0,0,0,0,0,0,0,0,0,0,0,0,1,0,0,0,0,0,1,0,0,0,0,0,0,0,0,0,0,0,0,0,0,0,0,0,0,0,0,0,0,0,0,0,0,0,0,0,0,0,0,0,0
1f218d8c280ca321a176925dcaa52e6d,3.0,37,66,826,63,7,19,0,59,47,70,41,0,48,4,152,6,15,0,0,9,9,0,4,0,2,0,0,0,0,0,8,2,0,1,2,2,2,0,9,0,0,0,0,0,0,0,0,3,4,2,1,0,0,0,3,25,0,0,0,0,0,0,0,2,4,5,5,0,0,0,13,0,0,1,0,2,0,2,3,1,204,0,1113,3,1,0,0,0,0,2,0,2,39,4,0,26,0,0,0,0,0,2,4,1,2,0,0,0,0,0,0,1,0,0,0,1,1,0,2188,0,2,10,0,0,2,2,0,4,0,2,0,0,0,0,0,0,0,3,0,0,0,0,0,0,0,0,0,0,0,0,0,236,0,0,0,0,3,7,19,0,0,0,2,2,2,1,0,0,0,0,2,0,0,0,0,0,4,0,0,2,0,1,0,1,0,0,0,0,0,0,0,0,0,0,0,0,0,0,0,0,0,0,0,0,0,0,0,0,0,0,0,0,0,0,0,0,0,0,0,0,0,0,0,0,0,0,0,0,0,0,0,0,0,0,0,0,0,0,0,0,0,0,0,0,0,0,0,0,0,0,0,0,0,0,0,0,0,0,0,0,0,0,0,0,0,0,0,0,0,0,0,0,0,0,0,0,0,0,0,0,0,0,0,0,0,0,0,0,0
1f259dc5df587990a70a92b3af4cc8f1,4.8,140,2242,5192,234,65,67,500,1320,2766,1082,6,19,129,9,3227,32,69,0,1,92,669,1,28,1,1843,17,4,1,57,277,112,388,45,685,29,4,4,9,5,2,38,24,5,33,52,0,1,5,1847,5,3,0,0,0,2,19,0,0,0,0,1,0,1,2037,168,88,84,6,0,0,5,0,0,2,0,781,501,8,2,495,1523,1218,1386,0,53,0,0,0,4,153,8,10,149,10,7,43,133,0,1,57,294,3,20,37,45,0,2,0,10,1,0,11,8,0,0,38,91,2,0,135,0,23,0,0,2,0,0,6,6,6,9,3,0,0,3,8,12,5,0,0,1,0,0,0,0,0,5,0,0,0,0,107,1,0,1,1,0,8,16,0,0,0,3,2,2,0,0,0,1,1,0,0,24,0,0,0,0,0,0,0,0,0,0,3,21,0,13,0,0,0,0,0,0,0,0,0,0,0,0,0,0,0,3,0,0,0,0,0,698,0,0,0,0,0,0,0,0,0,0,0,0,3,0,0,0,0,0,0,0,0,3,0,0,2,0,0,0,0,0,0,0,0,0,0,0,0,0,0,1,0,0,0,0,0,1,0,0,0,0,0,0,0,0,0,0,0,0,0,0,0,0,0,0,0,0,0,0,0,0,0,0,0,0,0,0,0,0,0,0
1f630fe49ec3c049a959fb408bf36e95,5.8,194,173,2456,153,80,69,478,1337,2784,1106,6,19,164,9,3456,33,61,0,1,108,1088,1,34,1,1996,18,4,1,65,314,116,365,35,480,37,4,8,12,10,2,38,28,5,37,42,0,1,5,2000,7,3,0,0,0,4,28,0,0,0,0,1,0,1,3185,226,92,90,6,8,0,18,0,0,2,0,795,515,8,2,775,1535,2082,1746,0,53,0,0,0,4,219,10,10,203,10,7,23,127,0,1,57,267,2,20,43,51,0,3,0,10,1,0,11,8,0,0,48,91,2,0,135,0,23,0,0,2,0,0,6,6,7,9,3,0,0,3,8,12,5,0,0,1,0,0,0,0,0,5,0,0,0,0,107,1,0,1,1,0,10,23,0,0,0,11,2,2,1,0,0,1,1,0,0,28,0,0,0,4,0,0,2,0,0,0,29,21,0,13,0,0,0,0,0,0,0,0,0,0,0,0,0,0,0,3,0,0,0,0,0,0,0,0,0,0,0,0,0,0,0,0,0,0,11,0,0,0,0,0,0,0,0,19,11,0,2,0,0,0,0,0,0,0,0,0,0,0,0,0,0,1,0,0,0,0,0,1,0,0,0,0,0,0,0,0,0,0,0,0,0,0,0,0,0,0,0,0,0,0,0,0,0,0,0,0,0,0,0,0,0,0
1f779e616fef3779dc5e9a666b8995f7,6.6,314,2263,4676,302,76,88,491,1420,2830,1185,14,19,158,15,3107,32,82,0,3,156,826,1,47,3,1352,17,11,3,65,301,154,358,35,688,70,4,6,9,19,2,44,25,5,34,42,0,3,5,1358,17,3,0,0,0,4,30,0,0,0,0,1,0,1,3648,180,93,112,6,0,0,24,0,0,8,0,1106,737,8,10,1083,1987,3561,2383,7,66,2,5,5,8,164,31,77,388,59,9,108,125,4,2,81,264,3,24,48,56,0,5,2,12,13,10,23,24,4,2,40,95,4,0,135,4,23,0,0,2,0,0,6,6,7,9,3,0,0,3,8,12,5,0,0,1,0,0,0,0,0,5,0,0,0,0,107,1,0,1,1,0,10,23,0,0,0,19,2,2,1,0,0,1,1,0,0,25,0,0,0,4,0,0,2,0,0,0,59,21,0,13,0,0,0,0,0,0,0,0,0,0,0,0,0,0,0,3,0,0,0,0,0,0,0,0,0,0,0,0,0,0,0,0,0,0,19,0,0,0,0,0,0,0,0,35,25,0,2,0,0,0,0,0,0,0,0,0,0,0,0,0,0,1,0,0,0,0,0,1,0,0,0,0,0,0,0,0,0,0,0,0,0,0,0,0,0,0,0,0,0,0,0,0,0,0,0,0,0,0,0,0,0,0
1d9e472373c9d041e3e91ef1850f0142,1.2,0,0,0,0,0,0,0,2,2,2,0,0,0,0,0,0,0,0,0,0,0,0,0,0,0,0,0,0,0,0,0,0,0,0,0,0,0,0,0,0,0,0,0,0,0,0,0,0,0,0,0,0,0,0,1,0,0,0,0,0,0,0,0,0,0,0,0,0,0,0,0,0,0,0,0,0,0,0,0,0,0,0,0,0,0,0,0,0,0,0,0,0,0,0,0,0,0,0,0,0,0,0,0,0,0,0,0,0,0,0,0,0,0,0,0,0,0,0,0,0,3,0,0,0,0,0,0,1,0,0,0,0,0,0,0,0,0,0,0,0,0,0,0,0,0,0,0,0,0,0,0,0,0,0,0,0,0,1,0,0,0,0,0,0,0,0,0,0,0,0,0,0,0,0,0,0,0,0,0,0,0,0,0,0,0,0,0,0,0,0,0,0,0,0,0,5,0,0,0,0,0,0,0,0,0,0,0,0,0,0,0,0,0,0,0,0,0,0,0,0,0,0,0,0,0,0,0,0,0,0,0,0,0,0,0,0,0,0,0,0,0,0,0,0,0,0,0,0,0,0,0,0,0,0,0,0,0,0,0,0,0,0,0,0,0,0,0,0,0,0,0,0,0,0,0,0,0,0,0,0,0,0,0,0,0,0,0,0,0
1f831e27cac6f5f2a8a28784cff75e0e,7.2,247,2148,5115,251,67,81,516,1428,2817,1200,10,19,145,12,3422,32,95,0,2,136,1893,1,39,2,1781,23,8,2,61,287,136,367,36,678,50,4,5,13,43,2,41,24,5,33,43,0,2,5,1786,19,3,0,0,0,2,29,0,0,0,0,1,0,1,3234,243,93,124,6,0,0,21,0,0,6,0,987,655,8,11,844,2122,2707,2429,7,111,1,4,4,11,229,21,124,369,115,9,98,123,2,1,70,275,3,23,43,51,0,3,1,11,7,5,17,16,2,1,39,93,3,0,135,2,23,0,0,3,1,0,6,6,7,9,3,0,0,3,8,12,5,0,0,1,0,0,0,0,0,5,0,0,0,0,107,1,0,1,1,0,10,23,0,0,0,17,2,2,1,0,0,1,1,0,0,24,0,0,0,4,0,0,2,0,0,0,49,21,0,13,0,0,0,0,0,0,0,0,0,0,0,0,0,0,0,3,0,0,0,0,0,0,0,0,0,0,0,0,0,0,0,0,0,0,17,0,0,0,0,0,0,0,0,25,19,0,2,0,0,0,0,0,0,0,0,0,0,0,0,0,0,1,0,0,0,0,0,1,0,0,0,0,0,0,0,0,0,0,0,0,0,0,0,0,0,0,0,0,0,0,0,0,0,0,0,0,0,0,0,0,0,0
1f854ebb94e57713a37d1d8c7f9d459b,4.8,128,1955,4715,193,73,67,484,1318,2765,1088,6,19,141,9,3360,32,81,0,1,94,1273,1,34,1,1969,18,4,1,65,287,112,384,41,690,36,4,4,10,5,2,38,25,5,34,48,0,1,5,1973,5,3,0,0,0,2,19,0,0,0,0,1,0,1,2136,166,88,86,6,0,0,5,0,0,2,0,783,503,8,2,633,1497,1075,924,0,54,0,0,0,4,150,8,13,140,13,7,33,131,0,2,57,285,2,20,43,51,0,2,0,10,1,0,11,8,0,0,48,91,2,0,135,0,23,0,0,2,0,0,6,6,6,9,3,0,0,3,8,12,5,0,0,1,0,0,0,0,0,5,0,0,0,0,107,1,0,1,1,0,8,16,0,0,0,3,2,2,0,0,0,1,1,0,0,25,0,0,0,0,0,0,0,0,0,0,3,21,0,13,0,0,0,0,0,0,0,0,0,0,0,0,0,0,0,3,0,0,0,0,0,0,0,0,0,0,0,0,0,0,0,0,0,0,3,0,0,0,0,0,0,0,0,3,0,0,2,0,0,0,0,0,0,0,0,0,0,0,0,0,0,1,0,0,0,0,0,1,0,0,0,0,0,0,0,0,0,0,0,0,0,0,0,0,0,0,0,0,0,0,0,0,0,0,0,0,0,0,0,0,0,0
1f963dc9fae23ad60f2b9a07fdda22c1,4.6,164,173,2463,180,79,65,349,1305,2751,1082,6,19,137,9,2905,21,87,0,1,53,475,1,22,1,1948,16,4,1,45,307,100,294,27,477,18,4,8,10,5,2,29,28,5,37,30,0,1,5,1952,5,3,0,0,0,4,20,0,0,0,0,1,0,0,2164,139,88,77,6,0,0,5,0,0,2,0,372,252,8,3,510,1277,1528,1472,0,53,0,0,0,9,135,1,3,166,6,5,43,127,0,1,41,217,3,10,19,29,0,2,0,8,1,0,11,8,0,0,26,89,0,0,135,0,23,0,0,2,0,0,6,6,6,6,1,0,0,0,8,12,5,0,0,1,0,0,0,0,0,5,0,0,0,0,107,1,0,1,1,0,8,16,0,0,0,3,2,2,0,0,0,0,1,0,0,28,0,0,0,0,0,0,0,0,0,0,3,21,0,13,0,0,0,0,0,0,0,0,0,0,0,0,0,0,0,3,0,0,0,0,0,0,0,0,0,0,0,0,0,0,0,0,0,0,3,0,0,0,0,0,0,0,0,3,0,0,2,0,0,0,0,0,0,0,0,0,0,0,0,0,0,1,0,0,0,0,0,1,0,0,0,0,0,0,0,0,0,0,0,0,0,0,0,0,0,0,0,0,0,0,0,0,0,0,0,0,0,0,0,0,0,0
1f8367fa49168d3dbfd8a435ccf28ecd,6.6,229,199,2589,236,80,79,472,1406,2803,1169,10,19,140,12,3037,32,87,0,2,127,788,1,36,2,1463,17,7,2,61,285,136,350,32,485,50,4,9,9,19,2,41,24,5,33,39,0,2,5,1468,15,3,0,0,0,3,27,0,0,0,0,1,0,1,3539,173,93,121,6,2,0,21,0,0,5,0,919,607,8,9,1026,1820,2510,2304,4,62,1,4,4,6,160,23,64,291,55,8,98,126,3,3,70,266,4,23,43,51,0,3,1,11,7,5,17,16,2,1,39,93,3,0,135,2,18,0,0,2,0,0,6,6,7,9,3,0,0,3,8,12,5,0,0,1,0,0,0,0,0,5,0,0,0,0,107,1,0,1,1,0,7,17,0,0,0,20,2,2,1,0,0,1,1,0,0,24,0,0,0,4,0,0,2,0,0,0,60,21,0,13,0,0,0,0,0,0,0,0,0,0,0,0,0,0,0,3,0,0,0,0,0,0,0,0,0,0,0,0,0,0,0,0,0,0,20,0,0,0,0,0,0,0,0,33,24,0,2,0,0,0,0,0,0,0,0,0,0,0,0,0,0,1,0,0,0,0,0,1,0,0,0,0,0,0,0,0,0,0,0,0,0,0,0,0,0,0,0,0,0,0,0,0,0,0,0,0,0,0,0,0,0,0
1f58964cbbaf04ff024bc9b358a9c190,5.8,300,183,2549,230,80,68,446,1391,2792,1167,6,19,152,9,3289,32,70,0,1,98,727,1,28,1,1844,17,5,1,59,312,118,354,33,487,30,4,8,11,17,2,38,28,5,37,40,0,1,5,1848,13,3,0,0,0,2,25,0,0,0,0,1,0,1,3891,165,93,99,6,2,0,18,0,0,2,0,818,526,8,8,994,2081,3379,2445,1,59,0,1,1,5,154,9,55,354,55,7,108,125,0,1,59,266,3,22,38,46,0,2,0,10,1,0,11,8,0,0,38,91,2,0,135,0,23,0,0,2,0,0,6,6,7,9,3,0,0,3,8,12,5,0,0,1,0,0,0,0,0,5,0,0,0,0,107,1,0,1,1,0,10,23,0,0,0,20,2,2,1,0,0,1,1,0,0,28,0,0,0,4,0,0,2,0,0,0,58,21,0,13,0,0,0,0,0,0,0,0,0,0,0,0,0,0,0,3,0,0,0,0,0,0,0,0,0,0,0,0,0,0,0,0,0,0,20,2,0,0,0,0,0,0,0,33,22,0,2,0,0,0,0,0,0,0,0,0,0,0,0,0,0,1,0,0,0,0,0,1,0,0,0,0,0,0,0,0,0,0,0,0,0,0,0,0,0,0,0,0,0,0,0,0,0,0,0,0,0,0,0,0,0,0
1f62853f32ed6667aa251726fd7af9dc,1.4,0,317,633,0,0,0,0,0,0,0,1,0,0,0,3,0,0,0,0,2,2,0,0,0,0,0,0,0,0,0,0,0,0,0,0,0,1,0,0,0,0,0,0,0,0,0,0,0,0,0,0,0,0,0,1,0,0,0,0,0,0,0,0,0,0,0,0,0,0,0,0,0,0,0,0,0,0,0,0,0,0,0,0,0,0,0,0,0,0,0,0,0,0,0,0,0,0,0,0,0,0,0,0,0,0,0,0,0,0,0,0,0,0,0,0,0,0,0,0,0,1,0,0,0,0,0,0,0,0,0,0,0,0,0,0,0,0,0,0,0,0,0,0,0,0,0,0,0,0,0,0,0,0,0,0,0,0,0,0,0,0,0,0,0,0,0,0,0,0,0,0,0,0,0,0,0,0,0,0,0,0,0,0,0,0,0,0,0,0,0,0,0,0,0,0,0,0,0,0,0,0,0,0,0,0,0,0,0,0,0,0,0,0,0,0,0,0,0,0,0,0,0,0,0,0,0,0,0,0,0,0,0,0,0,0,0,0,0,0,0,0,0,0,0,0,0,0,0,0,0,0,0,0,0,0,0,0,0,0,0,0,0,0,0,0,0,0,0,0,0,0,0,0,0,0,0,0,0,0,0,0,0,0,0,0,0,0,0,0
1f95094f2c239129853967246f9c0da1,5.4,282,1165,2835,178,61,58,501,1412,2801,1178,5,19,142,9,3225,32,103,0,1,105,1186,1,33,1,1703,24,4,1,67,282,116,375,34,674,37,2,3,14,42,2,38,24,5,33,41,0,0,4,1707,17,3,0,0,0,0,27,0,0,0,0,1,0,1,3985,236,93,116,6,0,0,18,0,0,3,0,853,561,8,14,1045,1992,3639,2536,5,108,0,2,2,10,229,11,117,400,117,7,125,121,0,1,59,284,3,18,43,51,0,2,0,10,1,0,9,8,0,0,48,91,2,0,135,0,23,0,0,2,0,0,6,3,7,9,3,0,0,3,8,12,4,0,0,1,0,0,0,0,0,5,0,0,0,0,54,1,0,1,1,0,10,23,0,0,0,22,2,2,1,0,0,1,1,0,0,24,0,0,0,4,0,0,2,0,0,0,66,21,0,13,0,0,0,0,0,0,0,0,0,0,0,0,0,0,0,3,0,0,0,0,0,0,0,0,0,0,0,0,0,0,0,0,0,0,22,0,0,0,0,0,0,0,0,35,26,0,2,0,0,0,0,0,0,0,0,0,0,0,0,0,0,1,0,0,0,0,0,1,0,0,0,0,0,0,0,0,0,0,0,0,0,0,0,0,0,0,0,0,0,0,0,0,0,0,0,0,0,0,0,0,0,0
1f327484b06690cfaa5620bcf3222093,6.6,314,2293,5417,326,68,93,497,1431,2855,1187,14,20,146,15,3129,41,133,0,3,157,854,1,46,4,1271,17,11,3,65,294,154,356,32,689,73,4,6,9,21,2,44,24,5,33,39,0,4,5,1276,33,3,0,0,0,6,37,0,0,0,0,1,0,1,3910,182,98,144,6,0,0,24,0,0,8,0,1114,745,8,11,1001,2023,3645,2582,8,71,3,7,7,8,169,35,74,385,56,9,98,122,6,3,81,266,3,24,48,56,0,4,3,12,13,10,23,24,4,2,40,95,4,2,136,2,23,0,0,2,0,0,6,6,7,9,3,0,0,3,8,12,5,0,0,1,0,0,0,0,0,5,0,0,0,0,107,1,0,1,1,0,10,23,0,0,0,21,2,2,1,0,0,1,1,0,0,24,0,0,0,4,0,0,2,0,0,0,67,21,0,13,0,0,0,0,0,0,0,0,0,0,0,0,0,0,0,3,0,0,0,0,0,698,0,0,0,0,0,0,0,0,0,0,0,0,21,0,0,0,0,0,0,0,0,37,27,0,2,0,0,0,0,0,0,0,0,0,0,0,0,0,0,1,0,0,0,0,0,1,0,0,0,0,0,0,0,0,0,0,0,0,0,0,0,0,0,0,0,0,0,0,0,0,0,0,0,0,0,0,0,0,0,0
1f5871780ac193732e7f50ba64115604,6.2,291,148,1565,273,75,83,540,1407,2801,1187,9,19,150,10,3709,36,65,0,3,132,1259,1,36,2,2008,23,8,2,61,287,134,390,43,484,50,2,8,13,43,2,41,24,5,33,50,0,1,4,2013,19,3,0,0,0,1,28,0,0,0,0,1,0,1,3318,246,93,111,6,0,0,21,0,0,6,0,1158,766,8,11,990,1747,3700,2495,6,124,1,4,4,6,233,21,124,415,115,7,105,127,1,1,70,287,3,22,46,54,0,3,1,17,9,6,15,16,2,1,39,93,3,0,135,3,18,0,0,2,0,0,6,3,7,9,3,0,0,3,8,12,4,0,0,1,0,0,0,0,0,5,0,0,0,0,54,1,0,1,1,0,7,17,0,0,0,16,2,2,1,0,0,1,1,0,0,24,0,0,0,4,0,0,2,0,0,0,45,21,0,13,0,0,0,0,0,0,0,0,0,0,0,0,0,0,0,3,1,0,0,0,0,0,0,0,0,0,0,0,0,0,0,0,0,0,16,1,0,0,0,0,0,0,0,25,17,0,2,0,0,0,0,0,0,0,0,0,0,0,0,0,0,1,0,0,0,0,0,1,0,0,0,0,0,0,0,0,0,0,0,0,0,0,0,0,0,0,0,0,0,0,0,0,0,0,0,0,0,0,0,0,0,0
1fa446cd0c92abf7e5dea087384b8977,5.2,107,182,2531,181,83,67,489,1393,2782,1157,6,14,158,9,1409,32,100,0,1,100,714,1,29,1,10,12,5,1,55,285,80,367,39,438,30,5,8,10,17,2,38,27,3,32,46,0,1,6,14,13,2,0,0,0,2,24,0,0,0,0,1,0,1,2147,172,71,580,6,2,0,18,0,0,2,0,762,490,8,8,987,6493,2902,2481,5,27,0,1,1,5,162,9,54,160,54,7,122,123,0,2,49,280,3,22,37,45,0,2,0,10,1,0,11,8,0,0,33,81,2,0,135,0,23,0,0,2,0,0,6,6,6,9,3,0,0,3,8,12,6,0,0,1,0,0,0,0,0,5,0,0,0,0,107,0,0,1,1,0,9,23,0,0,0,3,2,2,1,0,0,1,0,0,0,27,0,0,0,4,0,0,2,0,0,0,9,21,0,13,0,0,0,0,0,0,0,0,0,0,0,0,0,0,0,0,0,0,0,0,0,0,0,0,0,0,0,0,0,0,0,0,0,0,3,0,0,0,0,0,0,0,0,3,3,0,2,0,0,0,0,0,0,0,0,0,0,0,0,0,0,1,0,0,0,0,0,0,0,0,0,0,0,0,0,0,0,0,0,0,0,0,0,0,0,0,0,0,0,0,0,0,0,0,0,0,0,0,0,0,0,0
1faef3c09b16a639373383bdc0de284c,3.2,69,100,969,109,59,37,28,645,460,527,2,15,101,5,337,2,39,0,1,44,21,1,11,1,11,5,5,1,0,254,38,114,1,231,9,7,4,9,10,0,1,27,2,25,1,0,0,3,15,7,1,0,0,0,0,8,0,0,0,0,1,0,0,1640,23,65,43,8,0,0,18,0,0,4,0,6,0,8,2,0,267,3105,2715,0,19,0,0,0,0,16,0,3,73,6,3,10,2,0,2,1,28,2,4,7,13,0,0,0,0,0,0,8,8,0,0,8,76,0,0,135,0,15,0,0,2,0,0,6,3,10,0,0,0,0,0,8,12,3,0,0,1,0,0,0,0,0,5,0,0,0,0,54,0,0,0,0,0,8,19,0,0,0,4,2,2,1,0,0,0,0,0,0,26,0,0,0,4,0,0,2,0,0,0,12,7,0,13,0,0,0,0,0,0,0,0,0,0,0,0,0,0,0,0,0,0,1,0,0,0,0,0,0,0,0,0,0,0,0,0,0,0,4,0,0,0,0,0,0,0,0,4,4,0,2,0,0,0,0,0,0,0,0,0,0,0,0,0,0,0,0,0,0,0,0,0,0,0,0,0,0,0,0,0,0,0,0,0,0,0,0,0,0,0,0,0,0,0,0,0,0,0,0,0,0,0,0,0,0,0
1fb57fb5dcd1e8687352cafc948d112f,6.2,309,164,1571,280,70,67,470,1424,2814,1204,9,19,143,10,3436,32,65,0,2,128,816,1,43,2,1809,24,7,2,71,298,134,360,32,497,57,2,6,14,43,2,41,25,5,34,39,0,1,4,1814,19,3,0,0,0,1,27,0,0,0,0,1,0,1,4155,174,93,145,6,0,0,21,0,0,6,0,996,663,8,11,1043,2138,3831,2677,6,111,1,4,4,7,163,21,128,437,119,7,105,123,2,2,70,264,3,19,48,56,0,2,1,11,7,5,15,16,2,1,49,93,3,0,135,2,23,0,0,2,0,0,6,3,7,9,3,0,0,3,8,12,4,0,0,1,0,0,0,0,0,5,0,0,0,0,54,1,0,1,1,0,10,23,0,0,0,21,2,2,1,0,0,1,1,0,0,25,0,0,0,4,0,0,2,0,0,0,65,21,0,13,0,0,0,0,0,0,0,0,0,0,0,0,0,0,0,3,0,0,0,0,0,0,0,0,0,0,0,0,0,0,0,0,0,0,21,1,0,0,0,0,0,0,0,38,27,0,2,0,0,0,0,0,0,0,0,0,0,0,0,0,0,1,0,0,0,0,0,1,0,0,0,0,0,0,0,0,0,0,0,0,0,0,0,0,0,0,0,0,0,0,0,0,0,0,0,0,0,0,0,0,0,0
1fbbb1220857534ed70cc7e3f3c706c1,6.2,290,241,1838,287,89,220,849,1599,3001,1338,18,28,150,24,5612,60,127,0,7,274,2361,1,64,7,2640,24,14,4,67,310,118,485,42,615,43,7,13,14,43,4,40,24,6,37,55,0,6,5,2644,17,4,0,0,0,0,78,0,0,0,0,1,0,1,4819,353,106,316,6,0,0,18,0,0,18,0,2311,1656,8,104,637,4195,5664,1770,119,144,6,16,16,7,333,65,149,437,137,11,168,128,11,6,70,329,4,60,75,83,0,10,6,16,35,25,27,32,0,0,40,94,5,0,135,1,23,0,0,3,1,0,8,4,7,9,3,0,0,17,8,12,5,0,0,1,0,0,4,10,0,5,0,0,0,0,54,3,0,1,1,0,10,23,0,0,0,20,2,2,1,0,0,1,1,0,0,24,0,0,0,4,0,0,2,0,0,0,52,21,0,13,0,0,0,0,0,0,0,0,0,0,0,0,0,0,0,3,0,0,0,0,0,0,0,0,0,0,0,0,0,0,0,0,0,0,20,1,3,0,0,0,0,0,0,32,20,0,2,0,0,0,0,0,0,0,0,0,0,0,0,0,0,1,0,0,0,0,0,1,0,0,0,0,0,0,0,0,0,0,0,0,0,0,0,0,0,0,0,0,0,0,0,0,0,0,0,0,0,0,0,0,0,0
1fbd2eacc24a17a57cf9580f85ac6641,4.4,100,165,2401,170,55,51,129,1016,2469,770,5,9,56,8,1773,20,67,0,1,56,26,1,21,1,1153,4,4,1,38,422,52,218,10,280,9,5,7,18,10,2,20,44,5,51,9,0,1,4,1156,7,3,0,0,0,2,8,0,0,0,0,1,0,0,3321,47,67,29,0,2,0,13,0,0,2,0,2,0,8,2,0,507,613,126,0,22,0,0,0,2,38,0,3,104,8,5,25,113,0,2,20,141,2,10,16,27,0,1,0,0,0,0,11,8,0,0,3,39,0,0,135,1,10,0,0,2,0,0,8,6,7,3,1,0,0,0,8,12,4,0,0,1,0,0,0,0,0,5,0,0,0,0,107,2,0,1,1,0,4,13,0,0,0,17,2,2,1,0,0,0,0,0,0,44,0,0,0,4,0,0,2,0,0,0,51,2,0,13,0,0,0,0,0,0,0,0,0,0,0,0,0,0,0,0,0,0,0,0,0,0,0,0,0,0,0,0,0,0,0,0,0,0,17,0,0,0,0,0,0,0,0,33,21,0,0,0,0,0,0,0,0,0,0,0,0,0,0,0,0,0,0,0,0,0,0,0,0,0,0,0,0,0,0,0,0,0,0,0,0,0,0,0,0,0,0,0,0,0,0,0,0,0,0,0,0,0,0,0,0,0
1fbf6cf1be72baecc4d33f5d195f1da4,6.2,176,165,1599,235,76,67,496,1413,2800,1195,9,19,151,11,4836,32,83,0,2,128,829,1,40,2,3216,24,8,2,65,358,124,394,34,493,57,2,6,17,42,2,41,33,5,40,41,0,1,4,3221,19,3,0,0,0,1,28,0,0,0,0,1,0,1,3738,179,92,459,6,1,0,21,0,0,6,0,1019,667,8,7,1015,4445,2374,2748,1,104,1,4,4,6,168,20,125,301,116,8,44,123,2,1,58,269,2,17,47,55,0,3,1,11,9,5,15,16,2,1,49,93,3,0,135,2,23,0,0,2,0,0,6,3,7,9,3,0,0,3,8,12,4,0,0,1,0,0,0,0,0,5,0,0,0,0,54,1,0,1,1,0,10,23,0,0,0,14,2,2,1,0,0,1,1,0,0,33,0,0,0,4,0,0,2,0,0,0,39,21,0,13,0,0,0,0,0,0,0,0,0,0,0,0,0,0,0,0,0,0,0,0,0,0,0,0,0,0,0,0,0,0,0,0,0,0,14,0,0,0,0,0,0,0,0,21,15,0,2,0,0,0,0,0,0,0,0,0,0,0,0,0,0,1,0,0,0,0,0,1,0,0,0,0,0,0,0,0,0,0,0,0,0,0,0,0,0,0,0,0,0,0,0,0,0,0,0,0,0,0,0,0,0,0
1fc109cb23730cf4280f328ce16f6c13,7.2,326,221,2691,280,82,88,499,1419,2818,1190,14,20,166,15,3074,32,83,0,3,144,824,1,52,3,1363,18,11,3,69,330,154,373,34,502,77,4,10,12,20,2,44,28,5,37,41,0,3,5,1369,17,3,0,0,0,4,31,0,0,0,0,1,0,1,3298,180,95,151,6,4,0,24,0,0,8,0,961,638,8,10,752,1984,3581,2236,5,66,2,6,6,6,163,31,74,397,56,9,108,126,5,3,81,266,3,24,54,62,0,4,2,12,15,10,23,24,4,2,50,95,4,0,135,4,23,0,0,3,1,0,6,6,7,9,3,0,0,3,8,12,5,0,0,1,0,0,0,0,0,5,0,0,0,0,107,1,0,1,1,0,10,23,0,0,0,19,2,2,1,0,0,1,1,0,0,28,0,0,0,4,0,0,2,0,0,0,58,21,0,13,0,0,0,0,0,0,0,0,0,0,0,0,0,0,0,3,0,0,0,0,0,0,0,0,0,0,0,0,0,0,0,0,0,0,19,0,0,0,0,0,0,0,0,29,23,0,2,0,0,0,0,0,0,0,0,0,0,0,0,0,0,1,0,0,0,0,0,1,0,0,0,0,0,0,0,0,0,0,0,0,0,0,0,0,0,0,0,0,0,0,0,0,0,0,0,0,0,0,0,0,0,0
1fc320bc58613e07180334a4b7086b55,6.6,242,230,2787,287,82,89,521,1399,2815,1160,14,19,166,16,3576,32,88,0,3,165,1245,1,54,3,1774,18,10,3,72,329,154,374,34,492,77,4,10,12,18,2,44,28,5,37,41,0,3,5,1780,17,3,0,0,0,4,33,0,0,0,0,1,0,1,3269,249,93,114,6,2,0,24,0,0,8,0,1141,765,8,10,951,1705,2540,2332,2,63,2,5,5,7,232,32,74,313,56,10,83,125,4,1,81,269,3,22,53,61,0,5,2,12,13,10,23,24,4,2,50,95,4,0,135,4,23,0,0,2,0,0,6,6,7,9,3,0,0,3,8,12,5,0,0,1,0,0,0,0,0,5,0,0,0,0,107,1,0,1,1,0,10,23,0,0,0,15,2,2,1,0,0,1,1,0,0,28,0,0,0,4,0,0,2,0,0,0,44,21,0,13,0,0,0,0,0,0,0,0,0,0,0,0,0,0,0,3,0,0,0,0,0,0,0,0,0,0,0,0,0,0,0,0,0,0,15,2,0,0,0,0,0,0,0,25,18,0,2,0,0,0,0,0,0,0,0,0,0,0,0,0,0,1,0,0,0,0,0,1,0,0,0,0,0,0,0,0,0,0,0,0,0,0,0,0,0,0,0,0,0,0,0,0,0,0,0,0,0,0,0,0,0,0
1fc4877a488251338819c96a9d03038c,5.8,259,1335,3033,488,74,111,616,1494,2890,1265,25,19,147,22,3649,41,114,0,6,215,1062,1,73,6,1427,23,20,6,65,323,206,399,33,692,132,2,8,13,51,2,53,25,5,34,40,0,5,4,1436,43,3,0,0,0,3,50,0,0,0,0,1,0,1,3599,208,93,207,6,0,0,33,0,0,18,0,1330,908,8,15,939,2191,3386,2495,16,124,5,14,14,8,188,67,164,419,119,11,120,128,14,8,114,289,3,23,62,70,0,7,5,15,31,25,39,48,10,5,43,101,7,2,136,8,23,0,0,2,0,0,6,3,7,9,3,0,0,3,8,12,4,0,0,1,0,0,0,0,0,5,0,0,0,0,54,1,0,1,1,0,10,23,0,0,0,17,2,2,1,0,0,1,1,0,0,25,0,0,0,4,0,0,2,0,0,0,52,21,0,13,0,0,0,0,0,0,0,0,0,0,0,0,0,0,0,3,0,0,0,0,0,0,0,0,0,0,0,0,0,0,0,0,0,0,17,0,0,0,0,0,0,0,0,28,22,0,2,0,0,0,0,0,0,0,0,0,0,0,0,0,0,1,0,0,0,0,0,1,0,0,0,0,0,0,0,0,0,0,0,0,0,0,0,0,0,0,0,0,0,0,0,0,0,0,0,0,0,0,0,0,0,0
1fc7041ba67576c7d49f1421abe3975b,6.2,372,180,1691,334,76,76,505,1419,2813,1200,13,19,151,14,3536,34,64,0,3,168,919,1,50,3,1684,24,10,3,75,339,156,385,35,478,77,2,7,17,44,2,44,28,6,39,42,0,2,4,1690,21,4,0,0,0,2,29,0,0,0,0,1,0,1,3679,184,93,127,6,1,0,24,0,0,9,0,1260,841,8,14,1028,1647,4832,2690,7,115,2,6,6,9,171,33,134,505,116,9,125,125,4,1,81,270,3,22,55,63,0,4,2,12,15,10,21,24,4,2,50,97,4,0,135,4,18,0,0,2,0,0,6,3,7,9,3,0,0,3,8,12,4,0,0,1,0,0,0,0,0,5,0,0,0,0,54,2,0,1,1,0,7,17,0,0,0,19,2,2,1,0,0,1,1,0,0,28,0,0,0,4,0,0,2,0,0,0,60,21,0,13,0,0,0,0,0,0,0,0,0,0,0,0,0,0,0,3,0,0,0,0,0,0,0,0,0,0,0,0,0,0,0,0,0,0,19,0,0,0,0,0,0,0,0,33,26,0,2,0,0,0,0,0,0,0,0,0,0,0,0,0,0,1,0,0,0,0,0,1,0,0,0,0,0,0,0,0,0,0,0,0,0,0,0,0,0,0,0,0,0,0,0,0,0,0,0,0,0,0,0,0,0,0
1fcf51acec85d887648a9215c3b2bbfa,6.6,290,218,2655,286,82,87,488,1405,2816,1178,14,19,154,15,3001,32,53,0,3,156,833,1,45,3,1244,17,10,3,65,334,154,364,33,482,70,4,10,12,19,2,44,29,5,38,40,0,3,5,1250,17,3,0,0,0,4,31,0,0,0,0,1,0,1,3567,181,92,113,6,8,0,24,0,0,8,0,1104,735,8,10,967,1825,3206,2377,7,65,2,5,5,8,165,31,73,360,55,9,98,123,4,1,81,264,3,24,48,56,0,4,2,12,15,10,23,24,4,2,40,95,4,0,135,4,23,0,0,2,0,0,6,6,7,9,3,0,0,3,8,12,5,0,0,1,0,0,0,0,0,5,0,0,0,0,107,1,0,1,1,0,10,23,0,0,0,21,2,2,1,0,0,1,1,0,0,29,0,0,0,4,0,0,2,0,0,0,67,21,0,13,0,0,0,0,0,0,0,0,0,0,0,0,0,0,0,3,0,0,0,0,0,0,0,0,0,0,0,0,0,0,0,0,0,0,21,0,0,0,0,0,0,0,0,35,27,0,2,0,0,0,0,0,0,0,0,0,0,0,0,0,0,1,0,0,0,0,0,1,0,0,0,0,0,0,0,0,0,0,0,0,0,0,0,0,0,0,0,0,0,0,0,0,0,0,0,0,0,0,0,0,0,0
1fcfbaa829711c52722a0963e1d3e63f,5.8,188,191,2563,178,87,70,488,1402,2786,1189,6,17,139,10,3139,32,89,0,1,99,770,1,29,1,1630,23,4,1,59,280,118,374,37,434,30,4,8,14,42,2,38,24,5,33,44,0,1,5,1634,17,3,0,0,0,2,25,0,0,0,0,1,0,1,4209,174,90,80,6,2,0,18,0,0,3,0,840,546,8,13,1136,2294,2203,2726,5,107,0,2,2,11,163,9,116,303,116,9,118,125,0,2,59,288,3,22,38,46,0,2,0,10,1,0,11,8,0,0,38,91,2,0,135,0,23,0,0,2,0,0,6,6,7,9,3,0,0,3,8,12,5,0,0,1,0,0,0,0,0,5,0,0,0,0,107,1,0,1,1,0,7,17,0,0,0,21,2,2,1,0,0,1,1,0,0,24,0,0,0,4,0,0,2,0,0,0,65,21,0,13,0,0,0,0,0,0,0,0,0,0,0,0,0,0,0,3,0,0,0,0,0,0,0,0,0,0,0,0,0,0,0,0,0,0,21,0,0,0,0,0,0,0,0,35,27,0,2,0,0,0,0,0,0,0,0,0,0,0,0,0,0,1,0,0,0,0,0,1,0,0,0,0,0,0,0,0,0,0,0,0,0,0,0,0,0,0,0,0,0,0,0,0,0,0,0,0,0,0,0,0,0,0
1fd49bb96fbcedfbe8f073a825a89de6,3.2,69,99,969,133,59,37,28,645,460,527,2,15,101,5,338,2,27,0,1,44,21,1,12,1,11,5,4,1,0,254,38,114,1,231,9,7,4,9,10,0,1,27,2,25,1,0,0,3,15,7,1,0,0,0,0,8,0,0,0,0,1,0,0,1751,23,65,43,8,0,0,18,0,0,4,0,6,0,8,2,0,267,3248,2762,0,19,0,0,0,0,16,0,5,75,8,3,10,2,0,2,1,28,2,4,7,13,0,0,0,0,0,0,8,8,0,0,8,76,0,0,135,0,15,0,0,2,0,0,6,3,10,0,0,0,0,0,8,12,3,0,0,1,0,0,0,0,0,5,0,0,0,0,54,0,0,0,0,0,8,19,0,0,0,4,2,2,1,0,0,0,0,0,0,26,0,0,0,4,0,0,2,0,0,0,12,7,0,13,0,0,0,0,0,0,0,0,0,0,0,0,0,0,0,0,0,0,1,0,0,0,0,0,0,0,0,0,0,0,0,0,0,0,4,0,0,0,0,0,0,0,0,4,4,0,2,0,0,0,0,0,0,0,0,0,0,0,0,0,0,0,0,0,0,0,0,0,0,0,0,0,0,0,0,0,0,0,0,0,0,0,0,0,0,0,0,0,0,0,0,0,0,0,0,0,0,0,0,0,0,0
1fd88240a64dee96e1cbddb1190864c6,6.2,267,1196,2915,290,62,70,494,1419,2814,1184,9,19,143,10,3422,32,68,0,2,137,1254,1,37,2,1771,23,8,2,63,287,134,354,33,675,50,2,4,13,43,2,41,24,5,33,40,0,1,4,1776,19,3,0,0,0,1,28,0,0,0,0,1,0,1,3924,241,93,113,6,0,0,21,0,0,6,0,1060,706,8,11,943,1800,3263,2528,6,113,1,4,4,7,230,27,124,391,115,7,105,121,4,1,70,266,3,19,42,50,0,3,1,11,8,9,15,16,2,1,39,93,3,0,135,2,23,0,0,2,0,0,6,3,7,9,3,0,0,3,8,12,4,0,0,1,0,0,0,0,0,5,0,0,0,0,54,1,0,1,1,0,10,23,0,0,0,22,2,2,1,0,0,1,1,0,0,24,0,0,0,4,0,0,2,0,0,0,65,21,0,13,0,0,0,0,0,0,0,0,0,0,0,0,0,0,0,3,0,0,0,0,0,349,0,0,0,0,0,0,0,0,0,0,0,0,22,0,0,0,0,0,0,0,0,36,25,0,2,0,0,0,0,0,0,0,0,0,0,0,0,0,0,1,0,0,0,0,0,1,0,0,0,0,0,0,0,0,0,0,0,0,0,0,0,0,0,0,0,0,0,0,0,0,0,0,0,0,0,0,0,0,0,0
1fd603993e8975bb6fa2d53e2a160137,6.8,227,131307,1152,244,70,64,465,1415,2809,1177,9,17,143,10,2527,32,113,0,2,122,778,1,44,2,991,18,8,2,67,287,132,353,34,616,57,2,4,11,18,2,41,23,5,32,41,0,1,4,996,15,3,0,0,0,1,27,0,0,0,0,1,0,1,2666,171,91,133,6,0,0,21,0,0,5,0,902,591,8,3,660,1854,2742,1890,3,56,1,4,4,5,160,22,64,291,55,6,30,124,3,4,68,264,2,17,47,55,0,3,1,11,7,5,15,16,2,1,49,93,3,0,135,2,23,0,0,3,1,0,6,3,7,9,3,0,0,3,8,12,4,0,0,1,0,0,0,0,0,5,0,0,0,0,54,1,0,1,1,0,10,23,0,0,0,16,2,2,1,0,0,1,1,0,0,23,0,0,0,4,0,0,2,0,0,0,51,21,0,13,0,0,0,0,0,0,0,0,0,0,0,0,0,0,0,3,0,0,0,0,0,0,0,0,0,0,0,0,0,0,0,0,0,0,16,0,0,0,0,0,0,0,0,26,21,0,2,0,0,0,0,0,0,0,0,0,0,0,0,0,0,1,0,0,0,0,0,1,0,0,0,0,0,0,0,0,0,0,0,0,0,0,0,0,0,0,0,0,0,0,0,0,0,0,0,0,0,0,0,0,0,0
1fda1958e8c52b9f3edc733c85ccdfa1,6.6,253,204,2624,236,74,78,469,1406,2817,1164,10,19,132,12,3149,32,82,0,2,124,776,1,37,2,1572,17,7,2,61,293,136,352,32,497,50,4,9,9,18,2,41,25,5,34,39,0,2,5,1577,15,3,0,0,0,3,27,0,0,0,0,1,0,1,3786,173,93,99,6,0,0,21,0,0,5,0,935,611,8,9,935,2178,2768,2343,4,63,1,3,3,6,159,19,68,319,59,8,108,123,2,2,70,266,3,23,43,51,0,3,1,11,7,5,17,16,2,1,39,93,3,0,135,2,18,0,0,2,0,0,6,6,7,9,3,0,0,3,8,12,5,0,0,1,0,0,0,0,0,5,0,0,0,0,107,1,0,1,1,0,7,17,0,0,0,18,2,2,1,0,0,1,1,0,0,25,0,0,0,4,0,0,2,0,0,0,58,21,0,13,0,0,0,0,0,0,0,0,0,0,0,0,0,0,0,3,0,0,0,0,0,0,0,0,0,0,0,0,0,0,0,0,0,0,18,2,0,0,0,0,0,0,0,30,24,0,2,0,0,0,0,0,0,0,0,0,0,0,0,0,0,1,0,0,0,0,0,1,0,0,0,0,0,0,0,0,0,0,0,0,0,0,0,0,0,0,0,0,0,0,0,0,0,0,0,0,0,0,0,0,0,0
1fde271e9752949f02a46d7be6ee22ab,6.6,103,208,1926,321,86,87,531,1373,2806,1135,14,10,157,17,1660,32,110,0,3,158,763,1,49,3,15,13,10,3,67,291,114,361,35,453,77,5,6,12,12,2,44,26,4,32,42,0,3,6,21,11,3,0,0,0,4,31,0,0,0,0,1,0,1,2408,178,66,483,6,0,0,24,0,0,8,0,1044,692,8,8,600,6182,2867,2478,7,61,2,4,4,18,162,30,29,129,11,9,67,127,4,2,69,266,2,22,52,60,0,4,2,12,13,10,23,24,4,2,45,86,4,0,135,4,23,0,0,4,1,0,6,6,6,9,3,0,0,3,8,12,6,0,0,1,0,0,0,0,0,5,0,0,0,0,107,0,0,1,1,0,9,23,0,0,0,6,2,2,1,0,0,1,0,0,0,26,0,0,0,4,0,0,2,0,0,0,13,21,0,13,0,0,0,0,0,0,0,0,0,0,0,0,0,0,0,0,0,0,0,0,0,0,0,0,0,0,0,0,0,0,0,0,0,0,6,0,0,0,0,0,0,0,0,6,5,0,2,0,0,0,0,0,0,0,0,0,0,0,0,0,0,1,0,0,0,0,0,0,0,0,0,0,0,0,0,0,0,0,0,0,0,0,0,0,0,0,0,0,0,0,0,0,0,0,0,0,0,0,0,0,0,0
1fe2e9a1454dc805c1e9ecb83a9b9024,2.8,69,101,980,142,65,49,28,699,578,595,2,15,93,5,449,13,79,0,1,45,22,1,10,1,11,5,4,1,0,255,38,117,1,234,9,7,4,9,10,0,1,27,26,27,1,0,0,3,15,7,2,0,0,0,3,24,0,0,0,0,1,0,0,952,25,73,44,16,0,0,18,0,0,4,0,6,0,10,4,0,311,3648,1253,1,23,0,0,0,0,20,0,20,90,23,3,14,2,0,2,1,44,2,4,7,13,0,0,0,0,0,0,8,8,0,0,8,77,0,0,135,0,15,0,0,2,0,0,6,3,10,0,0,0,0,0,8,12,3,0,0,1,0,0,0,1,0,5,0,0,0,0,54,1,0,0,0,0,8,19,0,0,0,4,2,2,1,0,0,0,0,2,0,26,0,0,0,4,0,0,2,0,0,0,12,7,0,13,0,0,0,0,0,0,0,0,0,0,0,0,0,0,0,0,0,0,1,0,0,0,0,0,0,0,0,0,0,0,0,0,0,0,4,0,0,0,0,0,0,0,0,4,3,0,2,0,0,0,0,0,0,0,0,0,0,0,0,0,0,0,0,0,0,0,0,0,0,0,0,0,0,0,8,0,0,0,0,0,0,0,0,0,0,0,0,0,0,0,0,0,0,0,0,0,0,0,0,0,0,0
1fe65b76e3b40649fc9fb33dd6bc8278,7.0,393,218,2642,260,95,89,553,1495,2968,1250,11,21,153,14,3887,54,102,0,2,189,1757,1,45,2,1466,19,8,2,73,351,138,419,36,524,58,9,9,14,19,4,43,29,6,42,43,0,2,6,1472,15,4,0,0,0,3,49,0,0,0,0,1,0,1,3637,255,100,169,6,4,0,21,0,0,5,0,1891,1372,8,14,945,3244,6693,2516,30,88,1,4,4,8,240,37,90,482,72,8,161,128,3,6,72,277,3,48,70,78,0,3,1,11,7,5,17,16,2,1,51,100,6,0,135,2,23,0,0,2,0,0,8,7,7,9,3,0,0,14,8,12,6,0,0,1,0,0,10,0,0,5,0,0,0,0,107,2,0,1,1,0,10,23,0,0,0,22,2,2,1,0,0,1,1,0,0,29,0,0,0,4,0,0,2,0,0,0,63,21,0,13,0,0,0,0,0,0,0,0,0,0,0,0,0,0,0,3,0,0,0,0,0,0,0,0,0,0,0,0,0,0,0,0,0,0,22,0,3,0,0,0,0,0,0,35,25,0,2,0,0,0,0,0,0,0,0,0,0,0,0,0,0,1,0,0,0,0,0,1,0,0,0,0,0,0,0,0,0,0,0,0,0,0,0,0,0,0,0,0,0,0,0,0,0,0,0,0,0,0,0,0,0,0
1ff3ee3cd74234f9522ac4abaec08427,6.4,270,2547,5717,183,73,68,471,1404,2805,1171,6,19,143,9,3311,32,78,0,1,98,724,1,33,1,1826,18,4,1,67,289,118,354,31,681,37,4,4,10,17,2,38,25,5,34,40,0,1,5,1830,13,3,0,0,0,2,25,0,0,0,0,1,0,1,3846,165,93,111,6,0,0,18,0,0,2,0,868,560,8,8,957,2404,3120,2243,6,60,0,1,1,5,154,9,57,326,57,7,108,125,0,2,59,266,3,22,44,52,0,3,0,12,1,0,11,8,0,0,48,91,2,0,135,0,18,0,0,3,1,0,6,6,7,9,3,0,0,3,8,12,5,0,0,1,0,0,0,0,0,5,0,0,0,0,107,1,0,1,1,0,7,17,0,0,0,19,2,2,1,0,0,1,1,0,0,25,0,0,0,4,0,0,2,0,0,0,59,21,0,13,0,0,0,0,0,0,0,0,0,0,0,0,0,0,0,3,0,0,0,0,0,0,0,0,0,0,0,0,0,0,0,0,0,0,19,0,0,0,0,0,0,0,0,31,25,0,2,0,0,0,0,0,0,0,0,0,0,0,0,0,0,1,0,0,0,0,0,1,0,0,0,0,0,0,0,0,0,0,0,0,0,0,0,0,0,0,0,0,0,0,0,0,0,0,0,0,0,0,0,0,0,0
02a80f638fceac0705a64c3a2f54bd37,5.8,240,2218,4482,209,74,69,448,1401,2804,1173,6,19,144,9,2900,32,109,0,1,98,729,1,31,1,1473,17,5,1,59,287,118,349,34,683,30,4,4,9,17,2,38,25,5,34,41,0,1,5,1477,13,3,0,0,0,2,24,0,0,0,0,1,0,1,3280,165,93,89,6,0,0,18,0,0,2,0,828,533,8,8,866,1841,2468,1860,2,60,0,1,1,5,154,9,57,296,57,7,98,127,0,2,59,266,3,22,38,46,0,2,0,10,1,0,11,8,0,0,38,91,2,0,135,0,23,0,0,2,0,0,6,6,7,9,3,0,0,3,8,12,5,0,0,1,0,0,0,0,0,5,0,0,0,0,107,1,0,1,1,0,10,23,0,0,0,15,2,2,1,0,0,1,1,0,0,25,0,0,0,4,0,0,2,0,0,0,43,21,0,13,0,0,0,0,0,0,0,0,0,0,0,0,0,0,0,3,0,0,0,0,0,0,0,0,0,0,0,0,0,0,0,0,0,0,15,0,0,0,0,0,0,0,0,26,17,0,2,0,0,0,0,0,0,0,0,0,0,0,0,0,0,1,0,0,0,0,0,1,0,0,0,0,0,0,0,0,0,0,0,0,0,0,0,0,0,0,0,0,0,0,0,0,0,0,0,0,0,0,0,0,0,0
02a9051d6eeda2d2479501d5cc8b3976,5.8,246,2337,5366,173,73,68,441,1404,2804,1169,6,19,131,9,3059,32,81,0,1,98,708,1,33,1,1609,18,5,1,67,289,118,353,33,682,37,4,4,10,17,2,38,25,5,34,40,0,1,5,1613,13,3,0,0,0,2,23,0,0,0,0,1,0,1,4006,163,93,91,6,0,0,18,0,0,2,0,775,502,8,8,1012,1861,2781,2295,5,60,0,1,1,5,152,9,59,304,59,7,108,125,0,2,59,264,3,22,44,52,0,3,0,10,1,0,11,8,0,0,48,91,2,0,135,0,18,0,0,2,0,0,6,6,7,9,3,0,0,3,8,12,5,0,0,1,0,0,0,0,0,5,0,0,0,0,107,1,0,1,1,0,7,17,0,0,0,20,2,2,1,0,0,1,1,0,0,25,0,0,0,4,0,0,2,0,0,0,64,21,0,13,0,0,0,0,0,0,0,0,0,0,0,0,0,0,0,3,0,0,0,0,0,0,0,0,0,0,0,0,0,0,0,0,0,0,20,0,0,0,0,0,0,0,0,38,28,0,2,0,0,0,0,0,0,0,0,0,0,0,0,0,0,1,0,0,0,0,0,1,0,0,0,0,0,0,0,0,0,0,0,0,0,0,0,0,0,0,0,0,0,0,0,0,0,0,0,0,0,0,0,0,0,0
02b8e4e624a82eac80d819909c453ca6,6.2,291,158,1548,214,76,66,498,1407,2800,1185,9,19,163,10,3566,32,66,0,2,137,883,1,43,2,1802,24,7,2,74,323,134,387,36,483,57,2,6,16,43,2,41,28,5,37,43,0,2,4,1807,19,3,0,0,0,1,27,0,0,0,0,1,0,1,3607,184,92,122,6,2,0,21,0,0,6,0,1222,805,8,11,993,1619,3552,2572,6,111,1,4,4,9,172,24,124,415,115,7,105,125,2,1,70,281,3,19,48,56,0,3,1,11,7,5,15,16,2,1,49,93,3,0,135,2,23,0,0,2,0,0,6,3,7,9,3,0,0,3,8,12,4,0,0,1,0,0,0,0,0,5,0,0,0,0,54,1,0,1,1,0,10,23,0,0,0,20,2,2,1,0,0,1,1,0,0,28,0,0,0,4,0,0,2,0,0,0,60,21,0,13,0,0,0,0,0,0,0,0,0,0,0,0,0,0,0,3,0,0,0,0,0,0,0,0,0,0,0,0,0,0,0,0,0,0,20,0,0,0,0,0,0,0,0,32,24,0,2,0,0,0,0,0,0,0,0,0,0,0,0,0,0,1,0,0,0,0,0,1,0,0,0,0,0,0,0,0,0,0,0,0,0,0,0,0,0,0,0,0,0,0,0,0,0,0,0,0,0,0,0,0,0,0
02b856b9ed8b425fd0ee138f1521a800,7.2,284,2568,5876,310,75,88,494,1427,2830,1182,14,19,145,15,3118,32,107,0,3,146,833,1,44,3,1431,17,10,3,61,300,154,358,33,686,70,4,6,9,20,2,44,25,5,34,40,0,3,5,1437,17,3,0,0,0,4,32,0,0,0,0,1,0,1,3394,179,93,146,6,0,0,24,0,0,8,0,963,637,8,10,1004,2457,3389,2438,11,65,2,6,6,6,164,31,75,356,57,9,108,126,5,4,81,266,3,24,48,56,0,4,2,12,17,10,23,24,4,2,40,95,4,0,135,4,18,0,0,4,2,0,6,6,7,9,3,0,0,3,8,12,5,0,0,1,0,0,0,0,0,5,0,0,0,0,107,1,0,1,1,0,7,17,0,0,0,20,2,2,1,0,0,1,1,0,0,25,0,0,0,4,0,0,2,0,0,0,59,21,0,13,0,0,0,0,0,0,0,0,0,0,0,0,0,0,0,3,0,0,0,0,0,0,0,0,0,0,0,0,0,0,0,0,0,0,20,0,0,0,0,0,0,0,0,30,23,0,2,0,0,0,0,0,0,0,0,0,0,0,0,0,0,1,0,0,0,0,0,1,0,0,0,0,0,0,0,0,0,0,0,0,0,0,0,0,0,0,0,0,0,0,0,0,0,0,0,0,0,0,0,0,0,0
02ba36b1024759c0b6981e08e5ccdfb2,3.6,97,132,1649,113,59,49,28,648,462,526,2,15,54,7,356,2,35,0,1,44,20,1,12,1,12,2,4,1,0,231,40,112,1,231,9,5,6,9,10,0,1,24,2,25,1,0,1,4,16,7,1,0,0,0,2,8,0,0,0,0,1,0,0,2123,25,65,43,8,0,0,18,0,0,4,0,6,0,8,2,0,473,3092,2852,0,21,0,0,0,0,16,0,5,101,8,5,13,2,0,2,1,28,2,8,8,11,0,0,0,0,0,0,10,8,0,0,5,76,0,0,135,0,15,0,0,2,0,0,6,6,7,0,0,0,0,0,8,12,4,0,0,1,0,0,0,0,0,5,0,0,0,0,107,0,0,0,0,0,7,19,0,0,0,4,2,2,1,0,0,0,0,0,0,23,0,0,0,4,0,0,2,0,0,0,12,2,0,13,0,0,0,0,0,0,0,0,0,0,0,0,0,0,0,0,0,0,0,0,0,0,0,0,0,0,0,0,0,0,0,0,0,0,4,0,0,0,0,0,0,0,0,4,4,0,2,0,0,0,0,0,0,0,0,0,0,0,0,0,0,0,0,0,0,0,0,0,0,0,0,0,0,0,0,0,0,0,0,0,0,0,0,0,0,0,0,0,0,0,0,0,0,0,0,0,0,0,0,0,0,0
02bcd54fb9ccd7de11a655749d186131,6.4,211,2265,5300,211,66,78,541,1411,2814,1171,8,19,144,11,3716,32,75,0,2,136,1178,1,34,2,2090,17,4,1,63,278,118,380,36,676,32,5,5,9,17,2,38,24,5,33,43,0,2,5,2094,13,3,0,0,0,2,26,0,0,0,0,1,0,1,3906,247,93,135,6,0,0,18,0,0,5,0,991,653,8,9,922,2229,2206,2180,4,63,1,3,3,7,234,23,55,264,55,8,98,125,2,1,61,296,3,23,40,48,0,3,1,11,7,5,11,8,0,0,38,91,2,0,135,0,23,0,0,3,1,0,6,6,7,9,3,0,0,3,8,12,5,0,0,1,0,0,0,0,0,5,0,0,0,0,107,1,0,1,1,0,10,23,0,0,0,15,2,2,1,0,0,1,1,0,0,24,0,0,0,4,0,0,2,0,0,0,45,21,0,13,0,0,0,0,0,0,0,0,0,0,0,0,0,0,0,3,0,0,0,0,0,698,0,0,0,0,0,0,0,0,0,0,0,0,15,0,0,0,0,0,0,0,0,26,19,0,2,0,0,0,0,0,0,0,0,0,0,0,0,0,0,1,0,0,0,0,0,1,0,0,0,0,0,0,0,0,0,0,0,0,0,0,0,0,0,0,0,0,0,0,0,0,0,0,0,0,0,0,0,0,0,0
02bf2ed637b4ac10a583682672c14935,6.6,257,812,3131,260,75,78,464,1415,2823,1179,10,20,157,13,4381,32,103,0,2,130,752,1,38,2,2841,17,7,2,57,283,130,349,33,685,51,5,5,9,17,2,41,24,5,33,40,0,2,6,2846,15,3,0,0,0,3,29,0,0,0,0,1,0,1,3602,172,96,364,6,0,0,21,0,0,5,0,934,617,8,5,1022,4423,3064,2612,1,58,1,3,3,10,159,20,66,321,57,9,67,127,2,2,58,252,3,21,42,50,0,3,1,11,7,5,17,16,2,1,39,93,3,0,135,2,23,0,0,2,0,0,6,6,7,9,3,0,0,3,8,12,6,0,0,1,0,0,0,0,0,5,0,0,0,0,107,1,0,1,1,0,10,23,0,0,0,14,2,2,1,0,0,1,1,0,0,24,0,0,0,4,0,0,2,0,0,0,38,21,0,13,0,0,0,0,0,0,0,0,0,0,0,0,0,0,0,0,0,0,0,0,0,0,0,0,0,0,0,0,0,0,0,0,0,0,14,0,0,0,0,0,0,0,0,21,14,0,2,0,0,0,0,0,0,0,0,0,0,0,0,0,0,1,0,0,0,0,0,1,0,0,0,0,0,0,0,0,0,0,0,0,0,0,0,0,0,0,0,0,0,0,0,0,0,0,0,0,0,0,0,0,0,0
02bfd86d1b6a268f4a49db29cb246870,5.8,252,2433,6284,187,73,68,446,1400,2804,1160,6,19,131,9,3098,32,82,0,1,98,707,1,29,1,1677,17,5,1,59,286,118,348,33,682,30,4,4,9,17,2,38,25,5,34,40,0,1,5,1681,13,3,0,0,0,2,24,0,0,0,0,1,0,1,3862,165,93,89,6,0,0,18,0,0,2,0,767,497,8,8,986,1967,3004,2269,5,60,0,1,1,5,154,9,59,310,59,7,98,123,0,2,59,266,3,22,38,46,0,2,0,10,1,0,11,8,0,0,38,91,2,0,135,0,18,0,0,2,0,0,6,6,7,9,3,0,0,3,8,12,5,0,0,1,0,0,0,0,0,5,0,0,0,0,107,1,0,1,1,0,7,17,0,0,0,20,2,2,1,0,0,1,1,0,0,25,0,0,0,4,0,0,2,0,0,0,61,21,0,13,0,0,0,0,0,0,0,0,0,0,0,0,0,0,0,3,0,0,0,0,0,0,0,0,0,0,0,0,0,0,0,0,0,0,20,0,0,0,0,0,0,0,0,33,25,0,2,0,0,0,0,0,0,0,0,0,0,0,0,0,0,1,0,0,0,0,0,1,0,0,0,0,0,0,0,0,0,0,0,0,0,0,0,0,0,0,0,0,0,0,0,0,0,0,0,0,0,0,0,0,0,0
02ca0c46364e7d35b9383c03f2ab0413,6.6,207,165,1578,242,70,71,473,1421,2838,1194,9,19,143,10,3522,41,96,0,2,129,836,1,41,2,1807,24,7,2,71,297,134,362,32,497,59,2,6,14,44,2,41,25,5,34,39,0,1,4,1812,35,3,0,0,0,3,34,0,0,0,0,1,0,1,3560,175,93,113,6,0,0,21,0,0,6,0,1034,685,8,11,1036,2048,2837,2517,9,112,1,4,4,7,166,21,126,333,117,7,95,121,3,2,70,266,3,19,48,56,0,3,1,11,7,5,15,16,2,1,49,93,3,2,136,0,23,0,0,3,1,0,6,3,7,9,3,0,0,3,8,12,4,0,0,1,0,0,0,0,0,5,0,0,0,0,54,1,0,1,1,0,10,23,0,0,0,19,2,2,1,0,0,1,1,0,0,25,0,0,0,4,0,0,2,0,0,0,58,21,0,13,0,0,0,0,0,0,0,0,0,0,0,0,0,0,0,3,0,0,0,0,0,0,0,0,0,0,0,0,0,0,0,0,0,0,19,1,0,0,0,0,0,0,0,32,24,0,2,0,0,0,0,0,0,0,0,0,0,0,0,0,0,1,0,0,0,0,0,1,0,0,0,0,0,0,0,0,0,0,0,0,0,0,0,0,0,0,0,0,0,0,0,0,0,0,0,0,0,0,0,0,0,0
02d43bb9848b36cb205c25b68e934069,5.8,176,2477,6365,181,74,67,470,1349,2798,1113,6,19,156,9,3845,32,70,0,1,98,668,1,29,1,2460,17,5,1,57,285,116,362,38,687,30,4,4,9,10,2,38,25,5,34,45,0,1,5,2464,7,3,0,0,0,2,23,0,0,0,0,1,0,1,2961,162,93,107,6,0,0,18,0,0,2,0,771,495,8,2,667,1829,1817,1957,0,54,0,0,0,4,149,8,13,188,13,7,33,127,0,2,57,273,2,20,37,45,0,2,0,10,1,0,11,8,0,0,38,91,2,0,135,0,23,0,0,2,0,0,6,6,7,9,3,0,0,3,8,12,5,0,0,1,0,0,0,0,0,5,0,0,0,0,107,1,0,1,1,0,10,23,0,0,0,9,2,2,1,0,0,1,1,0,0,25,0,0,0,4,0,0,2,0,0,0,22,21,0,13,0,0,0,0,0,0,0,0,0,0,0,0,0,0,0,3,0,0,0,0,0,0,0,0,0,0,0,0,0,0,0,0,0,0,9,0,0,0,0,0,0,0,0,14,8,0,2,0,0,0,0,0,0,0,0,0,0,0,0,0,0,1,0,0,0,0,0,1,0,0,0,0,0,0,0,0,0,0,0,0,0,0,0,0,0,0,0,0,0,0,0,0,0,0,0,0,0,0,0,0,0,0
02db485da82c714116d6af5e0f11ca1b,6.0,152,178,2476,162,80,64,358,1339,2784,1109,6,19,164,9,2487,27,70,0,1,65,520,1,31,1,1379,17,4,1,57,312,106,302,28,475,28,4,8,14,10,2,30,28,5,37,31,0,2,5,1383,7,3,0,0,0,4,25,0,0,0,0,1,0,0,1977,144,92,150,6,4,0,18,0,0,2,0,508,349,8,3,322,1845,1251,1553,0,55,0,0,0,6,139,3,5,156,7,5,33,127,0,1,43,214,2,12,27,41,0,6,0,8,1,0,11,8,0,0,37,89,0,0,135,0,23,0,0,2,0,0,6,6,7,6,1,0,0,1,8,12,5,0,0,1,0,0,2,0,0,5,0,0,0,0,107,1,0,1,1,0,10,23,0,0,0,7,2,2,1,0,0,0,1,0,0,28,0,0,0,4,0,0,2,0,0,0,12,21,0,13,0,0,0,0,0,0,0,0,0,0,0,0,0,0,0,3,0,0,0,0,0,0,0,0,0,0,0,0,0,0,0,0,0,0,7,0,0,0,0,0,0,0,0,11,4,0,2,0,0,0,0,0,0,0,0,0,0,0,0,0,0,1,0,0,0,0,0,1,0,0,0,0,0,0,0,0,0,0,0,0,0,0,0,0,0,0,0,0,0,0,0,0,0,0,0,0,0,0,0,0,0,0
02dfdbb882bfb85aeabc71d343552918,5.8,212,180,2523,181,80,68,474,1390,2791,1167,6,19,152,10,3760,32,98,0,1,98,725,1,32,1,2289,18,4,1,67,315,118,363,34,486,37,4,8,12,17,2,38,28,5,37,43,0,1,5,2293,13,3,0,0,0,2,26,0,0,0,0,1,0,1,3710,164,92,92,6,2,0,18,0,0,2,0,875,565,8,10,911,2319,2536,2312,5,59,0,1,1,5,153,9,56,267,56,8,128,125,0,1,59,266,3,23,44,52,0,2,0,12,1,0,11,8,0,0,48,91,2,0,135,0,23,0,0,2,0,0,6,6,7,9,3,0,0,3,8,12,5,0,0,1,0,0,0,0,0,5,0,0,0,0,107,1,0,1,1,0,10,23,0,0,0,15,2,2,1,0,0,1,1,0,0,28,0,0,0,4,0,0,2,0,0,0,43,21,0,13,0,0,0,0,0,0,0,0,0,0,0,0,0,0,0,3,0,0,0,0,0,0,0,0,0,0,0,0,0,0,0,0,0,0,15,0,0,0,0,0,0,0,0,26,17,0,2,0,0,0,0,0,0,0,0,0,0,0,0,0,0,1,0,0,0,0,0,1,0,0,0,0,0,0,0,0,0,0,0,0,0,0,0,0,0,0,0,0,0,0,0,0,0,0,0,0,0,0,0,0,0,0
02e64cfe6a63f66ea94d47aa407124ea,4.4,77,108,987,108,135,49,7,602,443,647,43,0,247,2,259,13,19,7,1,36,27,1,10,1,5,6,0,0,0,46,52,30,0,19,15,13,4,0,7,0,0,3,0,8,0,16,0,4,9,6,2,0,0,0,3,35,0,0,0,0,0,0,0,443,16,13,24,0,1,0,19,1,1,1,0,2,0,8,3,0,76,115,2870,1,49,0,0,0,0,14,0,11,88,13,4,6,0,0,2,0,0,2,4,5,10,0,0,0,0,0,0,4,0,0,0,6,23,0,2880,135,5,15,0,0,2,2,0,4,0,9,8,0,0,0,8,14,12,4,0,0,0,0,0,0,0,0,12,0,0,0,0,235,0,0,0,0,0,15,21,0,0,0,2,3,3,5,0,0,0,1,17,0,3,0,11,0,7,1,9,2,0,0,0,5,10,0,55,1,1,1,1,1,1,0,0,0,2,0,0,0,0,0,0,0,0,2,3,0,0,0,0,0,0,0,0,0,0,0,0,0,0,2,0,0,0,0,0,0,0,0,2,1,0,0,0,0,0,0,0,0,0,0,0,0,0,4,0,0,0,0,1,0,0,0,0,0,0,0,0,0,0,0,0,0,0,0,0,0,0,0,0,0,0,0,0,0,0,0,0,0,0,0,0,0,0,0,0,0,0
02e258db49be7217cfa5ad04fe117855,6.4,237,199,2587,190,73,76,500,1401,2809,1157,8,19,131,12,3814,32,68,0,2,127,774,1,34,2,2229,17,7,2,61,286,116,372,38,501,33,4,9,9,16,2,38,25,5,34,45,0,2,5,2233,13,3,0,0,0,2,23,0,0,0,0,1,0,1,2869,176,93,101,6,0,0,18,0,0,5,0,1005,656,8,4,789,1773,2640,2100,2,59,1,3,3,6,161,20,59,294,59,8,33,133,2,2,59,282,2,21,39,47,0,9,1,11,9,5,17,16,0,0,38,91,2,0,135,0,18,0,0,3,1,0,6,6,7,9,3,0,0,3,8,12,5,0,0,1,0,0,0,0,0,5,0,0,0,0,107,1,0,1,1,0,7,17,0,0,0,10,2,2,1,0,0,1,1,0,0,25,0,0,0,4,0,0,2,0,0,0,29,21,0,13,0,0,0,0,0,0,0,0,0,0,0,0,0,0,0,3,0,0,0,0,0,0,0,0,0,0,0,0,0,0,0,0,0,0,10,2,0,0,0,0,0,0,0,15,11,0,2,0,0,0,0,0,0,0,0,0,0,0,0,0,0,1,0,0,0,0,0,1,0,0,0,0,0,0,0,0,0,0,0,0,0,0,0,0,0,0,0,0,0,0,0,0,0,0,0,0,0,0,0,0,0,0
02e687e65301883c0f7e1bb631a65ec3,5.8,189,195,2547,177,80,75,471,1341,2789,1108,8,19,152,12,4047,32,64,0,2,121,711,1,40,2,2546,18,8,2,67,314,116,363,35,480,40,4,9,12,10,2,38,28,5,37,42,0,2,5,2550,7,3,0,0,0,2,21,0,0,0,0,1,0,1,2814,162,92,99,6,6,0,18,0,0,5,0,899,585,8,6,768,1607,2061,1909,0,59,1,2,2,5,145,18,10,197,10,8,43,129,2,1,59,264,3,21,45,53,0,13,1,11,7,5,17,16,0,0,48,91,2,0,135,0,23,0,0,2,0,0,6,6,7,9,3,0,0,3,8,12,5,0,0,1,0,0,0,0,0,5,0,0,0,0,107,1,0,1,1,0,10,23,0,0,0,7,2,2,1,0,0,1,1,0,0,28,0,0,0,4,0,0,2,0,0,0,12,21,0,13,0,0,0,0,0,0,0,0,0,0,0,0,0,0,0,3,0,0,0,0,0,0,0,0,0,0,0,0,0,0,0,0,0,0,7,0,0,0,0,0,0,0,0,11,4,0,2,0,0,0,0,0,0,0,0,0,0,0,0,0,0,1,0,0,0,0,0,1,0,0,0,0,0,0,0,0,0,0,0,0,0,0,0,0,0,0,0,0,0,0,0,0,0,0,0,0,0,0,0,0,0,0
02e23798832ddf81864591ff95ce9ac2,5.8,188,158,1725,201,73,68,451,1355,2788,1112,6,14,142,9,3971,32,90,0,1,101,671,1,35,1,2622,18,4,1,61,272,92,351,35,699,37,4,4,13,10,2,38,26,5,35,42,0,1,5,2626,7,3,0,0,0,2,24,0,0,0,0,1,0,1,2724,158,83,330,6,0,0,18,0,0,2,0,773,495,8,4,602,3779,2087,1925,0,57,0,0,0,4,146,8,15,202,15,7,57,129,0,2,47,254,2,20,43,51,0,8,0,10,1,0,11,8,0,0,45,88,2,0,135,0,18,0,0,2,0,0,6,6,7,9,3,0,0,3,8,12,5,0,0,1,0,0,0,0,0,5,0,0,0,0,107,1,0,1,1,0,6,17,0,0,0,7,2,2,1,0,0,1,1,0,0,26,0,0,0,4,0,0,2,0,0,0,12,21,0,13,0,0,0,0,0,0,0,0,0,0,0,0,0,0,0,0,0,0,0,0,0,0,0,0,0,0,0,0,0,0,0,0,0,0,7,0,0,0,0,0,0,0,0,11,4,0,2,0,0,0,0,0,0,0,0,0,0,0,0,0,0,1,0,0,0,0,0,1,0,0,0,0,0,0,0,0,0,0,0,0,0,0,0,0,0,0,0,0,0,0,0,0,0,0,0,0,0,0,0,0,0,0
02ec3cee2336033e6f0e626312a6c14d,2.4,79,171381,962,168,31,39,171,977,2437,717,4,12,59,6,1120,20,78,0,1,51,113,1,24,1,438,13,4,1,50,269,54,221,16,538,19,2,3,9,5,2,24,25,5,34,15,0,1,2,442,5,3,0,0,0,2,7,0,0,0,0,1,0,0,662,55,71,417,3,0,0,5,0,0,2,0,250,160,8,2,143,4268,524,232,0,21,0,0,0,3,43,0,3,83,6,3,24,115,0,1,26,161,2,6,22,32,0,2,0,2,0,0,9,8,0,0,16,39,0,0,135,0,15,0,0,2,0,0,6,3,6,3,1,0,0,0,8,12,2,0,0,1,0,0,0,0,0,5,0,0,0,0,54,1,0,1,1,0,6,12,0,0,0,4,2,2,0,0,0,1,1,0,0,25,0,0,0,0,0,0,0,0,0,0,6,2,0,13,0,0,0,0,0,0,0,0,0,0,0,0,0,0,0,0,0,0,0,0,0,0,0,0,0,0,0,0,0,0,0,0,0,0,4,0,0,0,0,0,0,0,0,4,0,0,2,0,0,0,0,0,0,0,0,0,0,0,0,0,0,0,0,0,0,0,0,0,0,0,0,0,0,0,0,0,0,0,0,0,0,0,0,0,0,0,0,0,0,0,0,0,0,0,0,0,0,0,0,0,0,0
02ef1d211ff92eeef6cc0f40147fcfe1,4.6,153,163,1749,197,73,75,369,1322,2770,1090,8,19,141,11,2537,21,87,0,2,82,524,1,27,2,1453,16,4,1,49,281,100,290,28,673,19,4,5,8,5,2,29,25,5,34,31,0,2,5,1457,5,3,0,0,0,5,20,0,0,0,0,1,0,0,2072,146,88,91,6,0,0,5,0,0,5,0,554,376,8,5,501,1206,1322,1052,0,58,1,2,2,6,140,13,5,156,8,6,33,125,2,2,43,217,2,11,21,31,0,9,1,9,7,5,11,8,0,0,26,89,0,0,135,0,23,0,0,2,0,0,6,6,6,6,1,0,0,0,8,12,5,0,0,1,0,0,0,0,0,5,0,0,0,0,107,1,0,1,1,0,8,16,0,0,0,3,2,2,0,0,0,0,1,0,0,25,0,0,0,0,0,0,0,0,0,0,3,21,0,13,0,0,0,0,0,0,0,0,0,0,0,0,0,0,0,3,0,0,0,0,0,0,0,0,0,0,0,0,0,0,0,0,0,0,3,0,0,0,0,0,0,0,0,3,0,0,2,0,0,0,0,0,0,0,0,0,0,0,0,0,0,1,0,0,0,0,0,1,0,0,0,0,0,0,0,0,0,0,0,0,0,0,0,0,0,0,0,0,0,0,0,0,0,0,0,0,0,0,0,0,0,0
02f65e3bf9a675442fbbdcee4771f2b9,4.2,100,162,2416,234,59,55,482,1279,2726,1033,5,10,42,8,4043,38,50,0,1,109,687,1,36,1,2657,13,4,1,65,443,78,398,41,303,28,5,8,20,5,2,33,44,5,51,48,0,1,4,2661,5,3,0,0,0,2,17,0,0,0,0,1,0,1,2394,161,64,39,6,2,0,0,0,0,2,0,776,499,8,4,517,1435,2211,274,0,22,0,0,0,4,149,8,10,109,10,7,39,129,0,2,52,279,2,22,42,55,0,8,0,10,1,0,11,8,0,0,41,41,2,0,135,0,10,0,0,2,0,0,6,6,6,9,3,0,0,3,8,12,4,0,0,1,0,0,0,0,0,5,0,0,0,0,107,2,0,1,1,0,2,6,0,0,0,3,2,2,0,0,0,1,0,0,0,44,0,0,0,0,0,0,0,0,0,0,3,2,0,13,0,0,0,0,0,0,0,0,0,0,0,0,0,0,0,3,0,0,0,0,0,0,0,0,0,0,0,0,0,0,0,0,0,0,3,0,0,0,0,0,0,0,0,3,0,0,0,0,0,0,0,0,0,0,0,0,0,0,0,0,0,1,0,0,0,0,0,0,0,0,0,0,0,0,0,0,0,0,0,0,0,0,0,0,0,0,0,0,0,0,0,0,0,0,0,0,0,0,0,0,0,0
02fc2eda2e4ab80e78ca98879541fc65,5.4,185,138,1707,230,75,71,454,1023,2477,791,4,19,145,9,2699,22,60,0,1,71,209,1,28,1,1495,17,4,1,54,315,91,371,40,455,27,4,6,12,5,2,32,28,6,38,45,0,1,5,1499,5,4,0,0,0,5,19,0,0,0,0,1,0,1,1928,96,87,80,6,0,0,5,0,0,2,0,601,381,8,3,253,782,1800,1106,2,54,0,0,0,4,83,2,5,189,7,4,27,127,0,1,43,266,2,12,29,41,0,5,0,8,0,0,11,8,0,0,22,91,0,0,135,0,23,0,0,3,1,0,4,6,9,6,1,0,0,1,8,12,5,0,0,1,0,0,0,0,0,5,0,0,0,0,107,2,0,1,1,0,8,16,0,0,0,3,2,2,0,0,0,1,1,0,0,28,0,0,0,0,0,0,0,0,0,0,3,21,0,13,0,0,0,0,0,0,0,0,0,0,0,0,0,0,0,3,0,0,0,0,0,0,0,0,0,0,0,0,0,0,0,0,0,0,3,0,0,0,0,0,0,0,0,3,0,0,2,0,0,0,0,0,0,0,0,0,0,0,0,0,0,0,0,0,0,0,0,1,0,0,0,0,0,0,0,0,0,0,0,0,0,0,0,0,0,0,0,0,0,0,0,0,0,0,0,0,0,0,0,0,0,0
2a2e474f84e1163cd9a37692d0b8092f,5.8,190,221,2663,225,80,93,530,1360,2794,1122,12,19,164,15,3696,32,104,0,4,146,745,1,41,4,2136,17,4,1,57,311,116,376,35,489,33,4,11,11,11,2,38,28,5,37,42,0,4,5,2140,7,3,0,0,0,2,23,0,0,0,0,1,0,1,2393,173,92,132,6,4,0,18,0,0,11,0,879,564,8,7,621,1673,1945,1697,0,59,3,7,7,4,153,36,10,197,10,10,43,132,7,3,61,282,2,22,42,50,0,11,3,13,21,15,11,8,0,0,38,91,2,0,135,0,23,0,0,2,0,0,6,6,7,9,3,0,0,3,8,12,5,0,0,1,0,0,0,0,0,5,0,0,0,0,107,1,0,1,1,0,10,23,0,0,0,7,2,2,1,0,0,1,1,0,0,28,0,0,0,4,0,0,2,0,0,0,12,21,0,13,0,0,0,0,0,0,0,0,0,0,0,0,0,0,0,3,0,0,0,0,0,0,0,0,0,0,0,0,0,0,0,0,0,0,7,0,0,0,0,0,0,0,0,11,4,0,2,0,0,0,0,0,0,0,0,0,0,0,0,0,0,1,0,0,0,0,0,1,0,0,0,0,0,0,0,0,0,0,0,0,0,0,0,0,0,0,0,0,0,0,0,0,0,0,0,0,0,0,0,0,0,0
2a3f50b057a91203208e5514cf7c06da,7.0,165,197,2560,225,81,81,475,1346,2821,1114,10,19,153,12,3805,41,78,0,2,125,719,1,41,2,2186,18,7,2,67,329,134,368,34,481,59,4,9,13,12,2,41,29,5,38,41,0,2,5,2191,25,3,0,0,0,4,32,0,0,0,0,1,0,1,2843,166,92,118,6,4,0,21,0,0,5,0,903,589,8,5,714,1701,1639,1765,4,58,1,2,2,5,151,18,19,182,10,8,33,129,3,1,68,264,2,21,48,56,0,9,1,11,7,5,17,16,2,1,49,93,3,2,136,0,23,0,0,3,1,0,6,6,7,9,3,0,0,3,8,12,5,0,0,1,0,0,0,0,0,5,0,0,0,0,107,1,0,1,1,0,10,23,0,0,0,9,2,2,1,0,0,1,1,0,0,29,0,0,0,4,0,0,2,0,0,0,22,21,0,13,0,0,0,0,0,0,0,0,0,0,0,0,0,0,0,3,0,0,0,0,0,0,0,0,0,0,0,0,0,0,0,0,0,0,9,0,0,0,0,0,0,0,0,14,8,0,2,0,0,0,0,0,0,0,0,0,0,0,0,0,0,1,0,0,0,0,0,1,0,0,0,0,0,0,0,0,0,0,0,0,0,0,0,0,0,0,0,0,0,0,0,0,0,0,0,0,0,0,0,0,0,0
2a5f7872cf9d775a897ab5cbcde512a2,4.0,148,123,1417,146,74,53,473,1298,2747,1072,5,19,135,7,4386,32,59,0,1,89,666,1,31,1,3034,18,4,1,65,314,112,379,40,491,36,2,5,12,5,2,38,28,5,37,47,0,0,4,3038,5,3,0,0,0,0,19,0,0,0,0,1,0,1,2342,160,87,264,6,2,0,5,0,0,2,0,781,503,8,5,826,3136,1692,2134,0,56,0,0,0,4,149,8,10,159,10,5,30,127,0,1,57,276,2,16,42,50,0,11,0,10,1,0,9,8,0,0,48,91,2,0,135,0,23,0,0,2,0,0,6,3,6,9,3,0,0,3,8,12,4,0,0,1,0,0,0,0,0,5,0,0,0,0,54,1,0,1,1,0,8,16,0,0,0,3,2,2,0,0,0,1,1,0,0,28,0,0,0,0,0,0,0,0,0,0,3,21,0,13,0,0,0,0,0,0,0,0,0,0,0,0,0,0,0,3,0,0,0,0,0,0,0,0,0,0,0,0,0,0,0,0,0,0,3,0,0,0,0,0,0,0,0,3,0,0,2,0,0,0,0,0,0,0,0,0,0,0,0,0,0,1,0,0,0,0,0,1,0,0,0,0,0,0,0,0,0,0,0,0,0,0,0,0,0,0,0,0,0,0,0,0,0,0,0,0,0,0,0,0,0,0
2a7d6f2562221746515a78b4c9660051,5.4,164,175,2513,173,79,68,442,1162,2614,932,6,19,149,9,2694,33,64,0,1,72,253,1,31,1,1368,18,4,1,65,313,104,366,38,489,36,4,8,12,5,2,38,28,5,37,45,0,1,5,1372,5,3,0,0,0,4,12,0,0,0,0,1,0,1,1945,91,87,87,6,4,0,5,0,0,2,0,761,484,8,3,236,996,1480,971,2,54,0,0,0,4,77,1,10,173,10,7,23,131,0,1,57,264,2,20,43,51,0,5,0,10,1,0,11,8,0,0,48,91,2,0,135,0,23,0,0,3,1,0,6,6,6,7,3,0,0,3,8,12,5,0,0,1,0,0,0,0,0,5,0,0,0,0,107,1,0,1,1,0,8,16,0,0,0,3,2,2,0,0,0,1,1,0,0,28,0,0,0,0,0,0,0,0,0,0,3,21,0,13,0,0,0,0,0,0,0,0,0,0,0,0,0,0,0,3,0,0,0,0,0,0,0,0,0,0,0,0,0,0,0,0,0,0,3,0,0,0,0,0,0,0,0,3,0,0,2,0,0,0,0,0,0,0,0,0,0,0,0,0,0,1,0,0,0,0,0,1,0,0,0,0,0,0,0,0,0,0,0,0,0,0,0,0,0,0,0,0,0,0,0,0,0,0,0,0,0,0,0,0,0,0
2a22bb81cf8e78152f65513f61874ea0,5.8,291,151,1713,193,80,72,449,1466,2818,1215,4,19,152,9,3261,33,169,0,1,104,702,1,32,1,1792,18,4,1,67,331,122,372,34,502,37,4,6,14,17,2,38,29,6,39,41,0,1,5,1796,13,4,0,0,0,2,22,0,0,0,0,1,0,1,3863,168,92,93,14,0,0,18,0,0,4,0,772,498,8,9,942,1620,3186,2397,3,60,0,1,1,5,157,9,55,345,55,6,112,121,0,1,59,267,3,24,48,58,0,5,0,10,1,0,11,8,0,0,50,138,2,0,135,0,23,0,0,2,0,0,4,6,9,9,3,0,0,3,8,12,5,0,0,1,0,0,0,0,0,5,0,0,0,0,107,2,0,1,1,0,10,23,0,0,0,20,2,2,1,0,0,1,1,0,0,29,0,0,0,4,0,0,2,0,0,0,60,21,0,13,0,0,0,0,0,0,0,0,0,0,0,0,0,0,0,3,0,0,0,0,0,0,0,0,0,0,0,0,0,0,0,0,0,0,20,2,0,0,0,0,0,0,0,33,24,0,2,0,0,0,0,0,0,0,0,0,0,0,0,0,0,1,0,0,0,0,0,1,0,0,0,0,0,0,0,0,0,0,0,0,0,0,0,0,0,0,0,0,0,0,0,0,0,0,0,0,0,0,0,0,0,0
1da898427611538b9666e371633abf83,7.4,1,45,822,107,77,62,10,83,43,189,3,0,195,1,136,0,39,1,0,4,3,0,2,0,0,4,0,0,49,26,6,39007,1,1,12,13,25,0,0,0,4,3,0,0,0,0,0,0,6,0,0,5,0,0,0,4,828,27,591,1,0,0,0,802,2,5,2,16,0,0,0,0,0,1,0,0,0,0,0,0,22,0,0,0,2,0,4,0,0,2,0,0,0,0,2,0,0,0,0,5,0,2,0,0,4,1,0,0,0,0,0,3,0,0,0,3,1,0,0,0,0,10,0,0,0,0,1,0,0,11,0,0,0,0,6,2,0,0,0,0,0,0,0,4,0,0,0,0,0,0,0,0,1,1,0,0,0,18,20,2,4,0,7,3,3,0,0,0,0,0,0,0,3,0,0,0,13,0,0,0,0,0,0,12,8,0,0,0,0,0,0,0,0,0,0,0,0,0,0,0,0,0,0,0,0,3,3,0,0,0,0,0,0,0,0,0,0,0,0,0,0,7,0,0,0,0,0,0,0,0,0,0,0,0,0,0,0,0,0,0,0,0,0,0,0,0,0,0,0,0,0,0,0,0,0,0,0,0,0,0,0,0,0,0,0,0,0,0,0,0,0,0,0,0,0,0,0,0,0,0,0,0,0,0,0,0,0,0,0
2a25c0403076546e1c671b0918227a27,7.0,292,171,1836,287,81,85,472,1476,2856,1225,8,19,153,12,3111,42,85,0,2,149,784,1,37,2,1388,17,7,2,63,328,140,367,33,488,52,4,7,12,19,2,41,28,6,38,40,0,2,5,1393,31,4,0,0,0,5,32,0,0,0,0,1,0,1,3835,179,92,135,14,0,0,21,0,0,7,0,979,644,8,9,839,1929,3338,2327,9,62,1,3,3,7,167,21,64,354,55,7,102,123,3,1,70,267,3,25,47,57,0,3,1,11,7,5,17,16,2,1,41,140,3,2,136,0,23,0,0,3,1,0,4,6,9,9,3,0,0,3,8,12,5,0,0,1,0,0,0,0,0,5,0,0,0,0,107,2,0,1,1,0,10,23,0,0,0,20,2,2,1,0,0,1,1,0,0,28,0,0,0,4,0,0,2,0,0,0,59,21,0,13,0,0,0,0,0,0,0,0,0,0,0,0,0,0,0,3,0,0,0,0,0,0,0,0,0,0,0,0,0,0,0,0,0,0,20,0,0,0,0,0,0,0,0,32,23,0,2,0,0,0,0,0,0,0,0,0,0,0,0,0,0,1,0,0,0,0,0,1,0,0,0,0,0,0,0,0,0,0,0,0,0,0,0,0,0,0,0,0,0,0,0,0,0,0,0,0,0,0,0,0,0,0
2a28c1abb308cc17c47de9aca269f2c7,6.6,278,205,2646,261,89,80,473,1398,2806,1170,10,19,153,12,3265,36,70,0,2,133,798,1,49,2,1597,18,7,2,71,290,138,357,32,488,58,5,9,10,18,2,41,24,5,33,39,0,2,6,1602,15,3,0,0,0,2,28,0,0,0,0,1,0,1,3976,173,92,621,6,2,0,21,0,0,5,0,1030,678,8,14,1005,7112,3140,2598,5,67,1,3,3,7,160,21,64,340,55,8,112,121,2,2,70,266,3,23,49,61,0,18,1,11,7,5,17,16,2,1,49,93,3,0,135,2,23,0,0,2,0,0,6,6,7,9,3,0,0,3,8,12,6,0,0,1,0,0,0,0,0,5,0,0,0,0,107,1,0,1,1,0,10,23,0,0,0,20,2,2,1,0,0,1,1,0,0,24,0,0,0,4,0,0,2,0,0,0,60,21,0,13,0,0,0,0,0,0,0,0,0,0,0,0,0,0,0,3,0,0,0,0,0,0,0,0,0,0,0,0,0,0,0,0,0,0,20,0,0,0,0,0,0,0,0,34,24,0,2,0,0,0,0,0,0,0,0,0,0,0,0,0,0,1,0,0,0,0,0,1,0,0,0,0,0,0,0,0,0,0,0,0,0,0,0,0,0,0,0,0,0,0,0,0,0,0,0,0,0,0,0,0,0,0
2a738f686720782d32e003035c364638,6.2,219,1243,2992,222,70,67,501,1423,2814,1204,9,19,143,10,3385,32,96,0,2,128,835,1,37,2,1728,23,7,2,63,295,134,375,37,688,50,2,4,13,43,2,41,25,5,34,44,0,1,4,1733,19,3,0,0,0,1,27,0,0,0,0,1,0,1,3783,178,93,112,6,0,0,21,0,0,6,0,1031,682,8,12,1123,1840,2870,2476,6,112,1,4,4,7,168,21,128,347,119,7,95,121,2,2,70,281,3,19,42,50,0,6,1,11,7,5,15,16,2,1,39,93,3,0,135,2,23,0,0,2,0,0,6,3,7,9,3,0,0,3,8,12,4,0,0,1,0,0,0,0,0,5,0,0,0,0,54,1,0,1,1,0,10,23,0,0,0,20,2,2,1,0,0,1,1,0,0,25,0,0,0,4,0,0,2,0,0,0,59,21,0,13,0,0,0,0,0,0,0,0,0,0,0,0,0,0,0,3,0,0,0,0,0,0,0,0,0,0,0,0,0,0,0,0,0,0,20,0,0,0,0,0,0,0,0,33,23,0,2,0,0,0,0,0,0,0,0,0,0,0,0,0,0,1,0,0,0,0,0,1,0,0,0,0,0,0,0,0,0,0,0,0,0,0,0,0,0,0,0,0,0,0,0,0,0,0,0,0,0,0,0,0,0,0
2a896d5363bf9d8c1482c268452a11ce,6.6,283,205,2630,230,75,79,488,1404,2818,1164,10,20,145,12,3325,32,67,0,2,130,776,1,38,2,1674,17,7,2,63,295,136,366,36,514,50,4,9,9,18,2,41,25,5,34,43,0,2,5,1679,15,3,0,0,0,2,27,0,0,0,0,1,0,1,4106,177,96,106,6,0,0,21,0,0,5,0,981,647,8,11,953,2340,3405,2522,5,67,1,3,3,7,164,21,69,350,60,8,108,123,2,2,70,275,3,23,43,51,0,9,1,11,7,5,17,16,2,1,39,93,3,0,135,2,23,0,0,2,0,0,6,6,7,9,3,0,0,3,8,12,5,0,0,1,0,0,0,0,0,5,0,0,0,0,107,1,0,1,1,0,10,23,0,0,0,22,2,2,1,0,0,1,1,0,0,25,0,0,0,4,0,0,2,0,0,0,67,21,0,13,0,0,0,0,0,0,0,0,0,0,0,0,0,0,0,3,0,0,0,0,0,0,0,0,0,0,0,0,0,0,0,0,0,0,22,2,0,0,0,0,0,0,0,38,27,0,2,0,0,0,0,0,0,0,0,0,0,0,0,0,0,1,0,0,0,0,0,1,0,0,0,0,0,0,0,0,0,0,0,0,0,0,0,0,0,0,0,0,0,0,0,0,0,0,0,0,0,0,0,0,0,0
2a4375a575265433def166a94cae2bf0,6.6,284,225,2720,286,82,88,496,1400,2815,1163,14,19,166,15,3804,32,65,0,3,156,826,1,51,3,2034,18,10,3,73,329,154,371,35,490,77,4,10,12,19,2,44,28,5,37,42,0,3,5,2040,17,3,0,0,0,4,29,0,0,0,0,1,0,1,3766,180,92,114,6,2,0,24,0,0,8,0,1108,739,8,12,1192,2100,3119,2525,3,67,2,5,5,8,164,31,73,354,55,9,98,123,4,1,81,264,3,24,54,62,0,11,2,12,13,10,23,24,4,2,50,95,4,0,135,4,23,0,0,2,0,0,6,6,7,9,3,0,0,3,8,12,5,0,0,1,0,0,0,0,0,5,0,0,0,0,107,1,0,1,1,0,10,23,0,0,0,18,2,2,1,0,0,1,1,0,0,28,0,0,0,4,0,0,2,0,0,0,53,21,0,13,0,0,0,0,0,0,0,0,0,0,0,0,0,0,0,3,0,0,0,0,0,0,0,0,0,0,0,0,0,0,0,0,0,0,18,0,0,0,0,0,0,0,0,29,21,0,2,0,0,0,0,0,0,0,0,0,0,0,0,0,0,1,0,0,0,0,0,1,0,0,0,0,0,0,0,0,0,0,0,0,0,0,0,0,0,0,0,0,0,0,0,0,0,0,0,0,0,0,0,0,0,0
2a38060ad021666ef73102b874c5a62f,3.6,97,131,1650,124,58,50,28,650,462,528,2,15,41,7,358,2,28,0,1,48,23,1,12,1,12,2,4,1,0,231,40,112,1,231,9,5,6,9,10,0,1,24,2,25,1,0,1,4,16,7,1,0,0,0,2,9,0,0,0,0,1,0,0,2105,25,65,43,8,0,0,18,0,0,4,0,6,0,8,2,6,473,2663,3038,0,19,0,0,0,0,16,0,3,99,6,5,13,2,0,2,1,28,2,8,8,12,0,0,0,0,0,0,10,8,0,0,5,76,0,0,135,0,10,0,0,2,0,0,6,6,8,0,0,0,0,0,8,12,4,0,0,1,0,0,0,0,0,5,0,0,0,0,107,0,0,0,0,0,4,13,0,0,0,4,2,2,1,0,0,0,0,0,0,23,0,0,0,4,0,0,2,0,0,0,12,2,0,13,0,0,0,0,0,0,0,0,0,0,0,0,0,0,0,0,0,0,0,0,0,0,0,0,0,0,0,0,0,0,0,0,0,0,4,0,0,0,0,0,0,0,0,4,4,0,2,0,0,0,0,0,0,0,0,0,0,0,0,0,0,0,0,0,0,0,0,0,0,0,0,0,0,0,0,0,0,0,0,0,0,0,0,0,0,0,0,0,0,0,0,0,0,0,0,0,0,0,0,0,0,0
2a94804f1719ae5c0402efede3e71840,6.2,298,176,1629,264,76,76,519,1419,2815,1200,13,20,139,13,3743,32,57,0,3,160,884,1,50,3,1905,24,10,3,75,332,154,390,38,497,77,2,7,16,44,2,44,28,5,37,45,0,2,4,1911,21,3,0,0,0,2,28,0,0,0,0,1,0,1,3920,188,95,598,6,3,0,24,0,0,9,0,1210,812,8,16,1005,7041,3865,2840,7,116,2,6,6,18,174,33,134,431,116,8,105,123,4,1,81,276,4,20,53,61,0,8,2,12,15,10,21,24,4,2,50,95,4,0,135,4,18,0,0,2,0,0,6,3,7,9,3,0,0,3,8,12,4,0,0,1,0,0,0,0,0,5,0,0,0,0,54,1,0,1,1,0,7,17,0,0,0,21,2,2,1,0,0,1,1,0,0,28,0,0,0,4,0,0,2,0,0,0,64,21,0,13,0,0,0,0,0,0,0,0,0,0,0,0,0,0,0,3,0,0,0,0,0,0,0,0,0,0,0,0,0,0,0,0,0,0,21,0,0,0,0,0,0,0,0,31,26,0,2,0,0,0,0,0,0,0,0,0,0,0,0,0,0,1,0,0,0,0,0,1,0,0,0,0,0,0,0,0,0,0,0,0,0,0,0,0,0,0,0,0,0,0,0,0,0,0,0,0,0,0,0,0,0,0
2a97749ab72914f449f3e6efaf63017b,6.8,261,155,1536,284,75,67,499,1412,2801,1196,9,19,138,10,3608,32,58,0,2,131,854,1,42,2,1926,24,8,2,71,331,134,371,32,480,57,2,6,17,43,2,41,29,5,38,41,0,1,4,1931,19,3,0,0,0,1,29,0,0,0,0,1,0,1,3794,175,92,115,6,2,0,21,0,0,6,0,1136,748,8,14,1012,2232,3289,2541,8,111,1,4,4,7,164,21,124,385,115,7,100,123,2,1,70,266,3,19,48,56,0,7,1,13,7,5,15,16,2,1,49,93,3,0,135,2,18,0,0,3,1,0,6,3,7,9,3,0,0,3,8,12,4,0,0,1,0,0,0,0,0,5,0,0,0,0,54,1,0,1,1,0,7,17,0,0,0,19,2,2,1,0,0,1,1,0,0,29,0,0,0,4,0,0,2,0,0,0,58,21,0,13,0,0,0,0,0,0,0,0,0,0,0,0,0,0,0,3,0,0,0,0,0,0,0,0,0,0,0,0,0,0,0,0,0,0,19,0,0,0,0,0,0,0,0,35,24,0,2,0,0,0,0,0,0,0,0,0,0,0,0,0,0,1,0,0,0,0,0,1,0,0,0,0,0,0,0,0,0,0,0,0,0,0,0,0,0,0,0,0,0,0,0,0,0,0,0,0,0,0,0,0,0,0
2a730574d4248d854cdd7a26374ac184,5.6,166,131342,1407,431,71,101,530,1392,2880,1143,18,18,132,19,2679,50,137,0,5,192,892,1,66,5,621,18,16,5,69,290,164,362,33,696,87,2,7,10,16,2,44,24,5,33,40,0,4,4,627,43,3,0,0,0,4,45,0,0,0,0,1,0,1,2129,180,91,712,6,0,0,24,0,0,14,0,1202,808,8,13,652,6596,2161,1713,5,72,4,9,9,6,161,50,43,206,16,9,99,124,11,4,78,256,3,20,56,64,0,14,4,14,29,20,33,40,6,2,50,95,4,4,137,0,18,0,0,2,0,0,6,3,7,9,3,0,0,3,8,12,4,0,0,1,0,0,0,0,0,5,0,0,0,0,54,1,0,1,1,0,7,17,0,0,0,20,2,2,1,0,0,1,1,0,0,24,0,0,0,4,0,0,2,0,0,0,59,21,0,13,0,0,0,0,0,0,0,0,0,0,0,0,0,0,0,0,0,0,0,0,0,0,0,0,0,0,0,0,0,1,0,0,0,0,20,0,0,0,0,0,0,0,0,31,23,0,2,0,0,0,0,0,0,0,0,0,0,0,0,0,0,1,0,0,0,0,0,1,0,0,0,0,0,0,0,0,0,0,0,0,0,0,0,0,0,0,0,0,0,0,0,0,0,0,0,0,0,0,0,0,0,0
2a871277c4c3a355af60e3c4de20bb50,4.4,77,108,987,103,135,49,7,602,443,647,43,0,247,2,263,13,30,7,1,36,27,1,10,1,5,6,0,0,0,46,52,30,0,19,15,13,4,0,7,0,0,3,0,8,0,16,0,4,9,6,2,0,0,0,3,35,0,0,0,0,0,0,0,441,16,13,24,0,1,0,19,1,1,1,0,2,0,8,3,0,76,103,2873,1,49,0,0,0,0,14,0,15,92,17,4,6,0,0,2,0,0,2,4,5,10,0,0,0,0,0,0,4,0,0,0,6,23,0,2862,135,5,15,0,0,2,2,0,4,0,8,8,0,0,0,8,14,12,4,0,0,0,0,0,0,0,0,12,0,0,0,0,235,0,0,0,0,0,15,21,0,0,0,2,3,3,5,0,0,0,1,17,0,3,0,11,0,7,1,9,2,0,0,0,5,10,0,55,1,1,1,1,1,1,0,0,0,2,0,0,0,0,0,0,0,0,2,3,0,0,0,0,0,0,0,0,0,0,0,0,0,0,2,0,0,0,0,0,0,0,0,2,1,0,0,0,0,0,0,0,0,0,0,0,0,0,4,0,0,0,0,1,0,0,0,0,0,0,0,0,0,0,0,0,0,0,0,0,0,0,0,0,0,0,0,0,0,0,0,0,0,0,0,0,0,0,0,0,0,0
2a4243535b0693f6c44198961ad2694c,6.8,84,573,2107,312,132,80,511,1437,2825,1261,13,15,197,13,1742,32,122,0,3,154,891,1,53,3,14,20,11,3,69,357,122,377,35,647,78,3,5,16,44,2,44,33,5,40,42,0,2,5,20,21,4,0,0,0,2,31,0,0,0,0,1,0,1,2352,181,80,1236,6,1,0,40,1,1,9,0,1118,746,8,24,1202,12846,2833,1765,9,83,2,6,6,8,167,31,135,218,117,9,126,123,4,2,71,256,3,20,52,60,0,13,2,12,15,10,21,24,4,2,45,69,4,0,135,4,23,0,0,3,1,0,6,3,9,9,3,0,0,3,15,12,5,0,0,1,0,0,0,0,0,5,0,0,0,0,54,0,0,1,1,0,11,23,0,0,0,12,2,2,2,0,0,1,1,16,0,33,0,2,0,7,1,32,2,0,0,0,27,21,0,55,1,1,1,1,1,1,0,0,0,0,0,0,0,0,0,0,0,0,0,0,0,0,0,0,0,0,0,0,0,0,0,0,0,0,12,0,0,0,0,0,0,0,0,12,11,0,2,0,0,0,0,0,0,0,0,0,0,0,0,0,0,1,0,0,0,0,0,0,0,0,0,0,0,0,0,0,0,0,0,0,0,0,0,0,0,0,0,0,0,0,0,0,0,0,0,0,0,0,0,0,0,0
2a5784172ff58fe64227fde3536f0036,2.6,39,131172,131974,10,10,17,21,256,143,146,2,0,21,2,163,2,3,0,1,17,131108,1,8,1,7,0,5,1,0,300,4,95,1,23,7,0,1,9,1,0,1,35,1,37,1,0,0,2,7,5,1,0,0,0,0,7,2,2,79,0,0,0,0,27,6,23,3,0,0,0,5,0,0,1,0,0,0,8,0,0,122,0,0,0,1,0,0,0,0,3,0,0,42,3,2,2,2,0,1,1,14,2,4,5,7,0,0,0,0,0,0,7,8,0,0,1,25,0,0,12,0,5,0,0,2,0,0,6,3,5,0,0,0,0,0,6,9,2,0,0,0,0,0,0,0,0,0,0,0,0,0,54,0,0,0,0,0,2,6,0,0,0,1,2,2,0,0,0,0,0,0,0,35,0,0,0,0,0,0,0,0,0,0,0,0,0,0,0,0,0,0,0,0,0,0,0,0,0,0,0,0,0,0,0,0,0,0,0,0,0,0,0,0,0,0,0,0,0,0,0,0,1,0,0,0,0,0,0,0,0,1,0,0,2,0,0,0,0,0,0,0,0,0,0,0,0,0,0,0,0,0,0,0,0,0,0,0,0,0,0,0,0,0,0,0,0,0,0,0,0,0,0,0,0,0,0,0,0,0,0,0,0,0,0,0,0,0,0,0
2a3195069216b6d75cec79292e70e169,6.4,246,177,2507,176,80,68,445,1391,2791,1167,6,19,152,9,3274,36,75,0,2,99,720,1,34,1,1749,18,5,1,67,314,118,365,33,487,37,4,8,12,17,2,38,28,5,37,40,0,1,5,1753,13,3,0,0,0,2,23,0,0,0,0,1,0,1,3918,164,92,115,6,4,0,18,0,0,2,0,926,602,8,10,1038,2527,2905,2382,9,77,0,1,1,5,153,9,55,300,55,7,98,125,0,1,59,266,3,24,48,56,0,10,0,16,1,0,11,8,0,0,48,91,2,0,135,0,23,0,0,4,2,0,6,6,7,9,3,0,0,3,8,12,5,0,0,1,0,0,0,0,0,5,0,0,0,0,107,1,0,1,1,0,10,23,0,0,0,19,2,2,1,0,0,1,1,0,0,28,0,0,0,4,0,0,2,0,0,0,56,21,0,13,0,0,0,0,0,0,0,0,0,0,0,0,0,0,0,3,1,0,0,0,0,0,0,0,0,0,0,0,0,0,0,0,0,0,19,0,0,0,0,0,0,0,0,30,22,0,2,0,0,0,0,0,0,0,0,0,0,0,0,0,0,1,0,0,0,0,0,1,0,0,0,0,0,0,0,0,0,0,0,0,0,0,0,0,0,0,0,0,0,0,0,0,0,0,0,0,0,0,0,0,0,0
2ab1e89ab23b22d41f48b873f0e1dca6,6.6,247,199,2591,285,80,81,497,1400,2805,1170,10,20,140,12,2802,33,64,0,2,134,1186,1,42,2,1153,18,8,2,69,289,136,360,34,500,57,4,9,10,18,2,41,24,5,33,41,0,2,5,1158,15,3,0,0,0,5,32,0,0,0,0,1,0,1,3516,239,96,104,6,2,0,21,0,0,5,0,931,616,8,10,913,1878,2737,2129,2,69,1,3,3,6,231,21,65,310,56,8,108,125,2,1,70,266,3,23,49,57,0,8,1,11,9,5,17,16,2,1,49,93,3,0,135,2,18,0,0,2,0,0,6,6,7,9,3,0,0,3,8,12,5,0,0,1,0,0,0,0,0,5,0,0,0,0,107,1,0,1,1,0,7,17,0,0,0,19,2,2,1,0,0,1,1,0,0,24,0,0,0,4,0,0,2,0,0,0,57,21,0,13,0,0,0,0,0,0,0,0,0,0,0,0,0,0,0,3,0,0,0,0,0,0,0,0,0,0,0,0,0,0,0,0,0,0,19,0,0,0,0,0,0,0,0,32,23,0,2,0,0,0,0,0,0,0,0,0,0,0,0,0,0,1,0,0,0,0,0,1,0,0,0,0,0,0,0,0,0,0,0,0,0,0,0,0,0,0,0,0,0,0,0,0,0,0,0,0,0,0,0,0,0,0
2ab49f93c4df33c9b453d6490bb0d83b,6.4,338,2202,4493,185,66,68,444,1400,2803,1162,6,19,144,10,2870,32,84,0,1,98,707,1,34,1,1368,18,5,1,75,287,126,351,33,673,37,4,4,10,17,2,38,24,5,33,40,0,1,5,1372,13,3,0,0,0,2,25,0,0,0,0,1,0,1,4431,164,93,123,6,0,0,18,0,0,2,0,779,507,8,11,920,2539,3841,2505,17,60,0,1,1,5,154,9,56,393,56,8,119,121,0,1,79,284,3,22,44,52,0,6,0,10,1,0,11,8,0,0,48,91,2,0,135,0,23,0,0,3,1,0,6,6,7,9,3,0,0,3,8,12,5,0,0,1,0,0,0,0,0,5,0,0,0,0,107,1,0,1,1,0,10,23,0,0,0,60,2,2,1,0,0,1,1,0,0,24,0,0,0,4,0,0,2,0,0,0,150,21,0,13,0,0,0,0,0,0,0,0,0,0,0,0,0,0,0,9,0,0,0,0,0,0,0,0,0,0,0,0,0,0,0,0,0,0,60,0,0,0,0,0,0,0,0,83,34,0,2,0,0,0,0,0,0,0,0,0,0,0,0,0,0,1,0,0,0,0,0,1,0,0,0,0,0,0,0,0,0,0,0,0,0,0,0,0,0,0,0,0,0,0,0,0,0,0,0,0,0,0,0,0,0,0
2ab961ada41002a0fde33b8aff84a55d,6.8,110,200,1950,334,129,91,501,1430,2822,1237,14,14,192,15,1655,32,181,0,3,145,816,1,55,3,15,14,10,3,65,367,126,369,35,657,78,5,6,13,20,2,44,33,4,39,42,0,3,6,21,17,3,0,0,0,4,35,0,0,0,0,1,0,1,2457,178,78,897,6,5,0,37,1,1,8,0,945,627,8,11,1172,9069,2095,1261,9,32,2,6,6,6,162,31,74,181,56,9,118,124,5,3,71,256,3,24,54,61,0,8,2,12,13,10,23,24,4,2,45,68,4,0,135,4,23,0,0,3,1,0,6,6,10,9,3,0,0,3,12,12,6,0,0,1,0,0,0,0,0,5,0,0,0,0,107,0,0,1,1,0,12,23,0,0,0,10,2,2,3,0,0,1,1,25,0,33,0,2,0,9,1,29,2,0,0,0,25,21,0,55,1,1,1,2,2,2,0,0,0,0,0,0,0,0,0,0,0,0,0,0,0,0,0,0,0,0,0,0,0,0,0,0,0,0,10,0,0,0,0,0,0,0,0,10,9,0,2,0,0,0,0,0,0,0,0,0,0,0,0,0,0,1,0,0,0,0,0,0,0,0,0,0,0,0,0,0,0,0,0,0,0,0,0,0,0,0,0,0,0,0,0,0,0,0,0,0,0,0,0,0,0,0
2abb544f3b3216691c56f57633fe3a39,6.6,261,203,2630,255,81,79,497,1395,2802,1169,10,19,153,13,3179,32,92,0,2,133,1178,1,38,2,1565,17,8,2,61,285,136,354,33,486,50,4,9,9,18,2,41,24,5,33,40,0,2,5,1570,15,3,0,0,0,3,29,0,0,0,0,1,0,1,4231,239,93,99,6,2,0,21,0,0,5,0,927,615,8,12,986,2076,2768,2538,8,64,1,3,3,6,226,21,65,324,56,9,108,123,2,1,70,269,3,23,43,51,0,8,1,11,7,5,17,16,2,1,39,93,3,0,135,2,23,0,0,2,0,0,6,6,7,9,3,0,0,3,8,12,5,0,0,1,0,0,0,0,0,5,0,0,0,0,107,1,0,1,1,0,10,23,0,0,0,22,2,2,1,0,0,1,1,0,0,24,0,0,0,4,0,0,2,0,0,0,64,21,0,13,0,0,0,0,0,0,0,0,0,0,0,0,0,0,0,3,0,0,0,0,0,0,0,0,0,0,0,0,0,0,0,0,0,0,22,0,0,0,0,0,0,0,0,31,24,0,2,0,0,0,0,0,0,0,0,0,0,0,0,0,0,1,0,0,0,0,0,1,0,0,0,0,0,0,0,0,0,0,0,0,0,0,0,0,0,0,0,0,0,0,0,0,0,0,0,0,0,0,0,0,0,0
2ac5a900b3b1b6cdc32508ff022eb73f,5.6,267,98,607,248,80,71,484,1465,2818,1215,4,19,152,9,3146,33,72,0,1,119,720,1,29,1,1611,17,4,1,59,328,122,391,41,695,30,4,2,13,17,2,38,29,6,39,48,0,1,5,1615,13,4,0,0,0,2,21,0,0,0,0,1,0,1,4167,174,92,91,14,0,0,18,0,0,4,0,786,506,8,9,1054,2056,3211,2531,5,60,0,1,1,5,164,9,55,321,55,6,112,125,0,1,59,286,3,24,42,51,0,6,0,10,1,0,11,8,0,0,40,138,2,0,135,0,23,0,0,2,0,0,6,6,8,9,3,0,0,3,8,12,5,0,0,1,0,0,0,0,0,5,0,0,0,0,107,2,0,1,1,0,10,23,0,0,0,21,2,2,1,0,0,1,1,0,0,29,0,0,0,4,0,0,2,0,0,0,65,21,0,13,0,0,0,0,0,0,0,0,0,0,0,0,0,0,0,3,0,0,0,0,0,0,0,0,0,0,0,0,0,0,0,0,0,0,21,0,0,0,0,0,0,0,0,36,27,0,2,0,0,0,0,0,0,0,0,0,0,0,0,0,0,1,0,0,0,0,0,1,0,0,0,0,0,0,0,0,0,0,0,0,0,0,0,0,0,0,0,0,0,0,0,0,0,0,0,0,0,0,0,0,0,0
0d4643fec16709341e2a956fe0829e16,10.8,2,107,6467,138,48,4310,42,213,235,456,8,4,32,9,23565,3,25,6,6,158,289,4,55,4,10,32,6,5,171,11167,11164,11185,9,22357,195,10,344,5,253,1,3723,5,7439,4327,4,3,2,0,31,229,1,396,0,0,2,11,5,5,203,11,2,2,3,793,17,7455,40,40,5,4,2,1,1,1,0,325,278,1,5,1504,1017,836,168,3,43,0,3,3,1,15,6,106,108,106,1,79,1,1,2,3719,3726,1,0,1,1,22,191,1,0,0,0,0,0,0,40893,3717,81789,0,0,0,0,4400,1,0,1,1,0,0,0,0,0,3,0,0,0,0,0,0,0,0,0,0,0,0,0,0,0,0,0,0,0,0,0,0,0,0,0,0,0,0,0,0,0,0,0,0,0,0,1,0,0,0,0,0,0,0,0,0,0,0,0,0,0,0,0,0,0,0,0,0,0,0,0,0,0,0,0,0,0,0,0,0,0,1,0,0,0,0,0,0,0,0,0,0,0,0,0,0,0,0,0,0,0,1,1,7434,0,0,0,0,0,0,0,0,0,0,0,0,0,0,0,0,0,0,0,0,0,0,0,0,0,0,0,0,0,0,0,0,0,0,0,0,0,0,0,0,0,0,0,0,0,0,0,0,0,0,0,0,0,0,0,0,0,0,0,0,0,0,0
2ac5fef373ac7bc2b287f3c0c0c68584,6.6,272,220,2684,300,81,87,494,1414,2815,1174,14,19,141,15,3032,32,85,0,3,144,818,1,49,3,1308,18,10,3,69,329,154,370,34,489,77,4,10,12,20,2,44,28,5,37,41,0,3,5,1314,17,3,0,0,0,4,32,0,0,0,0,1,0,1,3793,178,92,130,6,4,0,24,0,0,8,0,958,638,8,11,1173,1876,3040,2411,8,65,2,6,6,6,162,31,73,342,55,9,108,124,5,3,81,264,3,24,54,62,0,8,2,12,13,10,23,24,4,2,50,95,4,0,135,4,18,0,0,2,0,0,6,6,7,9,3,0,0,3,8,12,5,0,0,1,0,0,0,0,0,5,0,0,0,0,107,1,0,1,1,0,7,17,0,0,0,21,2,2,1,0,0,1,1,0,0,28,0,0,0,4,0,0,2,0,0,0,66,21,0,13,0,0,0,0,0,0,0,0,0,0,0,0,0,0,0,3,0,0,0,0,0,0,0,0,0,0,0,0,0,0,0,0,0,0,21,0,0,0,0,0,0,0,0,39,28,0,2,0,0,0,0,0,0,0,0,0,0,0,0,0,0,1,0,0,0,0,0,1,0,0,0,0,0,0,0,0,0,0,0,0,0,0,0,0,0,0,0,0,0,0,0,0,0,0,0,0,0,0,0,0,0,0
2ac46bb9b2f15f4f599bfedf69934839,7.2,281,242,2800,342,82,101,523,1427,2853,1196,18,19,142,19,3215,41,102,0,4,177,886,1,52,4,1252,17,13,4,65,333,172,371,35,486,92,4,11,11,22,2,47,28,5,37,42,0,4,5,1259,35,3,0,0,0,7,41,0,0,0,0,1,0,1,3543,188,92,143,6,4,0,27,0,0,11,0,1168,784,8,15,1130,2200,3007,2471,11,69,3,8,8,8,172,43,83,360,56,11,108,126,8,3,92,266,3,25,53,61,0,13,3,13,21,15,29,32,6,3,41,97,5,2,136,4,18,0,0,3,1,0,6,6,7,9,3,0,0,3,8,12,5,0,0,1,0,0,0,0,0,5,0,0,0,0,107,1,0,1,1,0,7,17,0,0,0,21,2,2,1,0,0,1,1,0,0,28,0,0,0,4,0,0,2,0,0,0,64,21,0,13,0,0,0,0,0,0,0,0,0,0,0,0,0,0,0,3,0,0,0,0,0,0,0,0,0,0,0,0,0,0,0,0,0,0,21,0,0,0,0,0,0,0,0,39,26,0,2,0,0,0,0,0,0,0,0,0,0,0,0,0,0,1,0,0,0,0,0,1,0,0,0,0,0,0,0,0,0,0,0,0,0,0,0,0,0,0,0,0,0,0,0,0,0,0,0,0,0,0,0,0,0,0
2ac4870308086569ff60438a1d90d7f0,5.8,228,180,2512,172,79,68,446,1388,2790,1153,6,19,139,9,3091,32,74,0,1,98,708,1,34,1,1636,18,4,1,67,314,118,362,34,488,37,4,8,12,17,2,38,28,5,37,41,0,1,5,1640,13,3,0,0,0,2,25,0,0,0,0,1,0,1,4185,165,93,90,6,0,0,18,0,0,2,0,769,499,8,11,1056,1999,2559,2318,5,63,0,1,1,11,154,9,55,282,55,7,108,123,0,1,59,266,3,22,44,52,0,10,0,10,1,0,11,8,0,0,48,91,2,0,135,0,23,0,0,2,0,0,6,6,7,9,3,0,0,3,8,12,5,0,0,1,0,0,0,0,0,5,0,0,0,0,107,1,0,1,1,0,7,17,0,0,0,20,2,2,1,0,0,1,1,0,0,28,0,0,0,4,0,0,2,0,0,0,58,21,0,13,0,0,0,0,0,0,0,0,0,0,0,0,0,0,0,3,0,0,0,0,0,0,0,0,0,0,0,0,0,0,0,0,0,0,20,0,0,0,0,0,0,0,0,33,22,0,2,0,0,0,0,0,0,0,0,0,0,0,0,0,0,1,0,0,0,0,0,1,0,0,0,0,0,0,0,0,0,0,0,0,0,0,0,0,0,0,0,0,0,0,0,0,0,0,0,0,0,0,0,0,0,0
2acb597ac102d8f56458045d131c23f3,5.2,140,174,2464,172,79,62,127,1038,2495,826,6,19,127,9,1626,20,68,0,1,58,23,1,18,1,935,9,4,1,38,292,90,207,10,458,17,4,8,10,10,2,25,28,5,37,9,0,1,5,939,7,3,0,0,0,2,10,0,0,0,0,1,0,0,4207,50,92,62,0,4,0,18,0,0,2,0,2,0,8,2,0,514,815,2456,0,53,0,0,0,2,38,0,3,142,6,5,13,111,0,1,25,141,2,10,19,29,0,1,0,0,0,0,11,8,0,0,10,89,0,0,135,0,18,0,0,2,0,0,6,6,7,3,1,0,0,0,8,12,5,0,0,1,0,0,0,0,0,5,0,0,0,0,107,1,0,1,1,0,7,17,0,0,0,27,2,2,1,0,0,0,1,0,0,28,0,0,0,4,0,0,2,0,0,0,86,21,0,13,0,0,0,0,0,0,0,0,0,0,0,0,0,0,0,0,0,0,0,0,0,0,0,0,0,0,0,0,0,0,0,0,0,0,27,0,0,0,0,0,0,0,0,44,36,0,2,0,0,0,0,0,0,0,0,0,0,0,0,0,0,0,0,0,0,0,0,1,0,0,0,0,0,0,0,0,0,0,0,0,0,0,0,0,0,0,0,0,0,0,0,0,0,0,0,0,0,0,0,0,0,0
2acec8348407d67b333f6d3dd2bf2111,6.2,187,212,1820,334,78,87,582,1427,2827,1209,17,19,165,17,4169,32,84,0,4,179,944,1,52,4,2213,23,13,4,67,335,170,392,39,500,90,2,8,15,45,2,47,28,5,37,48,0,3,4,2220,23,3,0,0,0,3,37,0,0,0,0,1,0,1,3437,193,93,134,6,1,0,27,0,0,12,0,1337,898,8,22,1101,2007,2302,2642,6,120,3,8,8,9,175,41,143,328,116,10,115,123,6,1,92,279,3,21,52,60,0,13,3,15,19,15,27,32,6,3,41,97,5,0,135,6,23,0,0,2,0,0,6,3,7,9,3,0,0,3,8,12,4,0,0,1,0,0,0,0,0,5,0,0,0,0,54,1,0,1,1,0,10,23,0,0,0,17,2,2,1,0,0,1,1,0,0,28,0,0,0,4,0,0,2,0,0,0,52,21,0,13,0,0,0,0,0,0,0,0,0,0,0,0,0,0,0,3,0,0,0,0,0,0,0,0,0,0,0,0,0,0,0,0,0,0,17,1,0,0,0,0,0,0,0,28,22,0,2,0,0,0,0,0,0,0,0,0,0,0,0,0,0,1,0,0,0,0,0,1,0,0,0,0,0,0,0,0,0,0,0,0,0,0,0,0,0,0,0,0,0,0,0,0,0,0,0,0,0,0,0,0,0,0
2adb35caa1a62838f0f40c0fc3ae3515,6.4,234,2387,4704,203,74,68,447,1401,2804,1162,6,19,144,9,3034,32,88,0,1,98,708,1,33,1,1573,18,4,1,67,289,118,356,34,683,37,4,4,10,17,2,38,25,5,34,41,0,1,5,1577,13,3,0,0,0,2,24,0,0,0,0,1,0,1,4059,165,93,121,6,0,0,18,0,0,2,0,775,502,8,10,1031,2267,2743,2355,7,62,0,1,1,5,154,9,59,292,59,7,108,125,0,2,59,266,3,22,44,52,0,11,0,10,1,0,11,8,0,0,48,91,2,0,135,0,23,0,0,3,1,0,6,6,7,9,3,0,0,3,8,12,5,0,0,1,0,0,0,0,0,5,0,0,0,0,107,1,0,1,1,0,10,23,0,0,0,22,2,2,1,0,0,1,1,0,0,25,0,0,0,4,0,0,2,0,0,0,66,21,0,13,0,0,0,0,0,0,0,0,0,0,0,0,0,0,0,3,0,0,0,0,0,0,0,0,0,0,0,0,0,0,0,0,0,0,22,744,0,0,0,0,0,0,0,39,26,0,2,0,0,0,0,0,0,0,0,0,0,0,0,0,0,1,0,0,0,0,0,1,0,0,0,0,0,0,0,0,0,0,0,0,0,0,0,0,0,0,0,0,0,0,0,0,0,0,0,0,0,0,0,0,0,0
2adb092acd55a6826249cb15ef8455cd,3.6,97,133,1650,143,59,49,28,648,462,526,2,15,66,7,363,2,30,0,1,47,23,1,12,1,12,2,4,1,0,231,40,112,1,231,9,6,6,9,10,0,1,24,2,25,1,0,1,4,16,7,1,0,0,0,2,8,0,0,0,0,1,0,0,2152,25,65,43,8,0,0,18,0,0,4,0,6,0,8,2,0,473,3040,3069,0,21,0,0,0,0,16,0,4,100,7,5,13,2,0,2,1,28,2,8,8,11,0,0,0,0,0,0,10,8,0,0,5,76,0,0,135,0,15,0,0,2,0,0,6,6,7,0,0,0,0,0,8,12,4,0,0,1,0,0,0,0,0,5,0,0,0,0,107,0,0,0,0,0,7,19,0,0,0,4,2,2,2,0,0,0,0,0,0,23,0,0,0,4,0,0,2,0,0,0,12,2,0,13,0,0,0,0,0,0,0,0,0,0,0,0,0,0,0,0,0,0,0,0,0,0,0,0,0,0,0,0,0,0,0,0,0,0,4,0,0,0,0,0,0,0,0,4,4,0,2,0,0,0,0,0,0,0,0,0,0,0,0,0,0,0,0,0,0,0,0,0,0,0,0,0,0,0,0,0,0,0,0,0,0,0,0,0,0,0,0,0,0,0,0,0,0,0,0,0,0,0,0,0,0,0
2adbd821182bdd8d14a5f4156a9ae7c0,4.8,140,131243,1013,166,32,43,468,1357,2765,1083,4,13,62,6,3247,32,75,0,1,93,707,1,33,1,1873,14,4,1,63,279,76,350,36,575,29,2,3,10,17,2,34,25,4,33,43,0,0,2,1877,13,3,0,0,0,0,23,0,0,0,0,1,0,1,2923,162,78,626,6,0,0,18,0,0,2,0,769,496,8,9,842,6862,2251,1572,1,29,0,1,1,5,156,9,56,197,56,5,109,125,0,1,45,266,3,18,41,49,0,6,0,10,1,0,9,8,0,0,42,41,2,0,135,0,15,0,0,2,0,0,6,3,7,9,3,0,0,3,8,12,2,0,0,1,0,0,0,0,0,5,0,0,0,0,54,1,0,1,1,0,8,19,0,0,0,16,2,2,1,0,0,1,1,0,0,25,0,0,0,4,0,0,2,0,0,0,46,2,0,13,0,0,0,0,0,0,0,0,0,0,0,0,0,0,0,0,0,0,0,0,0,0,0,0,0,0,0,0,0,0,0,0,0,0,16,0,0,0,0,0,0,0,0,26,18,0,2,0,0,0,0,0,0,0,0,0,0,0,0,0,0,1,0,0,0,0,0,0,0,0,0,0,0,0,0,0,0,0,0,0,0,0,0,0,0,0,0,0,0,0,0,0,0,0,0,0,0,0,0,0,0,0
2af66c6b7a04d3a032c444c147400054,5.4,186,1150,2439,181,61,59,512,1417,2804,1189,5,20,154,7,3585,36,90,0,2,100,781,1,27,1,2008,23,5,1,58,281,116,388,38,691,30,2,3,13,41,2,38,24,5,33,45,0,0,4,2012,17,3,0,0,0,0,24,0,0,0,0,1,0,1,3692,175,96,103,6,0,0,18,0,0,3,0,993,647,8,19,1073,1873,2481,2464,0,123,0,2,2,4,167,8,116,303,116,6,60,125,0,1,59,296,3,18,40,48,0,10,0,16,1,0,9,8,0,0,38,91,2,0,135,0,23,0,0,2,0,0,6,3,7,9,3,0,0,3,8,12,4,0,0,1,0,0,0,0,0,5,0,0,0,0,54,1,0,1,1,0,10,23,0,0,0,20,2,2,1,0,0,1,1,0,0,24,0,0,0,4,0,0,2,0,0,0,60,21,0,13,0,0,0,0,0,0,0,0,0,0,0,0,0,0,0,3,1,0,0,0,0,0,0,0,0,0,0,0,0,0,0,0,0,0,20,0,0,0,0,0,0,0,0,33,24,0,2,0,0,0,0,0,0,0,0,0,0,0,0,0,0,1,0,0,0,0,0,1,0,0,0,0,0,0,0,0,0,0,0,0,0,0,0,0,0,0,0,0,0,0,0,0,0,0,0,0,0,0,0,0,0,0
2afa471b99f157b98381de2140d992fe,6.0,306,154,2507,230,79,96,460,1385,2792,1151,6,20,151,9,3036,32,65,0,1,98,727,1,29,1,1556,17,4,1,59,279,118,358,38,490,30,4,12,9,17,2,38,24,5,33,45,0,1,5,1560,13,3,0,0,0,2,24,0,0,0,0,1,0,1,4111,167,96,92,6,0,0,18,0,0,2,0,817,525,8,10,1041,2037,3777,2494,5,63,0,1,1,5,157,9,56,361,56,7,108,125,0,1,59,272,3,22,38,46,0,10,0,10,1,0,11,8,0,0,38,91,2,0,135,2,18,0,0,2,0,0,6,6,7,9,3,0,0,3,8,12,5,0,0,1,0,0,0,0,0,5,0,0,0,0,107,1,0,1,1,0,7,17,0,0,0,23,2,2,1,0,0,1,1,0,0,24,0,0,0,4,0,0,2,0,0,0,68,21,0,13,0,0,0,0,0,0,0,0,0,0,0,0,0,0,0,3,0,0,0,0,0,0,0,0,0,0,0,0,0,0,0,0,0,0,23,2,0,0,0,0,0,0,0,37,26,0,2,0,0,0,0,0,0,0,0,0,0,0,0,0,0,1,0,0,0,0,0,1,0,0,0,0,0,0,0,0,0,0,0,0,0,0,0,0,0,0,0,0,0,0,0,0,0,0,0,0,0,0,0,0,0,0
2afc690fb5479bec2185367ea0e88641,3.6,94,131,1632,137,50,48,29,653,464,522,2,16,66,8,370,1,41,0,1,47,23,1,12,1,12,2,4,1,0,232,40,120,1,225,9,5,6,7,10,0,1,25,4,28,1,0,1,4,16,7,3,0,0,0,2,8,0,0,0,0,1,0,0,2149,25,68,40,8,0,0,18,0,0,4,0,6,0,8,2,0,311,2663,3057,0,21,0,0,0,0,16,0,5,98,8,4,17,2,0,2,1,28,2,8,8,11,0,0,0,0,0,0,10,8,0,0,5,79,0,0,135,0,15,0,0,2,0,0,4,6,7,0,0,0,0,0,8,12,4,0,0,1,0,0,0,0,0,5,0,0,0,0,107,2,0,0,0,0,7,19,0,0,0,4,2,2,1,0,0,0,0,0,0,24,0,0,0,4,0,0,2,0,0,0,12,2,0,13,0,0,0,0,0,0,0,0,0,0,0,0,0,0,0,0,0,0,0,0,0,0,0,0,0,0,0,0,0,0,0,0,0,0,4,0,0,0,0,0,0,0,0,4,4,0,2,0,0,0,0,0,0,0,0,0,0,0,0,0,0,0,0,0,0,0,0,0,0,0,0,0,0,0,0,0,0,0,0,0,0,0,0,0,0,0,0,0,0,0,0,0,0,0,0,0,0,0,0,0,0,0
2afd87623c38ec72a3d85924d016f141,6.6,255,218,2687,227,75,80,501,1431,2818,1209,10,19,145,13,3334,32,61,0,2,131,871,1,46,2,1598,24,7,2,71,297,136,364,32,498,57,4,9,14,43,2,41,25,5,34,41,0,2,5,1603,19,3,0,0,0,3,29,0,0,0,0,1,0,1,4136,179,93,115,6,0,0,21,0,0,6,0,1167,764,8,18,1067,2337,3154,2475,6,113,1,4,4,7,165,21,129,382,120,10,118,121,2,2,70,266,3,23,49,57,0,11,1,13,7,5,17,16,2,1,49,93,3,0,135,2,23,0,0,2,0,0,6,6,7,9,3,0,0,3,8,12,5,0,0,1,0,0,0,0,0,5,0,0,0,0,107,1,0,1,1,0,10,23,0,0,0,22,2,2,1,0,0,1,1,0,0,25,0,0,0,4,0,0,2,0,0,0,66,21,0,13,0,0,0,0,0,0,0,0,0,0,0,0,0,0,0,3,0,0,0,0,0,0,0,0,0,0,0,0,0,0,0,0,0,0,22,2,0,0,0,0,0,0,0,34,26,0,2,0,0,0,0,0,0,0,0,0,0,0,0,0,0,1,0,0,0,0,0,1,0,0,0,0,0,0,0,0,0,0,0,0,0,0,0,0,0,0,0,0,0,0,0,0,0,0,0,0,0,0,0,0,0,0
2afe9bb37f78124488c606abd3810ebc,5.2,128,2133,4334,182,66,64,127,1054,2510,830,6,19,144,9,1667,20,76,0,1,58,23,1,19,1,954,9,4,1,38,258,90,199,10,644,17,4,4,8,10,2,25,24,5,33,9,0,1,5,958,7,3,0,0,0,2,11,0,0,0,0,1,0,0,4371,50,93,62,0,0,0,18,0,0,2,0,2,0,8,2,0,500,639,2440,0,53,0,0,0,2,38,0,3,130,6,5,13,113,0,1,25,141,2,10,19,29,0,1,0,0,0,0,11,8,0,0,10,89,0,0,135,0,23,0,0,2,0,0,6,6,7,3,1,0,0,0,8,12,5,0,0,1,0,0,0,0,0,5,0,0,0,0,107,1,0,1,1,0,10,23,0,0,0,70,2,2,1,0,0,0,1,0,0,24,0,0,0,4,0,0,2,0,0,0,188,21,0,13,0,0,0,0,0,0,0,0,0,0,0,0,0,0,0,0,0,0,0,0,0,0,0,0,0,0,0,0,0,660,0,0,0,0,70,0,0,0,0,0,0,0,0,107,52,0,2,0,0,0,0,0,0,0,0,0,0,0,0,0,0,0,0,0,0,0,0,1,0,0,0,0,0,0,0,0,0,0,0,0,0,0,0,0,0,0,0,0,0,0,0,0,0,0,0,0,0,0,0,0,0,0
2b2c260208c2b36b969024d2aed6b4eb,6.8,267,159,1560,222,75,67,517,1406,2800,1183,9,19,138,10,3445,32,60,0,2,131,837,1,38,2,1769,23,8,2,63,321,134,390,40,493,50,2,6,15,43,2,41,28,5,37,47,0,1,4,1774,19,3,0,0,0,1,27,0,0,0,0,1,0,1,3870,182,92,137,6,1,0,21,0,0,6,0,1035,685,8,17,1028,2171,3397,2569,10,112,1,4,4,12,171,21,124,391,115,7,95,121,2,1,70,287,3,19,42,50,0,11,1,11,7,5,15,16,2,1,39,93,3,0,135,2,23,0,0,4,2,0,6,3,7,9,3,0,0,3,8,12,4,0,0,1,0,0,0,0,0,5,0,0,0,0,54,1,0,1,1,0,7,17,0,0,0,20,2,2,1,0,0,1,1,0,0,28,0,0,0,4,0,0,2,0,0,0,60,21,0,13,0,0,0,0,0,0,0,0,0,0,0,0,0,0,0,3,0,0,0,0,0,0,0,0,0,0,0,0,0,0,0,0,0,0,20,0,0,0,0,0,0,0,0,34,24,0,2,0,0,0,0,0,0,0,0,0,0,0,0,0,0,1,0,0,0,0,0,1,0,0,0,0,0,0,0,0,0,0,0,0,0,0,0,0,0,0,0,0,0,0,0,0,0,0,0,0,0,0,0,0,0,0
2b3cf676e829f62e4ddebaad085be2e7,6.6,226,243,2132,442,78,108,550,1455,2856,1208,22,19,160,21,3393,32,124,0,5,190,923,1,69,5,1425,18,16,5,71,317,190,376,34,691,117,4,8,10,23,2,50,25,5,34,41,0,5,5,1433,21,3,0,0,0,2,40,0,0,0,0,1,0,1,3385,192,93,166,6,0,0,30,0,0,15,0,1132,767,8,13,1045,2206,2468,2268,1,72,4,10,10,11,169,53,95,316,59,11,118,127,10,6,103,266,3,26,64,72,0,10,4,14,25,20,35,40,8,4,52,99,6,0,135,8,23,0,0,2,0,0,6,6,7,9,3,0,0,3,8,12,5,0,0,1,0,0,0,0,0,5,0,0,0,0,107,1,0,1,1,0,10,23,0,0,0,19,2,2,1,0,0,1,1,0,0,25,0,0,0,4,0,0,2,0,0,0,61,21,0,13,0,0,0,0,0,0,0,0,0,0,0,0,0,0,0,3,0,0,0,0,0,0,0,0,0,0,0,0,0,0,0,0,0,0,19,0,0,0,0,0,0,0,0,34,27,0,2,0,0,0,0,0,0,0,0,0,0,0,0,0,0,1,0,0,0,0,0,1,0,0,0,0,0,0,0,0,0,0,0,0,0,0,0,0,0,0,0,0,0,0,0,0,0,0,0,0,0,0,0,0,0,0
2b3ed6162da256880d777a507d95f0c0,6.6,245,231,2747,304,82,89,501,1422,2818,1191,14,19,154,16,3231,32,91,0,3,144,817,1,52,3,1523,18,10,3,65,365,146,383,35,496,77,4,10,13,20,2,44,33,5,40,42,0,3,5,1529,17,3,0,0,0,4,33,0,0,0,0,1,0,1,3460,178,92,720,6,2,0,24,0,0,9,0,944,627,8,13,916,7351,2678,2558,3,65,2,6,6,6,162,31,74,316,56,10,112,126,5,3,71,256,3,24,54,62,0,9,2,12,13,10,23,24,4,2,50,95,4,0,135,4,23,0,0,2,0,0,6,6,7,9,3,0,0,3,8,12,5,0,0,1,0,0,0,0,0,5,0,0,0,0,107,1,0,1,1,0,10,23,0,0,0,19,2,2,1,0,0,1,1,0,0,33,0,0,0,4,0,0,2,0,0,0,56,21,0,13,0,0,0,0,0,0,0,0,0,0,0,0,0,0,0,0,0,0,0,0,0,0,0,0,0,0,0,0,0,0,0,0,0,0,19,0,0,0,0,0,0,0,0,30,22,0,2,0,0,0,0,0,0,0,0,0,0,0,0,0,0,1,0,0,0,0,0,1,0,0,0,0,0,0,0,0,0,0,0,0,0,0,0,0,0,0,0,0,0,0,0,0,0,0,0,0,0,0,0,0,0,0
2b3f02f4e6dbd91285d4995a3020021d,5.8,276,176,2489,234,79,69,449,1392,2792,1164,6,20,151,9,3445,32,67,0,1,101,711,1,36,1,1989,18,5,1,67,282,118,355,34,498,37,4,8,10,17,2,38,24,5,33,41,0,1,5,1993,13,3,0,0,0,2,24,0,0,0,0,1,0,1,3833,165,96,93,6,2,0,18,0,0,2,0,782,508,8,9,965,2038,3136,2245,5,64,0,1,1,5,154,9,56,331,56,7,108,125,0,1,59,266,3,22,44,52,0,7,0,10,1,0,11,8,0,0,48,91,2,0,135,0,18,0,0,2,0,0,6,6,7,9,3,0,0,3,8,12,5,0,0,1,0,0,0,0,0,5,0,0,0,0,107,1,0,1,1,0,7,17,0,0,0,17,2,2,1,0,0,1,1,0,0,24,0,0,0,4,0,0,2,0,0,0,51,21,0,13,0,0,0,0,0,0,0,0,0,0,0,0,0,0,0,3,0,0,0,0,0,0,0,0,0,0,0,0,0,0,0,0,0,0,17,0,0,0,0,0,0,0,0,28,21,0,2,0,0,0,0,0,0,0,0,0,0,0,0,0,0,1,0,0,0,0,0,1,0,0,0,0,0,0,0,0,0,0,0,0,0,0,0,0,0,0,0,0,0,0,0,0,0,0,0,0,0,0,0,0,0,0
2b5bc4e04513079c1f2440273be896cc,7.2,277,198,2600,253,80,77,472,1398,2803,1170,10,19,152,12,3485,32,86,0,2,124,759,1,46,2,1890,18,7,2,69,321,136,367,34,490,57,4,9,12,18,2,41,28,5,37,41,0,2,5,1895,15,3,0,0,0,3,27,0,0,0,0,1,0,1,3748,173,92,100,6,4,0,21,0,0,5,0,909,598,8,10,779,2536,3074,2322,6,65,1,3,3,6,159,19,64,339,55,8,98,127,2,1,70,266,3,23,49,57,0,7,1,11,7,5,17,16,2,1,49,93,3,0,135,2,18,0,0,3,1,0,6,6,7,9,3,0,0,3,8,12,5,0,0,1,0,0,0,0,0,5,0,0,0,0,107,1,0,1,1,0,7,17,0,0,0,46,2,2,1,0,0,1,1,0,0,28,0,0,0,4,0,0,2,0,0,0,111,21,0,13,0,0,0,0,0,0,0,0,0,0,0,0,0,0,0,3,0,0,0,0,0,0,0,0,0,0,0,0,0,0,0,0,0,0,46,0,0,0,0,0,0,0,0,62,23,0,2,0,0,0,0,0,0,0,0,0,0,0,0,0,0,1,0,0,0,0,0,1,0,0,0,0,0,0,0,0,0,0,0,0,0,0,0,0,0,0,0,0,0,0,0,0,0,0,0,0,0,0,0,0,0,0
2b06f03828fffd4e5efe402183ad404a,5.8,249,173,1833,213,73,77,467,1403,2811,1160,8,20,131,12,3540,32,113,0,2,127,776,1,38,2,1937,18,4,1,71,290,118,360,36,698,38,5,5,10,17,2,38,25,5,34,43,0,2,5,1941,13,3,0,0,0,2,25,0,0,0,0,1,0,1,3896,171,96,107,6,0,0,18,0,0,5,0,1003,653,8,13,1016,2116,2791,2025,4,65,1,3,3,13,158,21,59,306,59,9,128,123,2,2,61,266,3,23,46,54,0,7,1,11,7,5,11,8,0,0,48,91,2,0,135,0,18,0,0,2,0,0,6,6,7,9,3,0,0,3,8,12,5,0,0,1,0,0,0,0,0,5,0,0,0,0,107,1,0,1,1,0,7,17,0,0,0,17,2,2,2,0,0,1,1,0,0,25,0,0,0,4,0,0,2,0,0,0,51,21,0,13,0,0,0,0,0,0,0,0,0,0,0,0,0,0,0,3,0,0,0,0,0,0,0,0,0,0,0,0,0,0,0,0,0,0,17,0,0,0,0,0,0,0,0,29,21,0,2,0,0,0,0,0,0,0,0,0,0,0,0,0,0,1,0,0,0,0,0,1,0,0,0,0,0,0,0,0,0,0,0,0,0,0,0,0,0,0,0,0,0,0,0,0,0,0,0,0,0,0,0,0,0,0
2b7b6bb7a7229a973117eb61449e1d41,5.8,270,2186,5111,180,65,68,450,1399,2804,1150,6,19,131,9,2903,32,78,0,1,98,707,1,36,1,1452,18,5,1,67,281,118,355,35,675,37,4,4,10,17,2,38,24,5,33,42,0,1,5,1456,13,3,0,0,0,2,24,0,0,0,0,1,0,1,3873,164,93,89,6,0,0,18,0,0,2,0,768,498,8,9,1098,1912,3068,2267,3,60,0,1,1,5,154,9,55,324,55,7,98,123,0,1,59,266,3,22,44,52,0,6,0,10,1,0,11,8,0,0,48,91,2,0,135,0,18,0,0,2,0,0,6,6,7,9,3,0,0,3,8,12,5,0,0,1,0,0,0,0,0,5,0,0,0,0,107,1,0,1,1,0,7,17,0,0,0,19,2,2,1,0,0,0,1,0,0,24,0,0,0,4,0,0,2,0,0,0,58,21,0,13,0,0,0,0,0,0,0,0,0,0,0,0,0,0,0,3,0,0,0,0,0,0,0,0,0,0,0,0,0,0,0,0,0,0,19,0,0,0,0,0,0,0,0,32,24,0,2,0,0,0,0,0,0,0,0,0,0,0,0,0,0,1,0,0,0,0,0,1,0,0,0,0,0,0,0,0,0,0,0,0,0,0,0,0,0,0,0,0,0,0,0,0,0,0,0,0,0,0,0,0,0,0
2b7b81e967afb850e386f9424c60d08f,6.6,320,205,2649,253,81,79,472,1397,2803,1159,10,19,153,12,3155,32,71,0,2,130,777,1,39,2,1542,18,7,2,67,357,128,378,35,494,57,4,9,13,18,2,41,33,5,40,42,0,2,5,1547,15,3,0,0,0,3,26,0,0,0,0,1,0,1,3509,173,92,422,6,2,0,21,0,0,5,0,976,642,8,9,892,4652,3560,2549,4,62,1,3,3,7,160,21,64,382,55,8,102,127,2,1,60,256,3,23,49,57,0,3,1,11,7,5,17,16,2,1,49,93,3,0,135,2,23,0,0,2,0,0,6,6,7,9,3,0,0,3,8,12,5,0,0,1,0,0,0,0,0,5,0,0,0,0,107,1,0,1,1,0,10,23,0,0,0,17,2,2,1,0,0,1,1,0,0,33,0,0,0,4,0,0,2,0,0,0,50,21,0,13,0,0,0,0,0,0,0,0,0,0,0,0,0,0,0,0,0,0,0,0,0,0,0,0,0,0,0,0,0,0,0,0,0,0,17,0,0,0,0,0,0,0,0,26,20,0,2,0,0,0,0,0,0,0,0,0,0,0,0,0,0,1,0,0,0,0,0,1,0,0,0,0,0,0,0,0,0,0,0,0,0,0,0,0,0,0,0,0,0,0,0,0,0,0,0,0,0,0,0,0,0,0
2b7cb4d3f598a8064f75c5e414c13ce2,5.8,235,196,2574,188,80,77,479,1394,2799,1158,9,19,140,12,3430,32,67,0,2,130,774,1,37,2,1842,17,7,2,63,285,136,355,34,485,33,4,9,9,17,2,39,24,5,33,41,0,2,5,1846,13,3,0,0,0,2,26,0,0,0,0,1,0,1,3810,175,93,103,6,2,0,18,0,0,5,0,989,652,8,9,908,1906,2494,2287,3,62,1,3,3,7,162,21,64,297,55,8,98,127,2,1,65,272,3,23,40,48,0,3,1,11,7,5,17,16,2,0,38,91,2,0,135,0,18,0,0,2,0,0,6,6,7,9,3,0,0,3,8,12,5,0,0,1,0,0,0,0,0,5,0,0,0,0,107,1,0,1,1,0,7,17,0,0,0,17,2,2,1,0,0,1,1,0,0,24,0,0,0,4,0,0,2,0,0,0,51,21,0,13,0,0,0,0,0,0,0,0,0,0,0,0,0,0,0,3,0,0,0,0,0,0,0,0,0,0,0,0,0,0,0,0,0,0,17,0,0,0,0,0,0,0,0,29,21,0,2,0,0,0,0,0,0,0,0,0,0,0,0,0,0,1,0,0,0,0,0,1,0,0,0,0,0,0,0,0,0,0,0,0,0,0,0,0,0,0,0,0,0,0,0,0,0,0,0,0,0,0,0,0,0,0
2b7d3f71d536aa34f116bbd3f4b2411c,5.8,252,173,2452,151,80,67,425,1384,2790,1152,6,19,152,9,3201,32,55,0,1,98,690,1,26,1,1822,17,4,1,59,323,124,342,30,475,30,4,8,12,17,2,38,29,5,38,37,0,1,5,1826,13,3,0,0,0,2,24,0,0,0,0,1,0,1,3693,161,92,512,6,4,0,18,0,0,2,0,755,495,8,8,1012,6145,2801,2461,4,59,0,1,1,5,150,9,55,306,55,7,98,127,0,1,59,255,4,22,38,46,0,2,0,10,1,0,11,8,0,0,38,91,2,0,135,0,23,0,0,2,0,0,6,6,7,9,3,0,0,3,8,12,5,0,0,1,0,0,0,0,0,5,0,0,0,0,107,1,0,1,1,0,10,23,0,0,0,17,2,2,1,0,0,1,1,0,0,29,0,0,0,4,0,0,2,0,0,0,50,21,0,13,0,0,0,0,0,0,0,0,0,0,0,0,0,0,0,3,0,0,0,0,0,0,0,0,0,0,0,0,0,0,0,0,0,0,17,0,0,0,0,0,0,0,0,27,20,0,2,0,0,0,0,0,0,0,0,0,0,0,0,0,0,1,0,0,0,0,0,1,0,0,0,0,0,0,0,0,0,0,0,0,0,0,0,0,0,0,0,0,0,0,0,0,0,0,0,0,0,0,0,0,0,0
2b7e3a4dd595cca3bef68f872182974c,5.8,258,786,2993,204,74,69,446,1406,2811,1166,6,20,144,9,3053,36,73,0,2,99,722,1,36,1,1540,18,4,1,63,277,110,358,33,683,38,5,4,10,17,2,38,24,5,33,40,0,1,6,1544,13,3,0,0,0,2,23,0,0,0,0,1,0,1,3752,164,96,459,6,0,0,18,0,0,2,0,922,598,8,8,895,5403,3111,2448,4,75,0,1,1,5,153,9,56,313,56,7,112,127,0,2,49,256,3,24,48,56,0,2,0,16,1,0,11,8,0,0,48,91,2,0,135,0,23,0,0,2,0,0,6,6,7,9,3,0,0,3,8,12,6,0,0,1,0,0,0,0,0,5,0,0,0,0,107,1,0,1,1,0,10,23,0,0,0,20,2,2,1,0,0,1,1,0,0,24,0,0,0,4,0,0,2,0,0,0,59,21,0,13,0,0,0,0,0,0,0,0,0,0,0,0,0,0,0,0,1,0,0,0,0,0,0,0,0,0,0,0,0,0,0,0,0,0,20,0,0,0,0,0,0,0,0,32,23,0,2,0,0,0,0,0,0,0,0,0,0,0,0,0,0,1,0,0,0,0,0,1,0,0,0,0,0,0,0,0,0,0,0,0,0,0,0,0,0,0,0,0,0,0,0,0,0,0,0,0,0,0,0,0,0,0
2b8e19eb70e397187b28bcb6b4adfadb,6.6,235,204,2648,240,81,78,497,1397,2803,1172,10,19,165,12,3719,32,84,0,2,130,776,1,36,2,2093,17,7,2,63,319,136,377,38,494,50,4,9,11,18,2,41,28,5,37,45,0,2,5,2098,15,3,0,0,0,2,27,0,0,0,0,1,0,1,3609,177,93,103,6,2,0,21,0,0,5,0,982,648,8,9,977,1898,2502,2200,3,64,1,3,3,7,163,21,64,297,55,8,98,125,2,1,70,279,3,23,43,51,0,3,1,11,7,5,17,16,2,1,39,93,3,0,135,2,23,0,0,2,0,0,6,6,7,9,3,0,0,3,8,12,5,0,0,1,0,0,0,0,0,5,0,0,0,0,107,1,0,1,1,0,10,23,0,0,0,15,2,2,1,0,0,1,1,0,0,28,0,0,0,4,0,0,2,0,0,0,45,21,0,13,0,0,0,0,0,0,0,0,0,0,0,0,0,0,0,3,0,0,0,0,0,0,0,0,0,0,0,0,0,0,0,0,0,0,15,2,0,0,0,0,0,0,0,25,19,0,2,0,0,0,0,0,0,0,0,0,0,0,0,0,0,1,0,0,0,0,0,1,0,0,0,0,0,0,0,0,0,0,0,0,0,0,0,0,0,0,0,0,0,0,0,0,0,0,0,0,0,0,0,0,0,0
2b9a5115f04368ee54c587a0cda48a7d,6.6,309,227,2745,319,90,89,531,1421,2820,1190,14,19,154,15,3135,32,94,0,3,144,826,1,50,3,1401,18,10,3,65,290,146,385,37,495,78,5,10,10,20,2,44,24,5,33,44,0,3,6,1407,17,3,0,0,0,4,31,0,0,0,0,1,0,1,3260,183,92,480,6,2,0,24,0,0,8,0,962,636,8,10,854,5026,3478,2443,4,64,2,6,6,6,168,31,73,379,55,9,112,130,5,4,71,274,3,24,54,62,0,4,2,12,15,10,23,24,4,2,50,95,4,0,135,4,23,0,0,2,0,0,6,6,7,9,3,0,0,3,8,12,6,0,0,1,0,0,0,0,0,5,0,0,0,0,107,1,0,1,1,0,10,23,0,0,0,19,2,2,1,0,0,1,1,0,0,24,0,0,0,4,0,0,2,0,0,0,58,21,0,13,0,0,0,0,0,0,0,0,0,0,0,0,0,0,0,0,0,0,0,0,0,0,0,0,0,0,0,0,0,0,0,0,0,0,19,0,0,0,0,0,0,0,0,30,24,0,2,0,0,0,0,0,0,0,0,0,0,0,0,0,0,1,0,0,0,0,0,1,0,0,0,0,0,0,0,0,0,0,0,0,0,0,0,0,0,0,0,0,0,0,0,0,0,0,0,0,0,0,0,0,0,0
2b9b88733148677740e22e30ca7ab9b7,7.2,259,199,2590,298,80,78,469,1393,2803,1157,10,19,140,12,3124,32,66,0,2,124,758,1,38,2,1549,17,7,2,61,285,136,353,35,488,50,4,9,9,18,2,41,24,5,33,42,0,2,5,1554,15,3,0,0,0,3,27,0,0,0,0,1,0,1,4047,173,93,99,6,2,0,21,0,0,5,0,893,588,8,9,1052,2458,2851,2458,8,62,1,3,3,6,160,19,64,321,55,8,108,123,2,1,70,266,3,23,43,51,0,3,1,11,7,5,17,16,2,1,39,93,3,0,135,2,18,0,0,3,1,0,6,6,7,9,3,0,0,3,8,12,5,0,0,1,0,0,0,0,0,5,0,0,0,0,107,1,0,1,1,0,7,17,0,0,0,22,2,2,1,0,0,1,1,0,0,24,0,0,0,4,0,0,2,0,0,0,67,21,0,13,0,0,0,0,0,0,0,0,0,0,0,0,0,0,0,3,0,0,0,0,0,0,0,0,0,0,0,0,0,0,0,0,0,0,22,0,0,0,0,0,0,0,0,34,27,0,2,0,0,0,0,0,0,0,0,0,0,0,0,0,0,1,0,0,0,0,0,1,0,0,0,0,0,0,0,0,0,0,0,0,0,0,0,0,0,0,0,0,0,0,0,0,0,0,0,0,0,0,0,0,0,0
2b015f403fd577e57f865519a24a3be2,6.4,223,201,2596,247,81,82,469,1394,2827,1161,10,19,153,12,3216,41,106,0,2,131,776,1,36,2,1530,17,8,2,63,285,136,352,34,487,52,4,9,9,19,2,41,24,5,33,41,0,2,5,1535,31,3,0,0,0,5,34,0,0,0,0,1,0,1,4166,175,93,103,6,2,0,21,0,0,5,0,977,643,8,9,1117,1824,2402,2264,7,62,1,3,3,7,163,21,64,285,55,8,118,123,3,1,70,266,3,23,43,51,0,3,1,11,9,5,17,16,2,1,39,93,3,2,136,0,23,0,0,2,0,0,6,6,7,9,3,0,0,3,8,12,5,0,0,1,0,0,0,0,0,5,0,0,0,0,107,1,0,1,1,0,10,23,0,0,0,21,2,2,1,0,0,1,1,0,0,24,0,0,0,4,0,0,2,0,0,0,64,21,0,13,0,0,0,0,0,0,0,0,0,0,0,0,0,0,0,3,0,0,0,0,0,0,0,0,0,0,0,0,0,0,0,0,0,0,21,0,0,0,0,0,0,0,0,38,26,0,2,0,0,0,0,0,0,0,0,0,0,0,0,0,0,1,0,0,0,0,0,1,0,0,0,0,0,0,0,0,0,0,0,0,0,0,0,0,0,0,0,0,0,0,0,0,0,0,0,0,0,0,0,0,0,0
2b17a3ac34c54e8bfe566fd18881c5bb,7.2,299,292,3050,459,84,122,596,1453,2880,1218,26,19,156,24,3558,41,109,0,6,229,1033,1,74,6,1256,18,19,6,77,349,208,388,34,499,139,4,13,12,25,2,53,28,5,37,43,0,6,5,1265,39,3,0,0,0,5,49,0,0,0,0,1,0,1,3232,202,93,184,6,2,0,33,0,0,17,0,1517,1027,8,13,938,2346,3441,2260,9,73,5,12,12,10,180,67,100,393,55,12,108,127,13,5,114,266,3,27,69,77,0,7,5,17,33,25,41,48,10,5,53,101,7,2,136,8,23,0,0,3,1,0,6,6,7,9,3,0,0,3,8,12,5,0,0,1,0,0,0,0,0,5,0,0,0,0,107,1,0,1,1,0,7,17,0,0,0,19,2,2,1,0,0,1,1,0,0,28,0,0,0,4,0,0,2,0,0,0,61,21,0,13,0,0,0,0,0,0,0,0,0,0,0,0,0,0,0,3,0,0,0,0,0,0,0,0,0,0,0,0,0,0,0,0,0,0,19,2,0,0,0,0,0,0,0,31,25,0,2,0,0,0,0,0,0,0,0,0,0,0,0,0,0,1,0,0,0,0,0,1,0,0,0,0,0,0,0,0,0,0,0,0,0,0,0,0,0,0,0,0,0,0,0,0,0,0,0,0,0,0,0,0,0,0
2b0031bd93e756956db568d3b155d183,3.6,97,133,1650,140,59,49,28,645,462,532,2,15,54,7,361,2,25,0,1,47,23,1,11,1,12,2,4,1,0,231,40,112,1,231,9,6,6,9,10,0,1,24,2,25,1,0,1,4,16,7,1,0,0,0,2,8,0,0,0,0,1,0,0,2151,25,65,43,8,0,0,18,0,0,4,0,6,0,8,2,2,473,3360,3031,0,19,0,0,0,0,16,0,3,99,6,5,13,2,0,2,1,28,2,8,8,11,0,0,0,0,0,0,10,8,0,0,5,76,0,0,135,0,15,0,0,2,0,0,6,6,7,0,0,0,0,0,8,12,4,0,0,1,0,0,0,0,0,5,0,0,0,0,107,0,0,0,0,0,7,19,0,0,0,4,2,2,2,0,0,0,0,0,0,23,0,0,0,4,0,0,2,0,0,0,12,2,0,13,0,0,0,0,0,0,0,0,0,0,0,0,0,0,0,0,0,0,0,0,0,0,0,0,0,0,0,0,0,0,0,0,0,0,4,0,0,0,0,0,0,0,0,4,4,0,2,0,0,0,0,0,0,0,0,0,0,0,0,0,0,0,0,0,0,0,0,0,0,0,0,0,0,0,0,0,0,0,0,0,0,0,0,0,0,0,0,0,0,0,0,0,0,0,0,0,0,0,0,0,0,0
1e8be54b79602a5ecaa6a85c008aea79,1.2,0,0,0,0,0,0,0,2,2,2,0,0,0,0,0,0,0,0,0,0,0,0,0,0,0,0,0,0,0,0,0,0,0,0,0,0,0,0,0,0,0,0,0,0,0,0,0,0,0,0,0,0,0,0,1,0,0,0,0,0,0,0,0,0,0,0,0,0,0,0,0,0,0,0,0,0,0,0,0,0,0,0,0,0,0,0,0,0,0,0,0,0,0,0,0,0,0,0,0,0,0,0,0,0,0,0,0,0,0,0,0,0,0,0,0,0,0,0,0,0,3,0,0,0,0,0,0,1,0,0,0,0,0,0,0,0,0,0,0,0,0,0,0,0,0,0,0,0,0,0,0,0,0,0,0,0,0,1,0,0,0,0,0,0,0,0,0,0,0,0,0,0,0,0,0,0,0,0,0,0,0,0,0,0,0,0,0,0,0,0,0,0,0,0,0,5,0,0,0,0,0,0,0,0,0,0,0,0,0,0,0,0,0,0,0,0,0,0,0,0,0,0,0,0,0,0,0,0,0,0,0,0,0,0,0,0,0,0,0,0,0,0,0,0,0,0,0,0,0,0,0,0,0,0,0,0,0,0,0,0,0,0,0,0,0,0,0,0,0,0,0,0,0,0,0,0,0,0,0,0,0,0,0,0,0,0,0,0,0
2b45baac6c892351136f451b007627b5,5.8,84,175,1595,287,50,64,557,1386,2782,1139,12,9,67,12,4107,34,62,0,3,174,936,1,47,3,2265,19,11,3,71,388,112,391,36,352,69,3,7,22,44,2,40,36,5,45,45,0,2,3,2271,21,3,0,0,0,2,28,0,0,0,0,1,0,1,3648,188,67,547,6,1,0,24,0,0,9,0,1335,886,8,20,895,5986,3799,835,8,82,2,6,6,9,175,33,133,218,117,8,117,125,4,2,67,271,3,22,52,60,0,4,2,14,13,10,21,24,4,2,43,45,4,0,135,5,15,0,0,2,0,0,8,3,6,9,3,0,0,3,8,12,3,0,0,1,0,0,0,0,0,5,0,0,0,0,54,2,0,1,1,0,7,19,0,0,0,13,2,2,1,0,0,1,0,0,0,36,0,0,0,4,0,0,2,0,0,0,51,2,0,13,0,0,0,0,0,0,0,0,0,0,0,0,0,0,0,0,0,0,0,0,0,0,0,0,0,0,0,0,0,0,0,0,0,0,13,0,0,0,0,0,0,0,0,27,26,0,2,0,0,0,0,0,0,0,0,0,0,0,0,0,0,1,0,0,0,0,0,0,0,0,0,0,0,0,0,0,0,0,0,0,0,0,0,0,0,0,0,0,0,0,0,0,0,0,0,0,0,0,0,0,0,0
2b84d69e10209cdb4da8d835a031d064,6.2,199,207,1793,357,78,86,576,1421,2826,1197,17,19,153,17,3635,32,96,0,4,188,1348,1,50,4,1690,23,14,4,67,335,170,389,35,495,90,2,8,15,45,2,47,28,5,37,42,0,3,4,1697,23,3,0,0,0,3,35,0,0,0,0,1,0,1,3366,259,92,133,6,2,0,27,0,0,12,0,1270,862,8,23,1136,1651,2378,2487,8,117,3,8,8,9,242,43,143,340,116,10,115,123,6,1,92,281,4,21,52,60,0,9,3,13,19,15,27,32,6,3,41,97,5,0,135,6,23,0,0,2,0,0,6,3,7,9,3,0,0,3,8,12,4,0,0,1,0,0,0,0,0,5,0,0,0,0,54,1,0,1,1,0,10,23,0,0,0,20,2,2,1,0,0,1,1,0,0,28,0,0,0,4,0,0,2,0,0,0,62,21,0,13,0,0,0,0,0,0,0,0,0,0,0,0,0,0,0,3,0,0,0,0,0,0,0,0,0,0,0,0,0,0,0,0,0,0,20,0,0,0,0,0,0,0,0,33,26,0,2,0,0,0,0,0,0,0,0,0,0,0,0,0,0,1,0,0,0,0,0,1,0,0,0,0,0,0,0,0,0,0,0,0,0,0,0,0,0,0,0,0,0,0,0,0,0,0,0,0,0,0,0,0,0,0
2b86da69be2abcf95c231cb79c2a38f2,5.8,234,2186,5111,181,65,69,461,1398,2804,1150,6,19,143,9,3215,32,78,0,1,107,1128,1,31,1,1762,17,4,1,59,278,118,342,32,672,30,4,4,9,17,2,38,24,5,33,39,0,1,5,1766,13,3,0,0,0,2,25,0,0,0,0,1,0,1,4320,229,93,90,6,0,0,18,0,0,2,0,800,523,8,8,1148,1927,2480,2451,5,59,0,1,1,5,219,11,55,288,55,7,108,125,0,1,59,263,3,22,38,46,0,2,0,10,1,0,11,8,0,0,38,91,2,0,135,0,23,0,0,2,0,0,6,6,7,9,3,0,0,3,8,12,5,0,0,1,0,0,0,0,0,5,0,0,0,0,107,1,0,1,1,0,7,17,0,0,0,22,2,2,1,0,0,1,1,0,0,24,0,0,0,4,0,0,2,0,0,0,68,21,0,13,0,0,0,0,0,0,0,0,0,0,0,0,0,0,0,3,0,0,0,0,0,0,0,0,0,0,0,0,0,0,0,0,0,0,22,0,0,0,0,0,0,0,0,39,28,0,2,0,0,0,0,0,0,0,0,0,0,0,0,0,0,1,0,0,0,0,0,1,0,0,0,0,0,0,0,0,0,0,0,0,0,0,0,0,0,0,0,0,0,0,0,0,0,0,0,0,0,0,0,0,0,0
2b95e89d8810d073adf3ef93aff9fe0b,6.6,319,198,2585,241,80,77,449,1394,2802,1157,10,19,152,12,3209,32,77,0,2,130,756,1,39,2,1629,18,8,2,71,322,138,354,32,485,57,4,9,12,18,2,41,28,5,37,39,0,2,5,1634,15,3,0,0,0,3,26,0,0,0,0,1,0,1,3844,169,92,623,6,4,0,21,0,0,5,0,936,623,8,9,995,7188,3686,2541,6,62,1,3,3,7,156,21,64,381,55,8,108,121,2,1,70,255,4,23,49,57,0,3,1,11,7,5,17,16,2,1,49,93,3,0,135,2,23,0,0,2,0,0,6,6,7,9,3,0,0,3,8,12,5,0,0,1,0,0,0,0,0,5,0,0,0,0,107,1,0,1,1,0,7,17,0,0,0,19,2,2,1,0,0,1,1,0,0,28,0,0,0,4,0,0,2,0,0,0,56,21,0,13,0,0,0,0,0,0,0,0,0,0,0,0,0,0,0,3,0,0,0,0,0,0,0,0,0,0,0,0,0,0,0,0,0,0,19,0,0,0,0,0,0,0,0,30,22,0,2,0,0,0,0,0,0,0,0,0,0,0,0,0,0,1,0,0,0,0,0,1,0,0,0,0,0,0,0,0,0,0,0,0,0,0,0,0,0,0,0,0,0,0,0,0,0,0,0,0,0,0,0,0,0,0
2b2468b4684dd542a8441b570bcf9dd3,6.2,269,164,1582,212,76,67,511,1411,2800,1198,9,19,163,11,3768,32,82,0,2,128,836,1,35,2,2120,23,7,2,63,321,134,388,41,497,50,2,6,15,43,2,41,28,5,37,48,0,1,4,2125,19,3,0,0,0,1,27,0,0,0,0,1,0,1,3747,180,93,110,6,1,0,21,0,0,6,0,1048,693,8,13,970,1982,3447,2550,5,110,1,4,4,7,169,21,125,394,116,7,105,125,2,1,70,284,3,19,42,50,0,3,1,11,7,5,15,16,2,1,39,93,3,0,135,2,23,0,0,2,0,0,6,3,7,9,3,0,0,3,8,12,4,0,0,1,0,0,0,0,0,5,0,0,0,0,54,1,0,1,1,0,10,23,0,0,0,17,2,2,1,0,0,1,1,0,0,28,0,0,0,4,0,0,2,0,0,0,50,21,0,13,0,0,0,0,0,0,0,0,0,0,0,0,0,0,0,3,0,0,0,0,0,0,0,0,0,0,0,0,0,0,0,0,0,0,17,1,0,0,0,0,0,0,0,31,20,0,2,0,0,0,0,0,0,0,0,0,0,0,0,0,0,1,0,0,0,0,0,1,0,0,0,0,0,0,0,0,0,0,0,0,0,0,0,0,0,0,0,0,0,0,0,0,0,0,0,0,0,0,0,0,0,0
2b3867b62a21ac206f94f97c3c07af31,6.4,252,175,2458,171,80,69,445,1387,2791,1154,6,19,152,9,3111,36,57,0,2,99,720,1,36,1,1578,18,5,1,67,315,118,366,34,485,37,4,8,12,17,2,38,28,5,37,41,0,1,5,1582,13,3,0,0,0,2,23,0,0,0,0,1,0,1,4162,164,92,93,6,2,0,18,0,0,2,0,926,602,8,8,1050,2317,3151,2417,7,73,0,1,1,5,154,9,55,306,55,7,108,125,0,1,59,266,3,24,48,56,0,2,0,16,1,0,11,8,0,0,48,91,2,0,135,0,23,0,0,3,1,0,6,6,7,9,3,0,0,3,8,12,5,0,0,1,0,0,0,0,0,5,0,0,0,0,107,1,0,1,1,0,10,23,0,0,0,22,2,2,1,0,0,1,1,0,0,28,0,0,0,4,0,0,2,0,0,0,69,21,0,13,0,0,0,0,0,0,0,0,0,0,0,0,0,0,0,3,1,0,0,0,0,0,0,0,0,0,0,0,0,0,0,0,0,0,22,0,0,0,0,0,0,0,0,34,27,0,2,0,0,0,0,0,0,0,0,0,0,0,0,0,0,1,0,0,0,0,0,1,0,0,0,0,0,0,0,0,0,0,0,0,0,0,0,0,0,0,0,0,0,0,0,0,0,0,0,0,0,0,0,0,0,0
2b6520b384357ab7d44bb6d4c588002d,3.0,37,73,852,65,8,18,0,70,67,82,42,0,50,4,178,6,17,0,0,11,8,0,5,0,2,0,0,0,0,0,6,21,0,1,2,2,2,0,9,0,0,0,0,0,0,0,0,2,4,2,1,0,0,0,3,25,0,0,0,0,0,0,0,5,4,5,5,0,0,0,40,0,0,1,0,2,0,2,3,0,204,2,734,3,1,0,0,0,0,2,0,2,39,4,0,24,0,0,0,0,0,2,4,1,2,0,0,0,0,0,0,1,0,0,0,1,1,0,1426,0,2,10,0,0,2,2,0,4,0,2,0,0,0,0,0,0,0,2,0,0,0,0,0,0,0,0,0,0,0,0,0,230,0,0,0,0,5,7,19,0,0,0,1,2,2,1,0,0,0,0,2,0,0,0,0,0,0,0,0,2,0,1,0,1,0,0,0,0,0,0,0,0,0,0,0,0,0,0,0,0,0,0,0,0,0,0,0,0,0,0,0,0,0,0,0,0,0,0,0,0,0,0,0,0,0,0,0,0,0,0,0,0,0,0,0,0,0,0,0,0,0,0,0,0,0,0,0,0,0,0,0,0,0,0,0,0,0,0,0,0,0,0,0,0,0,0,0,0,0,0,0,0,0,0,0,0,0,0,0,0,0,0,0,0,0,0,0,0,0
2b8131c194e66de121ca789ad68cf78c,5.8,154,320,2251,549,81,148,683,1486,2899,1258,35,19,156,32,4139,41,105,0,10,333,1262,1,91,10,1365,23,22,8,81,356,224,416,38,504,157,2,14,15,51,2,56,28,5,37,45,0,9,4,1375,45,3,0,0,0,2,54,0,0,0,0,1,0,1,3041,233,93,239,6,1,0,36,0,0,29,0,2054,1404,8,19,1053,1625,1767,2337,7,131,9,22,22,16,204,111,169,316,115,15,105,125,21,5,129,287,3,26,72,80,0,11,9,19,59,45,51,56,12,6,44,103,8,2,136,10,23,0,0,2,0,0,6,3,7,9,3,0,0,3,8,12,4,0,0,1,0,0,0,0,0,5,0,0,0,0,54,1,0,1,1,0,10,23,0,0,0,22,2,2,1,0,0,1,1,0,0,28,0,0,0,4,0,0,2,0,0,0,66,21,0,13,0,0,0,0,0,0,0,0,0,0,0,0,0,0,0,3,0,0,0,0,0,0,0,0,0,0,0,0,0,0,0,0,0,0,22,1,0,0,0,0,0,0,0,38,26,0,2,0,0,0,0,0,0,0,0,0,0,0,0,0,0,1,0,0,0,0,0,1,0,0,0,0,0,0,0,0,0,0,0,0,0,0,0,0,0,0,0,0,0,0,0,0,0,0,0,0,0,0,0,0,0,0
2b82578ef0be8d9967f6ee3e6afd613b,3.6,94,133,1636,108,61,49,29,653,464,533,2,16,101,8,369,1,34,0,1,47,23,1,12,1,12,5,4,1,0,255,40,123,1,225,9,9,6,7,10,0,1,28,4,28,1,0,1,4,16,7,3,0,0,0,2,8,0,0,0,0,1,0,0,2046,25,68,40,8,0,0,18,0,0,4,0,6,0,8,2,0,311,1923,3119,0,21,0,0,0,0,16,0,3,96,6,4,17,2,0,2,1,28,2,8,8,15,0,0,0,0,0,0,10,8,0,0,8,79,0,0,135,0,15,0,0,2,0,0,4,6,11,0,0,0,0,0,8,12,4,0,0,1,0,0,0,0,0,5,0,0,0,0,107,2,0,0,0,0,8,19,0,0,0,4,2,2,1,0,0,0,0,0,0,27,0,0,0,4,0,0,2,0,0,0,12,7,0,13,0,0,0,0,0,0,0,0,0,0,0,0,0,0,0,0,0,0,1,0,0,0,0,0,0,0,0,0,0,0,0,0,0,0,4,0,0,0,0,0,0,0,0,4,4,0,2,0,0,0,0,0,0,0,0,0,0,0,0,0,0,0,0,0,0,0,0,0,0,0,0,0,0,0,0,0,0,0,0,0,0,0,0,0,0,0,0,0,0,0,0,0,0,0,0,0,0,0,0,0,0,0
2b9567003dad1496c36e9ba1a73b1e3a,6.8,160,177,1622,243,76,76,536,1415,2806,1199,11,19,151,12,3712,32,69,0,3,157,901,1,47,3,1868,24,7,2,75,324,134,386,36,493,58,2,7,16,43,2,41,28,5,37,45,0,2,4,1873,19,3,0,0,0,1,28,0,0,0,0,1,0,1,3973,186,93,183,6,0,0,21,0,0,9,0,1320,872,8,12,1233,2627,2172,2653,9,112,2,6,6,9,172,33,124,283,115,8,105,123,4,1,72,278,3,20,50,58,0,4,2,14,13,10,15,16,2,1,49,93,3,0,135,2,23,0,0,3,1,0,6,3,7,9,3,0,0,3,8,12,4,0,0,1,0,0,0,0,0,5,0,0,0,0,54,1,0,1,1,0,10,23,0,0,0,22,2,2,1,0,0,1,1,0,0,28,0,0,0,4,0,0,2,0,0,0,65,21,0,13,0,0,0,0,0,0,0,0,0,0,0,0,0,0,0,3,0,0,0,0,0,0,0,0,0,0,0,0,0,0,0,0,0,0,22,0,0,0,0,0,0,0,0,36,25,0,2,0,0,0,0,0,0,0,0,0,0,0,0,0,0,1,0,0,0,0,0,1,0,0,0,0,0,0,0,0,0,0,0,0,0,0,0,0,0,0,0,0,0,0,0,0,0,0,0,0,0,0,0,0,0,0
2b17461488a09a3b4f107abf461107ab,6.6,248,218,2704,340,81,89,506,1402,2816,1164,14,19,141,15,3308,38,63,0,4,174,1272,1,46,3,1458,17,11,3,65,334,158,367,29,472,70,4,10,12,19,2,44,28,6,39,36,0,3,5,1464,17,4,0,0,0,4,29,0,0,0,0,1,0,1,3715,247,93,117,6,2,0,24,0,0,8,0,1279,855,8,10,1116,1938,2723,2444,7,79,2,5,5,8,230,33,73,318,55,9,98,121,4,1,81,264,3,28,54,62,0,4,2,18,15,10,23,24,4,2,40,97,4,0,135,4,18,0,0,2,0,0,6,6,7,9,3,0,0,3,8,12,5,0,0,1,0,0,0,0,0,5,0,0,0,0,107,2,0,1,1,0,7,17,0,0,0,19,2,2,1,0,0,1,1,0,0,28,0,0,0,4,0,0,2,0,0,0,57,21,0,13,0,0,0,0,0,0,0,0,0,0,0,0,0,0,0,3,1,0,0,0,0,0,0,0,0,0,0,0,0,0,0,0,0,0,19,0,0,0,0,0,0,0,0,30,23,0,2,0,0,0,0,0,0,0,0,0,0,0,0,0,0,1,0,0,0,0,0,1,0,0,0,0,0,0,0,0,0,0,0,0,0,0,0,0,0,0,0,0,0,0,0,0,0,0,0,0,0,0,0,0,0,0
2ba20a90a52b9d9fbb68e419566121bc,6.6,248,199,2706,307,81,116,492,1405,2816,1176,14,19,153,15,3207,32,95,0,3,156,826,1,46,3,1450,17,10,3,65,292,154,357,34,477,70,4,14,9,19,2,44,24,5,33,41,0,3,5,1456,17,3,0,0,0,4,31,0,0,0,0,1,0,1,3777,182,93,113,6,0,0,24,0,0,8,0,1106,737,8,10,1062,2153,2724,2436,7,67,2,5,5,8,165,31,73,318,55,9,108,125,4,1,81,266,3,24,48,56,0,4,2,12,13,10,23,24,4,2,40,95,4,0,135,6,23,0,0,2,0,0,6,6,7,9,3,0,0,3,8,12,5,0,0,1,0,0,0,0,0,5,0,0,0,0,107,1,0,1,1,0,7,17,0,0,0,20,2,2,1,0,0,1,1,0,0,24,0,0,0,4,0,0,2,0,0,0,68,21,0,13,0,0,0,0,0,0,0,0,0,0,0,0,0,0,0,3,0,0,0,0,0,0,0,0,0,0,0,0,0,0,0,0,0,0,20,2,0,0,0,0,0,0,0,42,32,0,2,0,0,0,0,0,0,0,0,0,0,0,0,0,0,1,0,0,0,0,0,1,0,0,0,0,0,0,0,0,0,0,0,0,0,0,0,0,0,0,0,0,0,0,0,0,0,0,0,0,0,0,0,0,0,0
2ba700cb64a96de67c7dfc8028ad0760,6.4,258,2217,4477,182,73,68,453,1398,2804,1158,6,19,143,9,3104,32,69,0,1,98,708,1,28,1,1657,17,5,1,59,286,118,354,33,682,30,4,4,9,17,2,38,25,5,34,40,0,1,5,1661,13,3,0,0,0,2,23,0,0,0,0,1,0,1,4147,166,93,89,6,0,0,18,0,0,2,0,774,501,8,8,1128,2249,2988,2398,7,60,0,1,1,5,156,9,59,316,59,7,108,125,0,2,59,272,3,22,38,46,0,2,0,10,1,0,11,8,0,0,38,91,2,0,135,0,18,0,0,3,1,0,6,6,7,9,3,0,0,3,8,12,5,0,0,1,0,0,0,0,0,5,0,0,0,0,107,1,0,1,1,0,7,17,0,0,0,22,2,2,1,0,0,1,1,0,0,25,0,0,0,4,0,0,2,0,0,0,67,21,0,13,0,0,0,0,0,0,0,0,0,0,0,0,0,0,0,3,0,0,0,0,0,0,0,0,0,0,0,0,0,0,0,0,0,0,22,0,0,0,0,0,0,0,0,34,27,0,2,0,0,0,0,0,0,0,0,0,0,0,0,0,0,1,0,0,0,0,0,1,0,0,0,0,0,0,0,0,0,0,0,0,0,0,0,0,0,0,0,0,0,0,0,0,0,0,0,0,0,0,0,0,0,0
2baa63614a6421a972595fb8822863a2,6.6,122,171936,173630,162,69,53,435,1345,2791,1117,5,18,142,7,1545,32,65,0,1,95,671,1,26,1,192,17,4,1,59,279,116,344,35,454,30,2,7,10,11,2,38,23,5,32,42,0,1,4,195,7,3,0,0,0,2,12,2,2,73,0,0,0,1,1481,157,94,74,6,0,0,18,0,0,1,0,769,496,8,8,312,1494,1287,831,0,65,0,0,0,5,142,9,11,134,11,5,85,125,0,2,59,266,3,18,37,45,0,2,0,10,1,0,9,8,0,0,38,91,2,0,135,0,23,0,0,2,0,0,6,3,7,9,3,0,0,3,8,12,4,0,0,0,0,0,0,0,0,5,0,0,0,0,54,1,0,1,1,0,10,23,0,0,0,13,2,2,1,0,0,1,1,0,0,23,0,0,0,4,0,0,2,0,0,0,36,21,0,13,0,0,0,0,0,0,0,0,0,0,0,0,0,0,0,3,0,0,0,0,0,0,0,0,0,0,0,0,0,0,0,0,0,0,13,0,0,0,0,0,0,0,0,22,14,0,2,0,0,0,0,0,0,0,0,0,0,0,0,0,0,1,0,0,0,0,0,1,0,0,0,0,0,0,0,0,0,0,0,0,0,0,0,0,0,0,0,0,0,0,0,0,0,0,0,0,0,0,0,0,0,0
2bae27c23d95cb6e69382765f07e0e37,7.2,208,272,2958,444,83,116,546,1438,2890,1204,22,19,143,21,3345,50,138,0,5,210,962,1,72,5,1115,18,16,5,77,344,190,381,33,495,121,4,12,12,24,2,50,28,5,37,40,0,5,5,1123,53,3,0,0,0,6,51,0,0,0,0,1,0,1,3000,199,93,158,6,2,0,30,0,0,14,0,1376,931,8,12,910,2172,2038,2094,11,70,4,10,10,10,179,55,91,294,55,11,98,126,11,3,103,266,3,26,64,72,0,7,4,14,27,20,35,40,8,4,52,99,6,4,137,4,18,0,0,3,1,0,6,6,7,9,3,0,0,3,8,12,5,0,0,1,0,0,0,0,0,5,0,0,0,0,107,1,0,1,1,0,7,17,0,0,0,19,2,2,1,0,0,1,1,0,0,28,0,0,0,4,0,0,2,0,0,0,55,21,0,13,0,0,0,0,0,0,0,0,0,0,0,0,0,0,0,3,0,0,0,0,0,0,0,0,0,0,0,0,0,0,0,0,0,0,19,2,0,0,0,0,0,0,0,27,21,0,2,0,0,0,0,0,0,0,0,0,0,0,0,0,0,1,0,0,0,0,0,1,0,0,0,0,0,0,0,0,0,0,0,0,0,0,0,0,0,0,0,0,0,0,0,0,0,0,0,0,0,0,0,0,0,0
2bb33ee90c966804750172a7fd5ce01b,6.2,273,157,1522,216,76,66,522,1407,2800,1185,9,19,151,10,3249,32,84,0,2,128,836,1,41,2,1544,24,8,2,71,324,134,401,38,482,57,2,6,16,43,2,41,28,5,37,45,0,1,4,1549,19,3,0,0,0,1,26,0,0,0,0,1,0,1,3746,183,92,114,6,2,0,21,0,0,6,0,1049,691,8,11,1045,1631,3259,2502,6,110,1,4,4,7,172,21,124,397,115,7,95,125,2,1,70,293,3,19,48,56,0,3,1,11,9,5,15,16,2,1,49,93,3,0,135,2,23,0,0,2,0,0,6,3,7,9,3,0,0,3,8,12,4,0,0,1,0,0,0,0,0,5,0,0,0,0,54,1,0,1,1,0,10,23,0,0,0,20,2,2,1,0,0,1,1,0,0,28,0,0,0,4,0,0,2,0,0,0,65,21,0,13,0,0,0,0,0,0,0,0,0,0,0,0,0,0,0,3,0,0,0,0,0,0,0,0,0,0,0,0,0,0,0,0,0,0,20,0,0,0,0,0,0,0,0,30,25,0,2,0,0,0,0,0,0,0,0,0,0,0,0,0,0,1,0,0,0,0,0,1,0,0,0,0,0,0,0,0,0,0,0,0,0,0,0,0,0,0,0,0,0,0,0,0,0,0,0,0,0,0,0,0,0,0
2bb99857e667cd823d677729ef018568,7.2,229,177,2608,247,80,106,470,1393,2803,1157,10,19,152,12,3180,32,96,0,2,130,776,1,38,2,1585,17,7,2,63,286,136,353,35,476,50,4,13,9,18,2,41,24,5,33,42,0,2,5,1590,15,3,0,0,0,3,27,0,0,0,0,1,0,1,4099,175,93,103,6,0,0,21,0,0,5,0,975,644,8,9,1100,2779,2512,2435,8,62,1,3,3,7,161,21,64,291,55,8,108,123,2,1,70,266,3,23,43,51,0,3,1,11,7,5,17,16,2,1,39,93,3,0,135,4,18,0,0,3,1,0,6,6,7,9,3,0,0,3,8,12,5,0,0,1,0,0,0,0,0,5,0,0,0,0,107,1,0,1,1,0,7,17,0,0,0,20,2,2,1,0,0,1,1,0,0,24,0,0,0,4,0,0,2,0,0,0,59,21,0,13,0,0,0,0,0,0,0,0,0,0,0,0,0,0,0,3,0,0,0,0,0,0,0,0,0,0,0,0,0,0,0,0,0,0,20,2,0,0,0,0,0,0,0,33,23,0,2,0,0,0,0,0,0,0,0,0,0,0,0,0,0,1,0,0,0,0,0,1,0,0,0,0,0,0,0,0,0,0,0,0,0,0,0,0,0,0,0,0,0,0,0,0,0,0,0,0,0,0,0,0,0,0
2bbba728bd7f13a6c1d9baaef66c3530,5.8,246,177,2500,165,87,68,444,1387,2785,1168,6,17,139,9,3062,32,69,0,1,98,707,1,34,1,1609,18,5,1,67,280,118,352,34,431,37,4,8,11,17,2,38,24,5,33,41,0,1,5,1613,13,3,0,0,0,2,24,0,0,0,0,1,0,1,4150,165,90,73,6,2,0,18,0,0,2,0,767,497,8,8,1208,1825,2959,2760,5,61,0,1,1,5,155,9,55,300,55,7,98,121,0,2,59,266,3,22,44,52,0,2,0,10,1,0,11,8,0,0,48,91,2,0,135,0,18,0,0,2,0,0,6,6,7,9,3,0,0,3,8,12,5,0,0,1,0,0,0,0,0,5,0,0,0,0,107,1,0,1,1,0,7,17,0,0,0,22,2,2,1,0,0,1,1,0,0,24,0,0,0,4,0,0,2,0,0,0,66,21,0,13,0,0,0,0,0,0,0,0,0,0,0,0,0,0,0,3,0,0,0,0,0,0,0,0,0,0,0,0,0,0,0,0,0,0,22,0,0,0,0,0,0,0,0,34,26,0,2,0,0,0,0,0,0,0,0,0,0,0,0,0,0,1,0,0,0,0,0,1,0,0,0,0,0,0,0,0,0,0,0,0,0,0,0,0,0,0,0,0,0,0,0,0,0,0,0,0,0,0,0,0,0,0
2bbd18ed2674f8f64202c8c64a2fb978,6.4,284,194,1908,352,81,87,494,1412,2815,1173,14,19,153,15,3211,32,96,0,3,144,817,1,43,3,1534,17,10,3,61,327,154,364,35,706,70,4,6,11,20,2,44,28,5,37,42,0,3,5,1540,17,3,0,0,0,4,31,0,0,0,0,1,0,1,3658,177,92,128,6,4,0,24,0,0,8,0,958,635,8,10,1025,1832,2954,2480,7,64,2,6,6,6,162,31,73,354,55,9,98,124,5,3,81,264,3,24,48,56,0,5,2,12,15,10,23,24,4,2,40,95,4,0,135,4,18,0,0,2,0,0,6,6,7,9,3,0,0,3,8,12,5,0,0,1,0,0,0,0,0,5,0,0,0,0,107,1,0,1,1,0,7,17,0,0,0,19,2,2,1,0,0,1,1,0,0,28,0,0,0,4,0,0,2,0,0,0,56,21,0,13,0,0,0,0,0,0,0,0,0,0,0,0,0,0,0,3,0,0,0,0,0,0,0,0,0,0,0,0,0,0,0,0,0,0,19,0,0,0,0,0,0,0,0,30,22,0,2,0,0,0,0,0,0,0,0,0,0,0,0,0,0,1,0,0,0,0,0,1,0,0,0,0,0,0,0,0,0,0,0,0,0,0,0,0,0,0,0,0,0,0,0,0,0,0,0,0,0,0,0,0,0,0
2bc597c2ea2e496a8234456e450bb51e,6.6,254,220,2703,298,81,88,488,1401,2816,1162,14,19,141,15,3134,32,70,0,3,156,807,1,51,3,1384,18,11,3,73,329,154,368,32,490,77,4,10,12,19,2,44,28,5,37,39,0,3,5,1390,17,3,0,0,0,4,31,0,0,0,0,1,0,1,3785,181,92,114,6,4,0,24,0,0,8,0,1064,714,8,10,1187,1833,2705,2455,7,65,2,5,5,8,164,31,73,324,55,9,118,125,4,1,81,264,3,24,54,62,0,4,2,12,13,10,23,24,4,2,50,95,4,0,135,4,18,0,0,2,0,0,6,6,7,9,3,0,0,3,8,12,5,0,0,1,0,0,0,0,0,5,0,0,0,0,107,1,0,1,1,0,7,17,0,0,0,20,2,2,1,0,0,1,1,0,0,28,0,0,0,4,0,0,2,0,0,0,62,21,0,13,0,0,0,0,0,0,0,0,0,0,0,0,0,0,0,3,0,0,0,0,0,0,0,0,0,0,0,0,0,0,0,0,0,0,20,0,0,0,0,0,0,0,0,34,27,0,2,0,0,0,0,0,0,0,0,0,0,0,0,0,0,1,0,0,0,0,0,1,0,0,0,0,0,0,0,0,0,0,0,0,0,0,0,0,0,0,0,0,0,0,0,0,0,0,0,0,0,0,0,0,0,0
2bd6cb4debc8e41649ffd5729cad840f,5.8,108,176,2514,210,126,71,448,1406,2801,1217,6,14,190,9,1418,34,55,0,1,126,736,1,30,1,13,13,5,1,55,348,92,353,34,430,31,5,8,12,17,2,38,33,4,39,41,0,1,6,17,13,3,0,0,0,2,25,0,0,0,0,1,0,1,2742,164,78,1242,6,5,0,31,1,1,2,0,774,500,8,8,1049,13233,2435,1491,5,27,0,1,1,5,154,9,57,164,57,7,109,125,0,1,49,256,3,24,39,47,0,2,0,10,1,0,11,8,0,0,33,64,2,0,135,0,23,0,0,2,0,0,6,6,10,9,3,0,0,3,12,12,6,0,0,1,0,0,0,0,0,5,0,0,0,0,107,0,0,1,1,0,12,23,0,0,0,12,2,2,3,0,0,1,1,25,0,33,0,2,0,9,1,29,2,0,0,0,29,21,0,55,1,1,1,2,2,2,0,0,0,0,0,0,0,0,0,0,0,0,0,0,0,0,0,0,0,0,0,0,0,0,0,0,0,0,12,0,0,0,0,0,0,0,0,12,11,0,2,0,0,0,0,0,0,0,0,0,0,0,0,0,0,1,0,0,0,0,0,0,0,0,0,0,0,0,0,0,0,0,0,0,0,0,0,0,0,0,0,0,0,0,0,0,0,0,0,0,0,0,0,0,0,0
2bd72ed3b3af4141c1336c39efba149f,6.2,201,159,1561,230,76,68,497,1408,2801,1186,9,19,151,10,3351,36,69,0,3,132,850,1,43,2,1595,24,7,2,71,324,134,389,34,490,57,2,6,16,43,2,41,28,5,37,41,0,1,4,1600,19,3,0,0,0,1,27,0,0,0,0,1,0,1,3793,181,92,116,6,2,0,21,0,0,6,0,1195,791,8,11,1041,1960,2590,2512,6,124,1,4,4,12,169,21,124,325,115,7,105,123,2,1,70,281,3,21,52,60,0,3,1,17,7,5,15,16,2,1,49,93,3,0,135,2,23,0,0,2,0,0,6,3,7,9,3,0,0,3,8,12,4,0,0,1,0,0,0,0,0,5,0,0,0,0,54,1,0,1,1,0,10,23,0,0,0,21,2,2,1,0,0,1,1,0,0,28,0,0,0,4,0,0,2,0,0,0,65,21,0,13,0,0,0,0,0,0,0,0,0,0,0,0,0,0,0,3,1,0,0,0,0,0,0,0,0,0,0,0,0,0,0,0,0,0,21,0,0,0,0,0,0,0,0,36,27,0,2,0,0,0,0,0,0,0,0,0,0,0,0,0,0,1,0,0,0,0,0,1,0,0,0,0,0,0,0,0,0,0,0,0,0,0,0,0,0,0,0,0,0,0,0,0,0,0,0,0,0,0,0,0,0,0
2be088ef14c5dc53b6d4181bbe61de21,6.6,114,277,2944,443,131,114,578,1449,2872,1251,22,14,194,22,2138,41,174,0,5,210,960,1,72,5,17,14,16,5,73,378,160,398,36,446,120,5,12,13,23,2,50,33,4,39,43,0,5,6,25,37,3,0,0,0,5,51,0,0,0,0,1,0,1,2223,201,78,1192,6,5,0,43,1,1,15,0,1361,919,8,14,1008,12060,1604,1219,7,38,4,10,10,10,182,55,94,203,58,12,119,124,10,3,93,274,3,26,63,71,0,6,4,14,27,20,35,40,8,4,47,72,6,2,136,6,23,0,0,2,0,0,6,6,10,9,3,0,0,3,12,12,6,0,0,1,0,0,0,0,0,5,0,0,0,0,107,0,0,1,1,0,12,23,0,0,0,11,2,2,3,0,0,1,1,25,0,33,0,2,0,9,1,28,2,0,0,0,27,21,0,55,1,1,1,2,2,2,0,0,0,0,0,0,0,0,0,0,0,0,0,0,0,0,0,0,0,0,0,0,0,0,0,0,0,0,11,0,0,0,0,0,0,0,0,11,10,0,2,0,0,0,0,0,0,0,0,0,0,0,0,0,0,1,0,0,0,0,0,0,0,0,0,0,0,0,0,0,0,0,0,0,0,0,0,0,0,0,0,0,0,0,0,0,0,0,0,0,0,0,0,0,0,0
2be7534ff35072fa7e96ee4a718c60c1,6.4,264,182,2549,180,80,68,449,1387,2789,1164,6,19,152,9,3107,32,79,0,1,98,726,1,32,1,1620,18,4,1,67,315,118,363,32,486,37,4,8,12,17,2,38,28,5,37,39,0,1,5,1624,13,3,0,0,0,2,24,0,0,0,0,1,0,1,4159,166,93,120,6,2,0,18,0,0,2,0,810,521,8,9,949,2956,2889,2475,7,59,0,1,1,10,155,9,55,318,55,7,98,121,0,1,59,269,3,22,44,52,0,3,0,10,1,0,11,8,0,0,48,91,2,0,135,0,23,0,0,3,1,0,6,6,7,9,3,0,0,3,8,12,5,0,0,1,0,0,0,0,0,5,0,0,0,0,107,1,0,1,1,0,10,23,0,0,0,22,2,2,1,0,0,1,1,0,0,28,0,0,0,4,0,0,2,0,0,0,66,21,0,13,0,0,0,0,0,0,0,0,0,0,0,0,0,0,0,3,0,0,0,0,0,0,0,0,0,0,0,0,0,0,0,0,0,0,22,2,0,0,0,0,0,0,0,33,26,0,2,0,0,0,0,0,0,0,0,0,0,0,0,0,0,1,0,0,0,0,0,1,0,0,0,0,0,0,0,0,0,0,0,0,0,0,0,0,0,0,0,0,0,0,0,0,0,0,0,0,0,0,0,0,0,0
2be83472cf7b53fda9b5820493f7b6e8,6.8,249,157,1531,283,76,67,482,1405,2800,1184,9,19,151,10,3511,32,54,0,2,137,1254,1,37,2,1886,23,8,2,63,330,134,355,30,477,50,2,6,16,43,2,41,29,5,38,37,0,1,4,1891,19,3,0,0,0,1,27,0,0,0,0,1,0,1,3998,238,92,113,6,2,0,21,0,0,6,0,1055,702,8,11,980,2308,3099,2564,8,110,1,4,4,7,227,23,124,373,115,7,105,121,2,1,70,260,3,19,42,50,0,3,1,11,7,5,15,16,2,1,39,93,3,0,135,2,23,0,0,3,1,0,6,3,7,9,3,0,0,3,8,12,4,0,0,1,0,0,0,0,0,5,0,0,0,0,54,1,0,1,1,0,10,23,0,0,0,59,2,2,1,0,0,1,1,0,0,29,0,0,0,4,0,0,2,0,0,0,139,21,0,13,0,0,0,0,0,0,0,0,0,0,0,0,0,0,0,3,0,0,0,0,0,0,0,0,0,0,0,0,0,0,0,0,0,0,59,0,0,0,0,0,0,0,0,75,25,0,2,0,0,0,0,0,0,0,0,0,0,0,0,0,0,1,0,0,0,0,0,1,0,0,0,0,0,0,0,0,0,0,0,0,0,0,0,0,0,0,0,0,0,0,0,0,0,0,0,0,0,0,0,0,0,0
2bea411e87aed1408d5deef1e71622a2,6.6,220,2428,5768,409,78,108,546,1452,2858,1206,22,20,148,21,3421,32,110,0,5,196,954,1,63,5,1445,17,16,5,65,315,190,371,35,705,110,4,8,9,23,2,50,25,5,34,42,0,5,5,1453,21,3,0,0,0,2,40,0,0,0,0,1,0,1,3348,193,96,170,6,0,0,30,0,0,14,0,1212,818,8,12,910,2031,2331,2187,5,73,4,10,10,8,172,55,95,310,59,11,98,125,9,6,103,266,3,26,58,66,0,6,4,14,29,20,35,40,8,4,42,99,6,0,135,8,23,0,0,2,0,0,6,6,7,9,3,0,0,3,8,12,5,0,0,1,0,0,0,0,0,5,0,0,0,0,107,1,0,1,1,0,10,23,0,0,0,19,2,2,1,0,0,1,1,0,0,25,0,0,0,4,0,0,2,0,0,0,56,21,0,13,0,0,0,0,0,0,0,0,0,0,0,0,0,0,0,3,0,0,0,0,0,0,0,0,0,0,0,0,0,0,0,0,0,0,19,0,0,0,0,0,0,0,0,30,22,0,2,0,0,0,0,0,0,0,0,0,0,0,0,0,0,1,0,0,0,0,0,1,0,0,0,0,0,0,0,0,0,0,0,0,0,0,0,0,0,0,0,0,0,0,0,0,0,0,0,0,0,0,0,0,0,0
2bf12f5a7cbd251565e80fd121ef46b7,6.6,250,225,2745,309,82,91,497,1416,2840,1179,14,19,154,16,3161,41,125,0,3,145,837,1,51,3,1336,18,11,3,69,329,154,372,34,492,79,4,10,12,21,2,44,28,5,37,41,0,3,5,1342,33,3,0,0,0,6,39,0,0,0,0,1,0,1,3787,179,92,130,6,4,0,24,0,0,8,0,1002,663,8,13,1047,2036,2803,2487,8,64,2,6,6,16,166,31,74,321,56,10,118,126,6,3,81,266,3,24,54,62,0,4,2,12,13,10,23,24,4,2,50,95,4,2,136,2,23,0,0,2,0,0,6,6,7,9,3,0,0,3,8,12,5,0,0,1,0,0,0,0,0,5,0,0,0,0,107,1,0,1,1,0,10,23,0,0,0,22,2,2,1,0,0,1,1,0,0,28,0,0,0,4,0,0,2,0,0,0,73,21,0,13,0,0,0,0,0,0,0,0,0,0,0,0,0,0,0,3,0,0,0,0,0,0,0,0,0,0,0,0,0,0,0,0,0,0,22,0,0,0,0,0,0,0,0,43,33,0,2,0,0,0,0,0,0,0,0,0,0,0,0,0,0,1,0,0,0,0,0,1,0,0,0,0,0,0,0,0,0,0,0,0,0,0,0,0,0,0,0,0,0,0,0,0,0,0,0,0,0,0,0,0,0,0
2bf75b21d35f3fe0f8eda48f57cea419,5.8,258,182,2548,231,80,68,428,1384,2790,1152,6,19,164,9,2889,36,65,0,1,98,688,1,30,1,1502,17,5,1,59,314,122,343,33,487,30,4,8,11,17,2,38,28,5,37,40,0,1,5,1506,13,3,0,0,0,2,23,0,0,0,0,1,0,1,3809,160,93,650,6,2,0,18,0,0,2,0,734,481,8,8,1057,7739,2645,2319,1,59,0,1,1,10,149,9,55,312,55,7,98,123,0,1,59,255,4,22,38,50,0,2,0,10,1,0,11,8,0,0,38,91,2,0,135,0,23,0,0,2,0,0,6,6,7,9,3,0,0,3,8,12,5,0,0,1,0,0,0,0,0,5,0,0,0,0,107,1,0,1,1,0,10,23,0,0,0,19,2,2,1,0,0,1,1,0,0,28,0,0,0,4,0,0,2,0,0,0,57,21,0,13,0,0,0,0,0,0,0,0,0,0,0,0,0,0,0,3,0,0,0,0,0,0,0,0,0,0,0,0,0,0,0,0,0,0,19,2,0,0,0,0,0,0,0,31,23,0,2,0,0,0,0,0,0,0,0,0,0,0,0,0,0,1,0,0,0,0,0,1,0,0,0,0,0,0,0,0,0,0,0,0,0,0,0,0,0,0,0,0,0,0,0,0,0,0,0,0,0,0,0,0,0,0
2bf94b5b8f8bcde9e5332b71313a1a5c,6.6,241,237,2131,470,84,116,581,1516,2897,1265,20,20,156,21,3463,42,102,0,5,230,965,1,61,5,1255,17,16,5,69,349,194,408,40,514,112,4,10,12,23,2,50,28,6,38,47,0,5,5,1263,37,4,0,0,0,7,42,0,0,0,0,1,0,1,3227,208,95,162,14,0,0,30,0,0,16,0,1374,928,8,13,918,1659,2762,2215,9,72,4,10,10,11,188,55,92,328,56,10,102,126,10,3,103,285,3,28,62,71,0,6,4,14,25,20,35,40,8,4,44,146,6,2,136,5,23,0,0,2,0,0,4,6,8,9,3,0,0,3,8,12,5,0,0,1,0,0,0,0,0,5,0,0,0,0,107,2,0,1,1,0,10,23,0,0,0,19,2,2,1,0,0,1,1,0,0,28,0,0,0,4,0,0,2,0,0,0,62,21,0,13,0,0,0,0,0,0,0,0,0,0,0,0,0,0,0,3,0,0,0,0,0,0,0,0,0,0,0,0,0,0,0,0,0,0,19,0,0,0,0,0,0,0,0,32,27,0,2,0,0,0,0,0,0,0,0,0,0,0,0,0,0,1,0,0,0,0,0,1,0,0,0,0,0,0,0,0,0,0,0,0,0,0,0,0,0,0,0,0,0,0,0,0,0,0,0,0,0,0,0,0,0,0
2bfa89ad6a9a4aaf0c91c85dd0eed8dd,7.2,266,223,2711,328,82,91,495,1421,2841,1193,14,19,166,15,3159,45,120,0,4,158,872,1,52,3,1215,18,11,3,73,328,154,376,36,494,79,4,10,12,21,2,44,28,5,37,43,0,3,5,1221,33,3,0,0,0,6,38,0,0,0,0,1,0,1,3763,183,92,139,6,4,0,24,0,0,8,0,1268,845,8,10,1069,3023,3051,2343,10,81,2,6,6,8,169,35,73,336,55,9,108,124,5,3,81,264,3,26,58,66,0,4,2,18,15,10,23,24,4,2,50,95,4,2,136,2,23,0,0,3,1,0,6,6,7,9,3,0,0,3,8,12,5,0,0,1,0,0,0,0,0,5,0,0,0,0,107,1,0,1,1,0,10,23,0,0,0,22,2,2,1,0,0,1,1,0,0,28,0,0,0,4,0,0,2,0,0,0,66,21,0,13,0,0,0,0,0,0,0,0,0,0,0,0,0,0,0,3,1,0,0,0,0,0,0,0,0,0,0,0,0,0,0,0,0,0,22,0,0,0,0,0,0,0,0,35,26,0,2,0,0,0,0,0,0,0,0,0,0,0,0,0,0,1,0,0,0,0,0,1,0,0,0,0,0,0,0,0,0,0,0,0,0,0,0,0,0,0,0,0,0,0,0,0,0,0,0,0,0,0,0,0,0,0
2bfa17406ef51443f112ee3e61f3ed97,5.4,108,155,1746,197,127,70,445,1403,2800,1212,6,14,190,9,1374,32,141,0,1,99,708,1,30,1,13,13,4,1,55,348,88,349,34,652,31,5,4,12,17,2,38,33,4,39,41,0,1,6,17,13,3,0,0,0,2,26,0,0,0,0,1,0,1,2573,162,78,1113,6,5,0,31,1,1,2,0,766,493,8,8,1159,11859,2733,1480,5,29,0,1,1,5,152,9,57,164,57,7,108,123,0,1,49,254,3,22,38,45,0,2,0,10,1,0,11,8,0,0,33,64,2,0,135,0,23,0,0,2,0,0,6,6,10,9,3,0,0,3,12,12,6,0,0,1,0,0,0,0,0,5,0,0,0,0,107,0,0,1,1,0,12,23,0,0,0,12,2,2,3,0,0,1,1,25,0,33,0,2,0,9,1,29,2,0,0,0,29,21,0,55,1,1,1,2,2,2,0,0,0,0,0,0,0,0,0,0,0,0,0,0,0,0,0,0,0,0,0,0,0,0,0,0,0,0,12,0,0,0,0,0,0,0,0,12,11,0,2,0,0,0,0,0,0,0,0,0,0,0,0,0,0,1,0,0,0,0,0,0,0,0,0,0,0,0,0,0,0,0,0,0,0,0,0,0,0,0,0,0,0,0,0,0,0,0,0,0,0,0,0,0,0,0
2c0bec75f6fe8e188f29c2dd40f577a7,6.6,243,245,2804,361,83,101,518,1427,2853,1198,18,19,155,18,3140,41,113,0,4,177,886,1,53,4,1181,17,13,4,65,334,172,368,34,494,92,4,11,11,22,2,47,28,5,37,41,0,4,5,1188,35,3,0,0,0,7,40,0,0,0,0,1,0,1,3480,187,92,143,6,4,0,27,0,0,11,0,1166,782,8,11,973,2006,2664,2307,9,67,3,8,8,12,171,43,82,321,55,10,108,126,8,3,92,264,3,25,53,61,0,5,3,13,21,15,29,32,6,3,41,97,5,2,136,4,23,0,0,2,0,0,6,6,7,9,3,0,0,3,8,12,5,0,0,1,0,0,0,0,0,5,0,0,0,0,107,1,0,1,1,0,10,23,0,0,0,22,2,2,1,0,0,1,1,0,0,28,0,0,0,4,0,0,2,0,0,0,67,21,0,13,0,0,0,0,0,0,0,0,0,0,0,0,0,0,0,3,0,0,0,0,0,0,0,0,0,0,0,0,0,0,0,0,0,0,22,0,0,0,0,0,0,0,0,35,27,0,2,0,0,0,0,0,0,0,0,0,0,0,0,0,0,1,0,0,0,0,0,1,0,0,0,0,0,0,0,0,0,0,0,0,0,0,0,0,0,0,0,0,0,0,0,0,0,0,0,0,0,0,0,0,0,0
2c2e4ed481dae9564f800e8c1aaf6424,5.8,228,181,2524,173,73,68,444,1398,2806,1158,6,20,131,9,3026,32,70,0,1,98,709,1,29,1,1585,17,4,1,59,288,118,349,33,509,30,4,8,9,17,2,38,25,5,34,40,0,1,5,1589,13,3,0,0,0,2,24,0,0,0,0,1,0,1,4246,165,96,92,6,0,0,18,0,0,2,0,776,503,8,8,1167,1963,2458,2044,5,62,0,1,1,9,155,9,60,287,60,7,98,125,0,2,59,266,3,22,38,46,0,2,0,10,1,0,11,8,0,0,38,91,2,0,135,0,18,0,0,2,0,0,6,6,7,9,3,0,0,3,8,12,5,0,0,1,0,0,0,0,0,5,0,0,0,0,107,1,0,1,1,0,7,17,0,0,0,21,2,2,1,0,0,1,1,0,0,25,0,0,0,4,0,0,2,0,0,0,66,21,0,13,0,0,0,0,0,0,0,0,0,0,0,0,0,0,0,3,0,0,0,0,0,0,0,0,0,0,0,0,0,0,0,0,0,0,21,2,0,0,0,0,0,0,0,34,28,0,2,0,0,0,0,0,0,0,0,0,0,0,0,0,0,1,0,0,0,0,0,1,0,0,0,0,0,0,0,0,0,0,0,0,0,0,0,0,0,0,0,0,0,0,0,0,0,0,0,0,0,0,0,0,0,0
2c4a5edf98b656e55771a9a88ace349e,5.8,190,307,2172,579,80,216,753,1477,2913,1238,32,19,167,32,4319,51,158,0,10,321,1599,1,98,10,1571,24,26,8,81,354,209,406,33,515,149,2,14,16,50,2,53,28,5,37,40,0,9,4,1579,59,3,0,0,0,4,63,0,0,0,0,1,0,1,2755,287,92,273,6,1,0,31,0,0,29,0,1839,1263,8,86,854,2637,2367,2318,9,130,9,21,21,14,261,97,161,344,115,15,105,127,20,2,118,278,3,26,76,84,0,11,9,19,54,44,51,64,11,5,54,125,6,4,137,4,23,0,0,2,0,0,6,3,7,9,3,0,0,3,8,12,4,0,0,1,0,0,0,0,0,6,0,0,0,0,54,1,0,1,1,0,10,23,0,0,0,20,2,2,1,0,0,1,1,0,0,28,0,0,0,4,0,0,2,0,0,0,62,21,0,13,0,0,0,0,0,0,0,0,0,0,0,0,0,0,0,3,0,0,0,0,0,0,0,0,0,0,0,0,0,0,0,0,0,0,20,0,0,0,0,0,0,0,0,36,26,0,2,0,0,0,0,0,0,0,0,0,0,0,0,0,0,1,0,0,0,0,0,1,0,0,0,0,0,0,0,0,0,0,0,0,0,0,0,0,0,0,0,0,0,0,0,0,0,0,0,0,0,0,0,0,0,0
2c5c61e525865b9f89a1aca54e6a08df,5.8,222,187,2532,159,79,76,483,1454,2796,1229,6,19,127,9,2480,32,61,0,1,102,805,1,30,1,914,23,4,1,59,315,118,384,38,489,30,4,14,15,40,2,38,28,5,37,45,0,1,5,918,15,3,0,0,0,2,23,0,0,0,0,1,0,1,4183,168,92,91,6,4,0,18,0,0,3,0,845,550,8,10,880,1816,2228,2536,7,107,0,1,1,5,157,9,61,282,61,10,98,125,0,1,62,287,3,25,41,49,0,2,0,10,1,0,11,8,0,0,38,91,2,0,135,0,18,0,0,2,0,0,6,6,9,9,3,0,0,3,8,12,5,0,0,1,0,0,0,0,0,5,0,0,0,0,107,1,0,1,1,0,7,17,0,0,0,29,2,2,1,0,0,1,1,0,0,28,0,0,0,4,0,0,2,0,0,0,93,21,0,13,0,0,0,0,0,0,0,0,0,0,0,0,0,0,0,3,0,0,0,0,0,0,0,0,0,0,0,0,0,0,0,0,0,0,29,0,0,0,0,0,0,0,0,51,39,0,2,0,0,0,0,0,0,0,0,0,0,0,0,0,0,1,0,0,0,0,0,1,0,0,0,0,0,0,0,0,0,0,0,0,0,0,0,0,0,0,0,0,0,0,0,0,0,0,0,0,0,0,0,0,0,0
2c7eb98ac386971b989195d91896e606,6.6,338,2022,4353,296,67,88,495,1431,2831,1185,14,20,133,15,2982,32,113,0,3,144,816,1,54,3,1262,18,10,3,69,296,154,364,33,690,77,4,6,10,20,2,44,24,5,33,40,0,3,5,1268,17,3,0,0,0,4,33,0,0,0,0,1,0,1,3753,179,96,133,6,0,0,24,0,0,8,0,948,631,8,10,975,1931,3984,2551,7,66,2,6,6,10,164,31,74,409,56,9,108,122,5,3,81,266,3,24,54,62,0,5,2,12,13,10,23,24,4,2,50,95,4,0,135,4,18,0,0,2,0,0,6,6,7,9,3,0,0,3,8,12,5,0,0,1,0,0,0,0,0,5,0,0,0,0,107,1,0,1,1,0,7,17,0,0,0,22,2,2,1,0,0,1,1,0,0,24,0,0,0,4,0,0,2,0,0,0,67,21,0,13,0,0,0,0,0,0,0,0,0,0,0,0,0,0,0,3,0,0,0,0,0,0,0,0,0,0,0,0,0,0,0,0,0,0,22,0,0,0,0,0,0,0,0,37,27,0,2,0,0,0,0,0,0,0,0,0,0,0,0,0,0,1,0,0,0,0,0,1,0,0,0,0,0,0,0,0,0,0,0,0,0,0,0,0,0,0,0,0,0,0,0,0,0,0,0,0,0,0,0,0,0,0
2c8b1342a7769950ea8b92023f6bdbd3,6.6,296,2144,5165,362,76,88,501,1431,2830,1198,14,19,158,15,2987,32,91,0,3,152,1484,1,46,3,1253,17,10,3,63,300,154,362,34,687,70,5,6,9,20,2,44,25,5,34,41,0,3,5,1259,17,3,0,0,0,4,31,0,0,0,0,1,0,1,3637,182,93,134,6,0,0,24,0,0,8,0,1039,693,8,10,959,2187,3428,2304,7,65,2,6,6,7,166,33,75,368,57,9,98,126,5,4,81,269,3,24,48,56,0,4,2,12,13,10,23,24,4,2,40,95,4,0,135,4,23,0,0,2,0,0,6,6,7,9,3,0,0,3,8,12,5,0,0,1,0,0,0,0,0,5,0,0,0,0,107,1,0,1,1,0,10,23,0,0,0,19,2,2,2,0,0,1,1,0,0,25,0,0,0,4,0,0,2,0,0,0,64,21,0,13,0,0,0,0,0,0,0,0,0,0,0,0,0,0,0,3,0,0,0,0,0,0,0,0,0,0,0,0,0,0,0,0,0,0,19,648,0,0,0,0,0,0,0,36,30,0,2,0,0,0,0,0,0,0,0,0,0,0,0,0,0,1,0,0,0,0,0,1,0,0,0,0,0,0,0,0,0,0,0,0,0,0,0,0,0,0,0,0,0,0,0,0,0,0,0,0,0,0,0,0,0,0
2c9a61fd436e6ac6792a60bc675e8e7a,5.8,306,175,2499,176,79,67,441,1386,2790,1151,6,19,139,9,3170,32,68,0,1,98,708,1,35,1,1704,18,5,1,67,315,118,359,33,487,37,4,8,12,17,2,38,28,5,37,40,0,1,5,1708,13,3,0,0,0,2,23,0,0,0,0,1,0,1,4112,163,92,90,6,4,0,18,0,0,2,0,775,502,8,8,947,2260,3388,2594,5,59,0,1,1,10,153,9,55,360,55,7,108,125,0,1,59,264,3,22,44,52,0,3,0,10,1,0,11,8,0,0,48,91,2,0,135,0,18,0,0,2,0,0,6,6,7,9,3,0,0,3,8,12,5,0,0,1,0,0,0,0,0,5,0,0,0,0,107,1,0,1,1,0,7,17,0,0,0,22,2,2,1,0,0,1,1,0,0,28,0,0,0,4,0,0,2,0,0,0,65,21,0,13,0,0,0,0,0,0,0,0,0,0,0,0,0,0,0,3,0,0,0,0,0,0,0,0,0,0,0,0,0,0,0,0,0,0,22,0,0,0,0,0,0,0,0,33,25,0,2,0,0,0,0,0,0,0,0,0,0,0,0,0,0,1,0,0,0,0,0,1,0,0,0,0,0,0,0,0,0,0,0,0,0,0,0,0,0,0,0,0,0,0,0,0,0,0,0,0,0,0,0,0,0,0
2c11d2983938617decb2d837e4bec60a,5.4,266,131,1080,203,69,58,497,1417,2792,1188,5,14,141,7,3271,36,98,0,2,97,779,1,27,1,1746,23,4,1,55,273,92,385,42,706,30,2,3,16,42,2,38,26,5,35,49,0,0,4,1750,17,3,0,0,0,0,23,0,0,0,0,1,0,1,3831,173,83,415,6,0,0,18,0,0,3,0,971,631,8,10,990,4702,3698,2666,5,123,0,2,2,5,165,9,120,387,120,6,119,123,0,2,49,283,3,20,41,49,0,2,0,16,1,0,9,8,0,0,35,88,2,0,135,0,23,0,0,2,0,0,6,3,7,9,3,0,0,3,8,12,4,0,0,1,0,0,0,0,0,5,0,0,0,0,54,1,0,1,1,0,9,23,0,0,0,20,2,2,1,0,0,1,1,0,0,26,0,0,0,4,0,0,2,0,0,0,59,21,0,13,0,0,0,0,0,0,0,0,0,0,0,0,0,0,0,0,1,0,0,0,0,0,0,0,0,0,0,0,0,0,0,0,0,0,20,0,0,0,0,0,0,0,0,34,23,0,2,0,0,0,0,0,0,0,0,0,0,0,0,0,0,1,0,0,0,0,0,1,0,0,0,0,0,0,0,0,0,0,0,0,0,0,0,0,0,0,0,0,0,0,0,0,0,0,0,0,0,0,0,0,0,0
2c17e13590e4994029e9da6481b7a33b,4.8,335,135,1665,166,79,57,29,685,481,581,3,19,154,9,1225,1,35,0,1,50,23,1,10,1,718,7,4,1,0,327,80,153,1,309,17,4,6,10,10,0,5,33,6,39,1,0,1,5,722,7,4,0,0,0,2,8,0,0,0,0,1,0,0,4097,25,88,62,8,0,0,18,0,0,4,0,6,0,8,2,0,314,3206,2635,0,53,0,0,0,0,14,0,3,337,6,4,17,2,0,1,5,28,2,8,11,16,0,0,0,0,0,0,10,8,0,0,12,132,0,0,135,0,23,0,0,2,0,0,4,6,10,0,0,0,0,0,8,12,5,0,0,1,0,0,0,0,0,5,0,0,0,0,107,4,0,0,0,0,10,23,0,0,0,27,2,2,1,0,0,0,1,0,0,31,0,0,0,4,0,0,2,0,0,0,89,21,0,13,0,0,0,0,0,0,0,0,0,0,0,0,0,0,0,0,0,0,0,0,0,0,0,0,0,0,0,0,0,0,0,0,0,0,27,0,0,0,0,0,0,0,0,42,37,0,2,0,0,0,0,0,0,0,0,0,0,0,0,0,0,0,0,0,0,0,0,1,0,0,0,0,0,0,0,0,0,0,0,0,0,0,0,0,0,0,0,0,0,0,0,0,0,0,0,0,0,0,0,0,0,0
2c29a295668e7cf251a4a510c6d6241e,5.8,306,182,2474,230,80,69,449,1407,2790,1196,6,19,152,9,3120,32,58,0,1,99,769,1,29,1,1643,23,5,1,59,322,118,362,35,480,30,4,8,16,42,2,38,29,5,38,42,0,1,5,1647,17,3,0,0,0,2,23,0,0,0,0,1,0,1,4236,167,92,98,6,4,0,18,0,0,3,0,830,539,8,10,1034,2021,3409,2616,5,107,0,2,2,5,157,9,115,420,115,8,108,123,0,1,59,266,3,22,38,46,0,2,0,10,1,0,11,8,0,0,38,91,2,0,135,0,23,0,0,2,0,0,6,6,7,9,3,0,0,3,8,12,5,0,0,1,0,0,0,0,0,5,0,0,0,0,107,1,0,1,1,0,10,23,0,0,0,22,2,2,1,0,0,1,1,0,0,29,0,0,0,4,0,0,2,0,0,0,67,21,0,13,0,0,0,0,0,0,0,0,0,0,0,0,0,0,0,3,0,0,0,0,0,0,0,0,0,0,0,0,0,0,0,0,0,0,22,0,0,0,0,0,0,0,0,36,27,0,2,0,0,0,0,0,0,0,0,0,0,0,0,0,0,1,0,0,0,0,0,1,0,0,0,0,0,0,0,0,0,0,0,0,0,0,0,0,0,0,0,0,0,0,0,0,0,0,0,0,0,0,0,0,0,0
2c32c79cf93bced522dde13a627952af,5.8,254,183,2587,169,79,68,442,1383,2789,1149,6,19,139,10,3036,32,86,0,1,98,708,1,30,1,1591,17,5,1,59,313,118,352,31,485,30,4,8,11,17,2,38,28,5,37,38,0,1,5,1595,13,3,0,0,0,2,25,0,0,0,0,1,0,1,4196,164,93,89,6,2,0,18,0,0,2,0,776,503,8,10,1073,1863,2682,2536,5,59,0,1,1,5,154,9,56,309,56,8,108,123,0,1,59,266,3,22,38,46,0,3,0,10,1,0,11,8,0,0,38,91,2,0,135,0,18,0,0,2,0,0,6,6,7,9,3,0,0,3,8,12,5,0,0,1,0,0,0,0,0,5,0,0,0,0,107,1,0,1,1,0,7,17,0,0,0,21,2,2,1,0,0,1,1,0,0,28,0,0,0,4,0,0,2,0,0,0,65,21,0,13,0,0,0,0,0,0,0,0,0,0,0,0,0,0,0,3,0,0,0,0,0,0,0,0,0,0,0,0,0,0,0,0,0,0,21,2,0,0,0,0,0,0,0,36,27,0,2,0,0,0,0,0,0,0,0,0,0,0,0,0,0,1,0,0,0,0,0,1,0,0,0,0,0,0,0,0,0,0,0,0,0,0,0,0,0,0,0,0,0,0,0,0,0,0,0,0,0,0,0,0,0,0
2c035b15d02c836843e07b280a938588,5.8,234,2230,4528,253,74,78,461,1402,2803,1170,8,19,144,11,3249,32,69,0,2,130,769,1,38,2,1657,18,4,1,71,289,118,358,35,684,38,4,5,10,17,2,38,25,5,34,42,0,2,5,1661,13,3,0,0,0,2,24,0,0,0,0,1,0,1,4240,171,93,103,6,0,0,18,0,0,5,0,977,639,8,9,1151,1866,2741,2333,5,62,1,3,3,7,158,21,59,292,59,8,108,123,2,2,59,266,3,22,45,53,0,4,1,11,9,5,11,8,0,0,48,91,2,0,135,0,23,0,0,2,0,0,6,6,7,9,3,0,0,3,8,12,5,0,0,1,0,0,0,0,0,5,0,0,0,0,107,1,0,1,1,0,10,23,0,0,0,21,2,2,1,0,0,1,1,0,0,25,0,0,0,4,0,0,2,0,0,0,64,21,0,13,0,0,0,0,0,0,0,0,0,0,0,0,0,0,0,3,0,0,0,0,0,0,0,0,0,0,0,0,0,0,0,0,0,0,21,0,0,0,0,0,0,0,0,33,26,0,2,0,0,0,0,0,0,0,0,0,0,0,0,0,0,1,0,0,0,0,0,1,0,0,0,0,0,0,0,0,0,0,0,0,0,0,0,0,0,0,0,0,0,0,0,0,0,0,0,0,0,0,0,0,0,0
2c42e528be6c2cb5ce15c3074b0bf1fc,6.4,288,2198,4453,235,65,68,487,1396,2803,1148,6,19,131,9,3213,32,67,0,1,98,709,1,27,1,1727,17,4,1,59,278,118,376,42,682,30,4,4,9,17,2,38,24,5,33,49,0,1,5,1731,13,3,0,0,0,2,24,0,0,0,0,1,0,1,4168,172,93,121,6,0,0,18,0,0,2,0,782,506,8,8,985,2162,3333,2540,7,59,0,1,1,5,161,9,55,342,55,7,108,125,0,1,59,287,3,22,38,46,0,2,0,10,1,0,11,8,0,0,38,91,2,0,135,0,18,0,0,3,1,0,6,6,7,9,3,0,0,3,8,12,5,0,0,1,0,0,0,0,0,5,0,0,0,0,107,1,0,1,1,0,7,17,0,0,0,22,2,2,1,0,0,1,1,0,0,24,0,0,0,4,0,0,2,0,0,0,65,21,0,13,0,0,0,0,0,0,0,0,0,0,0,0,0,0,0,3,0,0,0,0,0,0,0,0,0,0,0,0,0,0,0,0,0,0,22,0,0,0,0,0,0,0,0,36,25,0,2,0,0,0,0,0,0,0,0,0,0,0,0,0,0,1,0,0,0,0,0,1,0,0,0,0,0,0,0,0,0,0,0,0,0,0,0,0,0,0,0,0,0,0,0,0,0,0,0,0,0,0,0,0,0,0
2c64d5febbfc1dd24a97765c4486eed8,6.4,246,182,2480,152,80,68,447,1408,2790,1196,6,19,152,9,2988,32,63,0,1,98,761,1,35,1,1507,24,4,1,67,317,118,365,35,480,37,4,8,16,41,2,38,28,5,37,42,0,1,5,1511,16,3,0,0,0,2,23,0,0,0,0,1,0,1,4435,165,92,132,6,8,0,18,0,0,2,0,785,512,8,10,1243,2404,3019,2510,7,104,0,2,2,5,155,9,115,360,115,8,98,123,0,1,59,264,3,22,44,52,0,2,0,10,1,0,11,8,0,0,48,91,2,0,135,0,23,0,0,3,1,0,6,6,7,9,3,0,0,3,8,12,5,0,0,1,0,0,0,0,0,5,0,0,0,0,107,1,0,1,1,0,10,23,0,0,0,23,2,2,1,0,0,1,1,0,0,28,0,0,0,4,0,0,2,0,0,0,73,21,0,13,0,0,0,0,0,0,0,0,0,0,0,0,0,0,0,3,0,0,0,0,0,0,0,0,0,0,0,0,0,0,0,0,0,0,23,0,0,0,0,0,0,0,0,40,31,0,2,0,0,0,0,0,0,0,0,0,0,0,0,0,0,1,0,0,0,0,0,1,0,0,0,0,0,0,0,0,0,0,0,0,0,0,0,0,0,0,0,0,0,0,0,0,0,0,0,0,0,0,0,0,0,0
2c68dd094fef90def9f64c3b761ccad0,6.2,193,171,1262,292,79,81,520,1525,2926,1288,12,19,154,13,3030,33,187,0,3,170,887,1,52,3,1209,24,10,3,71,339,156,398,36,511,77,2,6,17,44,2,44,28,6,38,43,0,2,4,1215,21,4,0,0,0,2,29,0,0,0,0,1,0,1,3629,189,92,143,14,0,0,24,0,0,10,0,1089,724,8,12,1127,1755,2559,2427,7,113,2,7,7,7,175,29,133,325,115,7,99,123,4,1,81,280,3,22,57,68,0,4,2,12,13,10,21,24,4,2,52,142,4,0,135,4,23,0,0,2,0,0,6,3,10,9,3,0,0,3,8,12,4,0,0,1,0,0,0,0,0,5,0,0,0,0,54,2,0,1,1,0,10,23,0,0,0,21,2,2,1,0,0,1,1,0,0,28,0,0,0,4,0,0,2,0,0,0,63,21,0,13,0,0,0,0,0,0,0,0,0,0,0,0,0,0,0,3,0,0,0,0,0,0,0,0,0,0,0,0,0,0,0,0,0,0,21,1,0,0,0,0,0,0,0,33,25,0,2,0,0,0,0,0,0,0,0,0,0,0,0,0,0,1,0,0,0,0,0,1,0,0,0,0,0,0,0,0,0,0,0,0,0,0,0,0,0,0,0,0,0,0,0,0,0,0,0,0,0,0,0,0,0,0
2c73a143b4c778ed942273f23ab6ef81,6.2,81,164,1565,238,139,69,488,1423,2808,1259,9,15,187,9,1574,32,99,0,2,123,822,1,45,2,13,20,7,2,65,348,104,382,36,454,58,3,6,16,43,2,41,33,5,40,43,0,1,5,18,19,4,0,0,0,1,29,0,0,0,0,1,0,1,2388,176,79,1344,6,1,0,37,1,1,6,0,941,618,8,11,1101,13738,2854,1760,6,78,1,4,4,6,165,19,125,206,116,7,115,121,2,2,60,265,3,19,47,55,0,3,1,11,7,5,15,16,2,1,44,67,3,0,135,2,23,0,0,2,0,0,6,3,9,9,3,0,0,3,15,12,5,0,0,1,0,0,0,0,0,5,0,0,0,0,54,0,0,1,1,0,11,23,0,0,0,11,2,2,2,0,0,1,1,16,0,33,0,2,0,7,1,30,2,0,0,0,25,21,0,55,1,1,1,1,1,1,0,0,0,0,0,0,0,0,0,0,0,0,0,0,0,0,0,0,0,0,0,0,0,0,0,0,0,0,11,0,0,0,0,0,0,0,0,11,10,0,2,0,0,0,0,0,0,0,0,0,0,0,0,0,0,1,0,0,0,0,0,0,0,0,0,0,0,0,0,0,0,0,0,0,0,0,0,0,0,0,0,0,0,0,0,0,0,0,0,0,0,0,0,0,0,0
2c91c15fcea314b76b0f8b74d32f101c,6.2,225,158,1554,227,75,66,470,1410,2800,1194,9,19,138,10,3411,32,74,0,2,128,815,1,41,2,1800,24,8,2,71,325,138,368,31,487,57,2,6,16,43,2,41,28,5,37,38,0,1,4,1805,19,3,0,0,0,1,26,0,0,0,0,1,0,1,3702,174,92,564,6,2,0,21,0,0,6,0,997,665,8,11,1066,6195,3187,2449,6,110,1,4,4,7,163,21,124,349,115,7,105,121,2,1,70,267,4,19,48,56,0,3,1,11,7,5,15,16,2,1,49,93,3,0,135,2,18,0,0,2,0,0,6,3,7,9,3,0,0,3,8,12,4,0,0,1,0,0,0,0,0,5,0,0,0,0,54,1,0,1,1,0,7,17,0,0,0,20,2,2,1,0,0,1,1,0,0,28,0,0,0,4,0,0,2,0,0,0,58,21,0,13,0,0,0,0,0,0,0,0,0,0,0,0,0,0,0,3,0,0,0,0,0,0,0,0,0,0,0,0,0,0,0,0,0,0,20,0,0,0,0,0,0,0,0,33,22,0,2,0,0,0,0,0,0,0,0,0,0,0,0,0,0,1,0,0,0,0,0,1,0,0,0,0,0,0,0,0,0,0,0,0,0,0,0,0,0,0,0,0,0,0,0,0,0,0,0,0,0,0,0,0,0,0
2c171ee3436212c4940129bf2003fe1e,5.8,342,2338,5367,238,74,68,443,1400,2804,1162,6,19,156,9,3039,32,69,0,1,98,708,1,28,1,1610,17,5,1,59,286,118,348,33,682,30,4,4,9,17,2,38,25,5,34,40,0,1,5,1614,13,3,0,0,0,2,24,0,0,0,0,1,0,1,4212,165,93,89,6,0,0,18,0,0,2,0,774,501,8,8,924,2051,4105,2474,5,60,0,1,1,9,154,9,58,399,58,7,108,125,0,2,59,266,3,22,38,46,0,2,0,10,1,0,11,8,0,0,38,91,2,0,135,0,23,0,0,2,0,0,6,6,7,9,3,0,0,3,8,12,5,0,0,1,0,0,0,0,0,5,0,0,0,0,107,1,0,1,1,0,10,23,0,0,0,22,2,2,1,0,0,1,1,0,0,25,0,0,0,4,0,0,2,0,0,0,65,21,0,13,0,0,0,0,0,0,0,0,0,0,0,0,0,0,0,3,0,0,0,0,0,0,0,0,0,0,0,0,0,0,0,0,0,0,22,0,0,0,0,0,0,0,0,35,25,0,2,0,0,0,0,0,0,0,0,0,0,0,0,0,0,1,0,0,0,0,0,1,0,0,0,0,0,0,0,0,0,0,0,0,0,0,0,0,0,0,0,0,0,0,0,0,0,0,0,0,0,0,0,0,0,0
2c360da3ccd8d8ec71ae97f6ffc79b24,6.2,249,155,1534,275,76,67,503,1409,2800,1197,9,19,151,10,3417,32,74,0,2,128,842,1,36,2,1761,23,7,2,63,331,138,385,36,483,50,2,6,16,43,2,41,29,5,38,43,0,1,4,1766,19,3,0,0,0,1,25,0,0,0,0,1,0,1,3738,181,92,564,6,2,0,21,0,0,6,0,1051,694,8,11,1045,6287,3119,2520,6,110,1,4,4,7,170,21,124,373,115,7,95,123,2,1,70,284,3,19,42,50,0,3,1,11,9,5,15,16,2,1,39,93,3,0,135,2,23,0,0,2,0,0,6,3,7,9,3,0,0,3,8,12,4,0,0,1,0,0,0,0,0,5,0,0,0,0,54,1,0,1,1,0,10,23,0,0,0,19,2,2,1,0,0,1,1,0,0,29,0,0,0,4,0,0,2,0,0,0,58,21,0,13,0,0,0,0,0,0,0,0,0,0,0,0,0,0,0,3,0,0,0,0,0,0,0,0,0,0,0,0,0,0,0,0,0,0,19,0,0,0,0,0,0,0,0,34,24,0,2,0,0,0,0,0,0,0,0,0,0,0,0,0,0,1,0,0,0,0,0,1,0,0,0,0,0,0,0,0,0,0,0,0,0,0,0,0,0,0,0,0,0,0,0,0,0,0,0,0,0,0,0,0,0,0
2c652c09630720400e087b540c2a39c7,5.8,220,263,2101,525,80,135,608,1496,2889,1258,29,19,155,26,4170,41,114,0,7,235,1114,1,82,7,1870,24,23,7,73,327,226,389,34,485,159,2,13,14,52,2,56,24,5,33,41,0,6,4,1880,45,3,0,0,0,3,57,0,0,0,0,1,0,1,3058,206,93,617,6,0,0,36,0,0,22,0,1399,960,8,18,1012,5655,2602,2525,7,126,6,17,17,8,183,75,170,385,116,13,115,126,16,7,125,268,3,24,73,81,0,8,6,16,41,30,45,56,12,6,54,103,8,2,136,11,18,0,0,2,0,0,6,3,7,9,3,0,0,3,8,12,4,0,0,1,0,0,0,0,0,5,0,0,0,0,54,1,0,1,1,0,7,17,0,0,0,17,2,2,1,0,0,1,1,0,0,24,0,0,0,4,0,0,2,0,0,0,51,21,0,13,0,0,0,0,0,0,0,0,0,0,0,0,0,0,0,3,0,0,0,0,0,0,0,0,0,0,0,0,0,0,0,0,0,0,17,1,0,0,0,0,0,0,0,29,21,0,2,0,0,0,0,0,0,0,0,0,0,0,0,0,0,1,0,0,0,0,0,1,0,0,0,0,0,0,0,0,0,0,0,0,0,0,0,0,0,0,0,0,0,0,0,0,0,0,0,0,0,0,0,0,0,0
2c705b73dcf1ff1b30f5a959c66fb51d,6.6,226,233,2756,301,81,91,540,1421,2818,1196,14,19,153,16,3506,36,111,0,4,158,933,1,45,3,1584,23,11,3,65,294,154,382,35,491,70,4,10,13,44,2,44,24,5,33,44,0,3,5,1590,21,3,0,0,0,4,31,0,0,0,0,1,0,1,3311,188,93,125,6,2,0,24,0,0,9,0,1451,959,8,14,1070,2087,2600,2391,7,128,2,6,6,8,171,31,134,357,116,11,108,125,4,1,81,281,3,26,52,60,0,4,2,20,13,10,23,24,4,2,40,95,4,0,135,4,18,0,0,2,0,0,6,6,7,9,3,0,0,3,8,12,5,0,0,1,0,0,0,0,0,5,0,0,0,0,107,1,0,1,1,0,7,17,0,0,0,17,2,2,1,0,0,1,1,0,0,24,0,0,0,4,0,0,2,0,0,0,50,21,0,13,0,0,0,0,0,0,0,0,0,0,0,0,0,0,0,3,1,0,0,0,0,0,0,0,0,0,0,0,0,0,0,0,0,0,17,0,0,0,0,0,0,0,0,31,20,0,2,0,0,0,0,0,0,0,0,0,0,0,0,0,0,1,0,0,0,0,0,1,0,0,0,0,0,0,0,0,0,0,0,0,0,0,0,0,0,0,0,0,0,0,0,0,0,0,0,0,0,0,0,0,0,0
2c1267ee38296783bd6e322c3e4465b7,6.6,223,209,2622,232,81,79,478,1425,2803,1202,10,19,153,12,2846,36,88,0,2,125,846,1,45,2,1194,24,8,2,69,323,136,371,34,490,57,4,9,16,44,2,41,28,5,37,41,0,2,5,1199,19,3,0,0,0,3,28,0,0,0,0,1,0,1,3987,176,92,130,6,4,0,21,0,0,5,0,973,641,8,11,1154,2077,2544,2447,8,111,1,5,5,6,164,23,124,345,115,9,108,124,3,3,70,266,3,23,49,61,0,4,1,11,9,5,17,16,2,1,49,93,3,0,135,2,23,0,0,2,0,0,6,6,7,9,3,0,0,3,8,12,5,0,0,1,0,0,0,0,0,5,0,0,0,0,107,1,0,1,1,0,10,23,0,0,0,22,2,2,1,0,0,1,1,0,0,28,0,0,0,4,0,0,2,0,0,0,71,21,0,13,0,0,0,0,0,0,0,0,0,0,0,0,0,0,0,3,0,0,0,0,0,0,0,0,0,0,0,0,0,0,0,0,0,0,22,0,0,0,0,0,0,0,0,34,29,0,2,0,0,0,0,0,0,0,0,0,0,0,0,0,0,1,0,0,0,0,0,1,0,0,0,0,0,0,0,0,0,0,0,0,0,0,0,0,0,0,0,0,0,0,0,0,0,0,0,0,0,0,0,0,0,0
2c61235bc368c70b5b6b131147db4da2,6.0,242,159,2554,230,79,97,445,1395,2796,1169,6,19,151,10,3105,36,89,0,2,99,719,1,33,1,1603,18,4,1,67,282,118,356,34,473,37,4,12,10,17,2,38,24,5,33,41,0,1,5,1607,13,3,0,0,0,2,25,0,0,0,0,1,0,1,4075,166,93,93,6,0,0,18,0,0,2,0,920,599,8,10,993,1953,2687,2318,5,73,0,1,1,5,155,9,56,297,56,8,108,123,0,1,59,264,3,24,48,56,0,2,0,16,1,0,11,8,0,0,48,91,2,0,135,2,23,0,0,2,0,0,6,6,7,9,3,0,0,3,8,12,5,0,0,1,0,0,0,0,0,5,0,0,0,0,107,1,0,1,1,0,7,17,0,0,0,19,2,2,1,0,0,1,1,0,0,24,0,0,0,4,0,0,2,0,0,0,58,21,0,13,0,0,0,0,0,0,0,0,0,0,0,0,0,0,0,3,1,0,0,0,0,0,0,0,0,0,0,0,0,0,0,0,0,0,19,2,0,0,0,0,0,0,0,32,24,0,2,0,0,0,0,0,0,0,0,0,0,0,0,0,0,1,0,0,0,0,0,1,0,0,0,0,0,0,0,0,0,0,0,0,0,0,0,0,0,0,0,0,0,0,0,0,0,0,0,0,0,0,0,0,0,0
2c89740e14ddbe7d8a4f96c7acbab055,7.2,261,211,2662,255,81,80,499,1416,2803,1202,10,19,165,13,3660,32,87,0,2,140,1257,1,43,2,1973,24,8,2,71,323,136,371,34,490,57,4,9,16,43,2,41,28,5,37,41,0,2,5,1978,19,3,0,0,0,3,28,0,0,0,0,1,0,1,3895,242,92,113,6,4,0,21,0,0,6,0,1067,711,8,13,980,2684,2880,2582,8,111,1,4,4,8,229,23,125,384,116,10,118,123,2,1,70,266,3,23,49,57,0,3,1,11,7,5,17,16,2,1,49,93,3,0,135,2,23,0,0,3,1,0,6,6,7,9,3,0,0,3,8,12,5,0,0,1,0,0,0,0,0,5,0,0,0,0,107,1,0,1,1,0,10,23,0,0,0,17,2,2,1,0,0,1,1,0,0,28,0,0,0,4,0,0,2,0,0,0,51,21,0,13,0,0,0,0,0,0,0,0,0,0,0,0,0,0,0,3,0,0,0,0,0,0,0,0,0,0,0,0,0,0,0,0,0,0,17,0,0,0,0,0,0,0,0,28,21,0,2,0,0,0,0,0,0,0,0,0,0,0,0,0,0,1,0,0,0,0,0,1,0,0,0,0,0,0,0,0,0,0,0,0,0,0,0,0,0,0,0,0,0,0,0,0,0,0,0,0,0,0,0,0,0,0
2c518896ae3a91e6e8f15019ba6cbbc7,6.2,164,146,1168,270,77,70,497,1502,2892,1267,8,19,140,10,3535,33,61,0,2,144,822,1,35,2,1897,23,7,2,59,328,136,388,37,492,50,2,5,16,42,2,41,28,6,38,44,0,1,4,1902,19,4,0,0,0,1,26,0,0,0,0,1,0,1,3752,182,92,109,14,0,0,21,0,0,8,0,949,619,8,6,1084,1724,2287,2363,1,104,1,4,4,10,171,18,124,288,115,6,34,123,2,1,68,280,2,19,45,55,0,3,1,11,7,5,15,16,2,1,41,140,3,0,135,2,18,0,0,2,0,0,4,3,9,9,3,0,0,3,8,12,4,0,0,1,0,0,0,0,0,5,0,0,0,0,54,2,0,1,1,0,7,17,0,0,0,19,2,2,1,0,0,1,1,0,0,28,0,0,0,4,0,0,2,0,0,0,60,21,0,13,0,0,0,0,0,0,0,0,0,0,0,0,0,0,0,3,0,0,0,0,0,0,0,0,0,0,0,0,0,0,0,0,0,0,19,0,0,0,0,0,0,0,0,32,24,0,2,0,0,0,0,0,0,0,0,0,0,0,0,0,0,1,0,0,0,0,0,1,0,0,0,0,0,0,0,0,0,0,0,0,0,0,0,0,0,0,0,0,0,0,0,0,0,0,0,0,0,0,0,0,0,0
2c979978bbfb1c2c30bf9da5176e4ade,5.4,200,134,1430,142,75,56,464,1398,2789,1178,5,20,150,7,3122,32,52,0,1,96,748,1,33,1,1647,24,5,1,67,326,118,378,35,493,37,2,5,17,42,2,38,29,5,38,42,0,0,4,1651,17,3,0,0,0,0,23,0,0,0,0,1,0,1,3954,165,95,546,6,2,0,18,0,0,3,0,787,517,8,10,1117,6393,2540,2541,5,109,0,2,2,5,158,9,116,317,116,6,105,121,0,1,59,275,4,18,43,51,0,2,0,10,1,0,9,8,0,0,48,91,2,0,135,0,23,0,0,2,0,0,6,3,7,9,3,0,0,3,8,12,4,0,0,1,0,0,0,0,0,5,0,0,0,0,54,1,0,1,1,0,10,23,0,0,0,60,2,2,1,0,0,1,1,0,0,29,0,0,0,4,0,0,2,0,0,0,142,21,0,13,0,0,0,0,0,0,0,0,0,0,0,0,0,0,0,3,0,0,0,0,0,0,0,0,0,0,0,0,0,0,0,0,0,0,60,0,0,0,0,0,0,0,0,78,26,0,2,0,0,0,0,0,0,0,0,0,0,0,0,0,0,1,0,0,0,0,0,1,0,0,0,0,0,0,0,0,0,0,0,0,0,0,0,0,0,0,0,0,0,0,0,0,0,0,0,0,0,0,0,0,0,0
1fd51d59530fd2a63045eac7fa906810,1.6,0,17,2519,12,8,2093,2,5,3,8,2,1,3,1,27,2,2,1,1,6,5,1,2,1,1,2,2,1,0,0,1,2,1,1,0,0,0,0,0,0,0,0,0,0,0,0,0,0,0,0,0,0,0,0,3,1,0,0,0,0,0,0,0,0,0,0,0,0,0,0,0,0,0,0,0,0,0,0,0,0,0,0,0,0,0,0,0,0,0,0,0,0,0,0,0,0,0,0,0,0,0,0,0,0,0,0,0,0,0,0,0,0,0,0,0,0,0,0,0,0,0,0,0,0,0,0,0,0,0,0,0,0,0,0,0,0,0,0,0,0,0,0,0,0,0,0,0,0,0,0,0,0,0,0,0,0,0,0,0,0,0,0,0,0,0,0,0,0,0,0,0,0,0,0,0,0,0,0,0,0,0,0,0,0,0,0,0,0,0,0,0,0,0,0,0,0,0,0,0,0,0,0,0,0,0,0,0,0,0,0,0,0,0,0,0,0,0,0,0,0,0,0,0,0,0,0,0,0,0,0,0,0,0,0,0,0,0,0,0,0,0,0,0,0,0,0,0,0,0,0,0,0,0,0,0,0,0,0,0,0,0,0,0,0,0,0,0,0,0,0,0,0,0,0,0,0,0,0,0,0,0,0,0,0,0,0,0,0,0
0def0e63d1b6043da41b2ced9142d079,3.4,0,11,176,2,2,4,3,2,4,5,0,0,2,2,34,0,1,0,1,23,11,0,1,0,0,3,0,0,1,0,1,3,0,0,1,1,8,0,1,0,1,3,1,1,0,0,0,0,0,1,0,0,0,0,0,0,2,2,74,0,0,0,0,3450,0,0,0,0,0,0,0,0,0,0,0,0,0,0,0,0,0,0,0,0,0,0,0,0,0,0,0,0,0,0,0,0,0,0,0,0,0,0,0,1,1,0,0,0,2,0,2,1,0,0,0,0,1,0,0,0,0,1,0,0,0,0,0,0,0,0,0,0,0,0,0,0,0,0,0,0,0,0,0,1,0,0,0,0,0,0,0,0,0,0,0,0,0,0,0,0,0,0,0,0,0,0,0,0,0,0,0,0,1,0,0,0,0,0,0,0,0,0,0,0,0,0,0,0,0,0,0,0,0,0,0,0,0,0,0,0,0,0,0,0,0,0,0,0,0,0,0,0,0,0,0,0,0,0,0,0,0,0,0,0,0,0,0,0,0,0,0,0,0,0,1,0,0,0,0,0,0,0,0,0,0,0,0,0,0,0,0,0,0,0,0,0,0,0,0,0,0,0,0,0,0,0,0,0,0,0,0,0,0,0,0,0,0,0,0,0,0,0,0,0,0,0,0,0,0
2a069d65dc6ed967085aa18510c7be1c,12.2,7,161,6364,363,82,4648,119,298,305,643,22,4,71,17,2471,21,85,5,7,264,618,4,92,6,13,25,18,8,241,40,74,40,3,71,357,10,103,5,380,1,12,1,1,5958,2,1,6,2,44,394,1,70,1,1,6,37,7,7,297,12,4,4,11,712,41,9,77,116,12,8,17,4,4,15,2,1129,875,9,6,1353,887,573,114,5,72,3,9,9,4,36,36,134,134,105,8,103,3,9,3,35,10,0,4,19,23,29,216,4,9,24,27,25,32,6,5,3,6,3,4,2,2,5820,1,3,0,0,1,0,1,8,4,0,0,1,0,1,1,0,0,0,0,0,0,0,0,0,0,0,0,0,0,0,0,0,0,0,0,0,0,0,0,0,0,0,0,0,0,0,0,0,0,0,0,0,0,0,0,0,0,0,0,0,0,0,0,0,0,0,0,0,0,0,0,0,0,0,0,0,0,0,0,0,0,0,0,0,0,0,0,0,0,0,0,0,0,0,0,0,0,0,0,0,0,0,0,0,0,0,0,0,0,0,0,0,0,0,0,0,0,0,0,0,0,0,0,0,0,0,0,0,0,0,0,0,0,0,0,0,0,0,0,0,0,0,0,0,0,0,0,0,0,0,0,0,0,0,0,0,0,0,0,0,0,0,0,0,0,0,0
2a5423211b840e16606a2a6f0c2ed518,4.0,0,7,112,21,0,4,0,0,0,0,1,0,0,0,11,0,0,0,0,1,1,0,0,0,0,0,0,0,0,0,0,0,0,0,0,0,3,0,0,0,0,0,0,0,0,0,1,0,0,0,0,1,0,0,3,1,0,0,0,1,0,0,0,0,93,0,0,0,0,0,0,0,0,0,0,0,0,0,0,0,0,0,410,0,0,0,0,0,0,0,0,0,0,0,0,0,0,0,0,0,0,0,0,0,0,0,0,0,0,0,0,0,0,0,0,0,0,0,0,0,0,0,0,0,0,0,0,0,0,0,0,0,0,0,0,0,0,0,0,0,0,0,0,0,0,0,0,0,0,0,0,0,0,0,0,0,0,0,0,0,0,0,0,0,0,0,0,0,0,0,0,0,0,0,0,0,0,0,0,0,0,0,0,0,0,0,0,0,0,0,0,0,0,0,0,0,0,0,0,0,0,0,0,0,0,0,0,0,0,0,0,0,0,0,0,0,0,0,0,0,0,0,0,0,0,0,0,0,0,0,0,0,0,0,0,0,0,0,0,0,0,0,0,0,0,0,0,0,0,0,0,0,0,0,0,0,0,0,0,0,0,0,0,0,0,0,0,0,0,0,0,0,0,0,0,0,0,0,0,0,0,0,0,0,0,0,0,0,0
2ad7c665895b8e5895ff13e738c9abaa,3.4,0,11,176,1,2,4,3,2,4,5,0,0,2,2,34,0,0,0,1,23,11,0,1,0,0,3,0,0,1,0,1,3,0,0,1,1,8,0,1,0,1,3,1,1,0,0,0,0,0,1,0,0,0,0,0,0,2,2,74,0,0,0,0,3457,0,0,0,0,0,0,0,0,0,0,0,0,0,0,0,0,0,0,0,0,0,0,0,0,0,0,0,0,0,0,0,0,0,0,0,0,0,0,0,1,1,0,0,0,2,0,2,1,0,0,0,0,1,0,0,0,0,1,0,0,0,0,0,0,0,0,0,0,0,0,0,0,0,0,0,0,0,0,0,1,0,0,0,0,0,0,0,0,0,0,0,0,0,0,0,0,0,0,0,0,0,0,0,0,0,0,0,0,1,0,0,0,0,0,0,0,0,0,0,0,0,0,0,0,0,0,0,0,0,0,0,0,0,0,0,0,0,0,0,0,0,0,0,0,0,0,0,0,0,0,0,0,0,0,0,0,0,0,0,0,0,0,0,0,0,0,0,0,0,0,1,0,0,0,0,0,0,0,0,0,0,0,0,0,0,0,0,0,0,0,0,0,0,0,0,0,0,0,0,0,0,0,0,0,0,0,0,0,0,0,0,0,0,0,0,0,0,0,0,0,0,0,0,0,0
2b58c5cd029349bf4bcb7aa7814db9b0,1.2,0,18,258,9,3,2,4,5,4,9,1,0,3,0,28,1,4,1,1,7,253,1,2,1,1,2,2,0,0,0,1,1,1,1,0,0,2,0,0,0,0,0,0,0,0,0,0,0,0,0,0,0,0,0,3,1,0,0,0,0,0,0,0,0,0,0,0,0,0,0,0,0,0,0,0,0,0,0,0,0,0,0,0,0,0,0,0,0,0,0,0,0,0,0,0,0,0,0,0,0,0,0,0,0,0,0,0,0,0,0,0,0,0,0,0,0,0,0,0,0,0,0,0,0,0,0,0,0,0,0,0,0,0,0,0,0,0,0,0,0,0,0,0,0,0,0,0,0,0,0,0,0,0,0,0,0,0,0,0,0,0,0,0,0,0,0,0,0,0,0,0,0,0,0,0,0,0,0,0,0,0,0,0,0,0,0,0,0,0,0,0,0,0,0,0,0,0,0,0,0,0,0,0,0,0,0,0,0,0,0,0,0,0,0,0,0,0,0,0,0,0,0,0,0,0,0,0,0,0,0,0,0,0,0,0,0,0,0,0,0,0,0,0,0,0,0,0,0,0,0,0,0,0,0,0,0,0,0,0,0,0,0,0,0,0,0,0,0,0,0,0,0,0,0,0,0,0,0,0,0,0,0,0,0,0,0,0,0,0
2b411a47946197567c0071453d833212,1.4,0,22,672,11,5,3,2,5,3,8,2,1,3,1,97,1,5,1,3,6,5,1,2,1,1,2,2,0,0,0,1,1,1,1,0,0,5,0,0,0,0,0,0,0,0,0,0,0,0,0,0,0,0,0,3,1,0,0,0,0,0,0,0,1,0,0,0,0,0,0,0,0,0,0,0,0,0,0,0,0,1,0,0,0,0,0,0,0,0,0,0,0,0,0,0,0,0,0,0,0,0,0,0,0,0,0,0,0,0,0,0,0,0,0,0,0,0,0,0,0,0,0,0,0,0,0,0,0,0,0,0,0,0,0,0,0,0,0,0,0,0,0,0,0,0,0,0,0,0,0,0,0,0,0,0,0,0,0,0,0,0,0,0,0,0,0,0,0,0,0,0,0,0,0,0,0,0,0,0,0,0,0,0,0,0,0,0,0,0,0,0,0,0,0,0,0,0,0,0,0,0,0,0,0,0,0,0,0,0,0,0,0,0,0,0,0,0,0,0,0,0,0,0,0,0,0,0,0,0,0,0,0,0,0,0,0,0,0,0,0,0,0,0,0,0,0,0,0,0,0,0,0,0,0,0,0,0,0,0,0,0,0,0,0,0,0,0,0,0,0,0,0,0,0,0,0,0,0,0,0,0,0,0,0,0,0,0,0,0
2b5167df69485f2e8497d79fda8f30b0,9.8,2,128,6452,177,42,4238,78,183,113,408,14,4,28,10,17130,6,45,6,7,281,487,4,77,7,13,34,6,2,224,7589,7576,7599,9,15182,251,11,341,6,238,1,2529,5,5049,2978,0,0,5,0,34,214,1,416,0,0,4,17,6,6,272,16,1,1,1,766,31,5064,71,32,3,2,2,1,1,7,0,885,690,1,6,1343,1185,674,132,1,46,3,8,8,12,29,32,105,105,105,3,121,1,5,2,2536,2537,2,2,6,6,23,177,4,3,12,10,0,0,0,27737,2521,55477,0,0,0,0,3081,1,0,1,1,0,0,0,0,0,5,0,0,0,0,0,0,0,0,0,0,0,3,0,0,0,0,0,0,0,0,0,0,0,0,0,0,0,0,0,0,0,0,0,0,0,0,1,0,0,0,2,0,0,0,0,0,0,0,0,0,0,0,0,0,0,0,0,0,0,0,0,0,0,0,0,0,0,0,0,1,0,2,0,0,0,0,0,0,0,0,0,0,0,0,0,0,0,0,0,0,0,1,1,5042,0,0,0,0,0,0,0,0,0,0,0,0,0,0,0,0,0,0,0,0,0,0,0,0,0,0,0,0,0,0,0,0,0,0,0,0,0,0,0,0,0,0,0,0,0,0,0,0,0,0,0,0,0,0,0,0,0,0,0,0,0,0,0
2baf823c658b26940516a697adefd6c0,5.0,0,9,7,21,2,0,5,8,13,12,1,0,2,0,19,0,7,0,0,2,2,0,1,0,1,0,0,0,0,0,0,4,1,1,0,0,2,0,0,0,4,0,135,3,0,0,1,0,0,0,0,0,1,1,2,0,0,0,0,0,0,0,0,134,0,0,0,0,0,0,0,0,0,0,0,0,0,0,0,0,0,0,0,0,0,0,0,0,0,0,0,0,0,0,0,0,0,0,0,7,0,0,0,2,4,0,0,0,0,0,0,0,0,0,0,0,0,1,0,0,0,0,0,0,0,0,0,0,0,0,0,0,0,0,0,0,0,0,0,0,0,0,0,1,0,0,0,0,0,0,0,0,0,0,0,0,0,2,0,0,0,0,0,0,0,0,0,0,0,0,0,0,1,0,0,0,0,0,0,2,0,0,0,0,0,0,0,0,0,0,0,0,0,0,0,0,0,0,0,0,0,0,0,0,0,0,0,0,0,0,0,0,0,0,0,0,0,0,0,0,0,0,0,0,0,0,0,0,0,0,0,0,0,0,0,0,0,0,0,0,0,0,0,0,0,0,0,0,0,0,0,0,0,0,0,0,0,0,0,0,0,0,0,0,0,0,0,0,0,0,0,0,0,0,0,0,0,0,0,0,0,0,0,0,0,0,0,0,0
0e1ce8a749c346053405dce3f24fc250,4.6,0,32,853,16,525,778,3,45,24,87,2,1,81,0,58,1,4,1,0,2,2,0,9,0,0,188,0,3,0,23,0,1049,0,2,1,5,0,0,0,0,2,3,0,0,0,0,0,1,0,0,2,0,0,0,0,0,0,0,0,0,0,0,0,4,0,202,1,0,4,3,0,0,0,1,0,0,0,0,0,0,0,0,0,0,0,0,1,2,0,0,0,0,0,0,0,0,0,0,1,2,16,0,0,1,4,0,0,1,0,0,0,1,0,0,0,3,0,0,0,0,0,0,0,0,0,0,0,0,1,3,0,0,0,0,0,0,0,1,0,0,0,0,0,8,0,0,0,0,0,0,0,0,0,0,0,0,0,2,1,0,0,0,0,0,0,0,0,0,0,0,0,0,3,0,8,0,0,3,0,0,0,0,0,0,21,0,0,0,0,0,0,0,0,0,0,0,0,0,0,0,0,0,0,0,0,2,0,0,0,0,1,1,0,0,0,0,0,0,0,0,0,0,0,0,0,0,0,0,0,0,0,0,0,0,0,0,0,0,0,0,0,0,0,0,0,0,0,0,0,0,0,0,0,0,0,0,0,0,0,0,0,0,0,0,0,0,0,0,0,0,0,0,0,0,0,0,0,0,0,0,0,0,0,0,0,0,0,0,0
2c4a622558eb45c54c1f8f4d0036c009,11.0,2,159,6087,238,82,4531,81,183,201,674,16,3,69,10,2246,3,24,5,5,230,481,3,80,5,12,23,12,6,308,24,38,33,3,71,416,10,78,5,467,1,9,1,1,6065,2,1,4,2,43,445,1,75,1,1,2,22,9,9,396,13,8,8,23,635,29,9,63,116,12,8,14,4,4,11,2,700,580,1,5,1320,953,568,115,1,47,2,7,7,2,25,26,125,125,105,7,106,1,5,2,22,9,1,3,12,12,30,225,2,2,14,10,13,16,4,4,2,4,2,0,0,5,5926,1,7,0,0,1,0,0,0,0,0,0,0,0,0,0,0,0,0,0,0,0,0,0,0,0,0,0,0,0,0,0,0,0,0,0,0,0,0,0,0,0,0,0,0,0,0,0,0,0,0,0,0,0,0,0,0,0,0,0,0,0,0,0,0,0,0,0,0,0,0,0,0,0,0,0,0,0,0,0,0,0,0,0,0,0,0,0,0,0,0,0,0,0,0,0,0,0,0,0,0,0,0,0,0,0,0,0,0,0,0,0,0,0,0,0,0,0,0,0,0,0,0,0,0,0,0,0,0,0,0,0,0,0,0,0,0,0,0,0,0,0,0,0,0,0,0,0,0,0,0,0,0,0,0,0,0,0,0,0,0,0,0,0,0,0,0,0
2c57fe1384cce7db36c868c9df3ab747,1.4,0,23,2577,17,9,2140,5,23,68,22,2,1,3,3,36,2,2,1,2,9,6,1,2,1,1,1,2,1,2,2,1,3,1,1,0,0,3,0,0,0,0,0,0,0,0,0,0,0,0,0,0,0,0,0,3,1,0,0,0,0,0,0,0,0,0,0,0,0,0,0,0,0,0,0,0,0,0,0,0,0,0,0,0,0,0,0,0,0,0,0,0,0,0,0,0,0,0,0,0,0,0,0,0,0,0,0,0,0,0,0,0,0,0,0,0,0,0,0,0,0,0,0,0,0,0,0,0,0,0,0,0,0,0,0,0,0,0,0,0,0,0,0,0,0,0,0,0,0,0,0,0,0,0,0,0,0,0,0,0,0,0,0,0,0,0,0,0,0,0,0,0,0,0,0,0,0,0,0,0,0,0,0,0,0,0,0,0,0,0,0,0,0,0,0,0,0,0,0,0,0,0,0,0,0,0,0,0,0,0,0,0,0,0,0,0,0,0,0,0,0,0,0,0,0,0,0,0,0,0,0,0,0,0,0,0,0,0,0,0,0,0,0,0,0,0,0,0,0,0,0,0,0,0,0,0,0,0,0,0,0,0,0,0,0,0,0,0,0,0,0,0,0,0,0,0,0,0,0,0,0,0,0,0,0,0,0,0,0,0
2c879e7598b6f332cfc2e9465c04c1ea,1.4,0,9,93,8,1,4,1,4,0,0,3,0,0,0,25,0,2,0,0,1,1,0,0,0,0,0,0,0,0,2,5,3,0,0,0,0,6,0,0,0,0,0,0,0,0,0,0,0,0,0,1,0,0,0,3,2,0,0,0,0,0,0,0,0,0,0,0,0,0,0,0,0,0,0,0,0,0,0,0,0,5,0,1,0,1,0,0,0,0,0,0,0,0,2,4,0,0,0,0,0,0,0,5,3,3,0,0,1,0,0,0,0,0,0,0,0,0,0,0,0,1,0,0,0,0,0,0,1,0,0,0,0,0,0,0,0,0,0,0,0,0,0,0,0,0,0,0,0,0,0,0,0,0,0,0,0,0,0,0,0,0,0,0,0,0,0,0,0,0,0,0,0,0,0,0,0,0,0,0,0,0,0,0,0,0,0,0,0,0,0,0,0,0,0,0,0,0,0,0,0,0,0,0,0,0,0,0,0,0,0,0,0,0,0,0,0,0,0,0,0,0,0,0,0,0,0,0,0,0,0,0,0,0,0,0,0,0,0,0,0,0,0,0,0,0,0,0,0,0,0,0,0,0,0,0,0,0,0,0,0,0,0,0,0,0,0,0,0,0,0,0,0,0,0,0,0,0,0,0,0,0,0,0,0,0,0,0,0,0
2c2175ce423cd991f5bec06c630fea0d,5.6,0,46,2401,56,6,3696,3,0,0,3,3,0,6,15,137,13,44,19,2,46,26,0,5,0,2,1110,0,0,0,1120,2,2872,0,0,3,1103,33,3,0,0,0,0,9,0,0,0,3,0,3,0,10,0,0,0,6,3,0,0,0,0,0,0,0,1136,0,4,0,0,0,18,0,0,0,0,0,0,4,0,0,0,0,0,0,0,0,0,0,0,0,0,0,0,0,0,0,0,0,0,0,0,0,0,0,14,17,0,0,2,4,0,4,0,0,0,0,0,0,0,0,0,0,0,1,0,0,0,0,0,0,0,0,0,0,0,0,0,0,0,0,0,0,0,0,0,0,0,0,0,0,0,0,0,0,3,0,0,0,0,0,0,0,0,0,0,0,0,0,0,0,0,0,0,0,0,0,0,0,0,0,0,0,0,0,0,0,0,0,0,0,0,0,0,0,0,0,0,0,0,0,0,3,0,0,0,0,0,0,0,0,0,0,0,0,0,0,0,0,0,0,0,0,0,18,0,0,0,0,0,6,0,0,0,0,0,10,0,0,0,0,0,0,0,3,0,0,0,0,0,0,0,0,0,0,0,0,0,0,0,0,0,0,0,0,0,0,0,0,0,0,0,0,0,0,0,0,0,0,0,0,0,0,0,0,0,0,0,0,0,0
2c77414e6d67561ed8ad900176fb8c20,1.2,0,18,260,10,3,4,4,1178,1568,1182,1,0,3,0,32,1,4,1,1,6,5,1,2,1,1,2,509,0,0,0,1,1,1,1,0,0,2,0,0,0,0,0,0,0,0,0,0,0,0,0,0,0,0,0,3,1,0,0,0,0,0,0,0,0,0,0,0,0,0,0,0,0,0,0,0,0,0,0,0,0,0,0,0,0,0,0,0,0,0,0,0,0,0,0,0,0,0,0,0,0,0,0,0,0,0,0,0,0,0,0,0,0,0,0,0,0,0,0,0,0,0,0,0,0,0,0,0,0,0,0,0,0,0,0,0,0,0,0,0,0,0,0,0,0,0,0,0,0,0,0,0,0,0,0,0,0,0,0,0,0,0,0,0,0,0,0,0,0,0,0,0,0,0,0,0,0,0,0,0,0,0,0,0,0,0,0,0,0,0,0,0,0,0,0,0,0,0,0,0,0,0,0,0,0,0,0,0,0,0,0,0,0,0,0,0,0,0,0,0,0,0,0,0,0,0,0,0,0,0,0,0,0,0,0,0,0,0,0,0,0,0,0,0,0,0,0,0,0,0,0,0,0,0,0,0,0,0,0,0,0,0,0,0,0,0,0,0,0,0,0,0,0,0,0,0,0,0,0,0,0,0,0,0,0,0,0,0,0,0
2cb19dc371abd8598b3e5c94b5ed4529,1.2,0,11,251,11,1,28,4,0,0,1,3,1,1,3,38,1,5,1,2,8,12,1,2,1,1,2,2,0,0,0,1,1,1,1,1,0,4,0,0,0,0,0,0,0,0,0,0,0,0,0,0,0,0,0,3,1,0,0,0,0,0,0,0,0,0,0,0,0,0,0,0,0,0,0,0,0,11,0,0,0,0,0,0,0,0,0,0,0,0,0,0,0,0,0,0,0,0,0,0,0,0,0,0,0,0,0,0,0,0,0,0,0,0,0,0,0,0,0,0,0,0,0,0,0,0,0,0,0,0,0,0,0,0,0,0,0,0,0,0,0,0,0,0,0,0,0,0,0,0,0,0,0,0,0,0,0,0,0,0,0,0,0,0,0,0,0,0,0,0,0,0,0,0,0,0,0,0,0,0,0,0,0,0,0,0,0,0,0,0,0,0,0,0,0,0,0,0,0,0,0,0,0,0,0,0,0,0,0,0,0,0,0,0,0,0,0,0,0,0,0,0,0,0,0,0,0,0,0,0,0,0,0,0,0,0,0,0,0,0,0,0,0,0,0,0,0,0,0,0,0,0,0,0,0,0,0,0,0,0,0,0,0,0,0,0,0,0,0,0,0,0,0,0,0,0,0,0,0,0,0,0,0,0,0,0,0,0,0,0
2cb9583dc7a53af6e24c911cda741a70,1.6,0,19,2524,16,9,2097,3,6,4,9,2,1,3,3,45,2,2,1,2,27,14,1,2,1,1,2,2,1,0,0,1,2,1,1,0,0,3,0,0,0,0,0,0,0,0,0,0,0,0,0,0,0,0,0,3,1,0,0,0,0,0,0,0,0,0,0,0,0,0,0,0,0,0,0,0,0,0,0,0,0,0,0,0,0,0,0,0,0,0,0,0,0,0,0,0,0,0,0,0,0,0,0,0,0,0,0,0,0,2,0,2,0,0,0,0,0,0,0,0,0,0,0,0,0,0,0,0,0,0,0,0,0,0,0,0,0,0,0,0,0,0,0,0,0,0,0,0,0,0,0,0,0,0,0,0,0,0,0,0,0,0,0,0,0,0,0,0,0,0,0,0,0,0,0,0,0,0,0,0,0,0,0,0,0,0,0,0,0,0,0,0,0,0,0,0,0,0,0,0,0,0,0,0,0,0,0,0,0,0,0,0,0,0,0,0,0,0,0,0,0,0,0,0,0,0,0,0,0,0,0,0,0,0,0,0,0,0,0,0,0,0,0,0,0,0,0,0,0,0,0,0,0,0,0,0,0,0,0,0,0,0,0,0,0,0,0,0,0,0,0,0,0,0,0,0,0,0,0,0,0,0,0,0,0,0,0,0,0,0
0e2c92400f7dbffcbdf1d8f582911b67,1.4,0,17,605,4,4,2,2,4,3,5,2,1,2,1,2,0,1,0,1,0,0,0,0,0,0,1,2,0,0,0,0,0,0,0,0,0,3,0,0,0,0,1,0,0,0,0,0,0,0,0,0,0,0,0,0,0,0,0,0,0,0,0,0,0,0,0,0,0,0,0,0,0,0,0,0,0,0,0,0,0,0,0,0,0,0,0,0,0,0,0,0,0,0,0,0,0,0,0,0,0,0,0,0,0,0,0,0,0,0,0,0,0,0,0,0,0,0,0,0,0,0,0,0,0,0,0,0,0,0,0,0,0,0,0,0,0,0,0,0,0,0,0,0,0,0,0,0,0,0,0,0,0,0,0,0,0,0,0,0,0,0,0,0,0,0,0,0,0,0,0,0,0,0,0,0,0,0,0,0,0,0,0,0,0,0,0,0,0,0,0,0,0,0,0,0,0,0,0,0,0,0,0,0,0,0,0,0,0,0,0,0,0,0,0,0,0,0,0,0,0,0,0,0,0,0,0,0,0,0,0,0,0,0,0,0,0,0,0,0,0,0,0,0,0,0,0,0,0,0,0,0,0,0,0,0,0,0,0,0,0,0,0,0,0,0,0,0,0,0,0,0,0,0,0,0,0,0,0,0,0,0,0,0,0,0,0,0,0,0
2cb85696e32e5668f3b55a534864b9ea,1.2,0,19,367,10,3,4,4,5,4,9,1,0,3,0,28,1,4,1,1,6,5,1,2,1,1,2,2,0,0,0,1,1,1,1,0,0,2,0,0,0,0,0,0,0,0,0,0,0,0,0,0,0,0,0,3,1,0,0,0,0,0,0,0,0,0,0,0,0,0,0,0,0,0,0,0,0,0,0,0,0,0,0,0,0,0,0,0,0,0,0,0,0,0,0,0,0,0,0,0,0,0,0,0,0,0,0,0,0,0,0,0,0,0,0,0,0,0,0,0,0,0,0,0,0,0,0,0,0,0,0,0,0,0,0,0,0,0,0,0,0,0,0,0,0,0,0,0,0,0,0,0,0,0,0,0,0,0,0,0,0,0,0,0,0,0,0,0,0,0,0,0,0,0,0,0,0,0,0,0,0,0,0,0,0,0,0,0,0,0,0,0,0,0,0,0,0,0,0,0,0,0,0,0,0,0,0,0,0,0,0,0,0,0,0,0,0,0,0,0,0,0,0,0,0,0,0,0,0,0,0,0,0,0,0,0,0,0,0,0,0,0,0,0,0,0,0,0,0,0,0,0,0,0,0,0,0,0,0,0,0,0,0,0,0,0,0,0,0,0,0,0,0,2502,0,0,0,0,0,0,0,0,0,0,0,0,0,0,0,0
2cc7a3e4d589c409f4ecc1786fc3ad7f,1.4,0,0,0,1,0,1,0,0,0,0,0,1,0,0,0,0,0,0,0,0,0,0,0,0,0,0,0,0,0,0,1,0,0,0,0,1,0,0,0,0,0,0,0,0,0,0,0,0,0,0,0,0,0,0,1,0,1,1,11,0,0,0,0,0,0,0,0,0,0,0,0,0,0,0,0,0,0,0,0,0,0,0,0,0,0,0,0,0,0,0,0,0,0,0,0,0,0,0,0,0,0,0,0,0,0,0,0,0,0,0,0,0,0,0,0,0,0,0,0,0,1,0,0,0,0,0,0,0,0,0,0,0,0,0,0,0,0,0,0,0,0,0,0,0,0,0,0,0,0,0,0,0,0,0,0,0,0,0,0,0,0,0,0,0,0,0,0,0,0,0,0,0,0,0,0,0,0,0,0,0,0,0,0,0,0,0,0,0,0,0,0,0,0,0,0,0,0,0,0,0,0,0,0,0,0,0,0,0,0,0,0,0,0,0,0,0,0,0,0,0,0,0,0,0,0,0,0,0,0,0,0,0,0,0,0,0,0,0,0,0,0,0,0,0,0,0,0,0,0,0,0,0,0,0,0,0,0,0,0,0,0,0,0,0,0,0,0,0,0,0,0,0,0,0,0,0,0,0,0,0,0,0,0,0,0,0,0,0,0
2ce68693d68d62ab1785151934e4ab7d,1.2,0,11,251,10,1,28,4,0,0,1,3,1,1,3,38,1,5,1,2,8,12,1,2,1,1,2,2,0,0,0,1,1,1,1,1,0,4,0,0,0,0,0,0,0,0,0,0,0,0,0,0,0,0,0,3,1,0,0,0,0,0,0,0,0,0,0,0,0,0,0,0,0,0,0,0,0,11,0,0,0,0,0,0,0,0,0,0,0,0,0,0,0,0,0,0,0,0,0,0,0,0,0,0,0,0,0,0,0,0,0,0,0,0,0,0,0,0,0,0,0,0,0,0,0,0,0,0,0,0,0,0,0,0,0,0,0,0,0,0,0,0,0,0,0,0,0,0,0,0,0,0,0,0,0,0,0,0,0,0,0,0,0,0,0,0,0,0,0,0,0,0,0,0,0,0,0,0,0,0,0,0,0,0,0,0,0,0,0,0,0,0,0,0,0,0,0,0,0,0,0,0,0,0,0,0,0,0,0,0,0,0,0,0,0,0,0,0,0,0,0,0,0,0,0,0,0,0,0,0,0,0,0,0,0,0,0,0,0,0,0,0,0,0,0,0,0,0,0,0,0,0,0,0,0,0,0,0,0,0,0,0,0,0,0,0,0,0,0,0,0,0,0,0,0,0,0,0,0,0,0,0,0,0,0,0,0,0,0,0
2cf165be4af64b7505554b8bfc05cd79,2.0,0,21,492,11,5,4,2,5,3,8,3,1,3,1,29,1,4,1,2,6,5,1,2,1,1,2,2,0,0,0,1,1,1,1,0,0,11,0,0,0,0,0,0,0,0,0,0,0,0,0,0,6,0,0,3,1,0,0,0,0,0,0,0,0,0,0,0,0,0,0,0,0,0,0,0,0,0,0,0,0,0,0,0,0,0,0,0,0,0,0,0,0,0,0,0,0,0,0,0,0,0,0,0,0,0,0,0,0,0,0,0,0,0,0,0,0,0,0,0,0,0,4,0,0,0,0,0,0,0,0,0,0,0,0,0,0,0,0,0,0,0,0,0,0,0,0,0,0,0,0,0,0,0,0,0,0,0,0,0,0,0,0,0,0,0,0,0,0,0,0,0,0,0,0,0,0,0,0,0,0,0,0,0,0,0,0,0,0,0,0,0,0,0,0,0,0,0,0,0,0,0,0,0,0,0,0,0,0,0,0,0,0,0,0,0,0,0,0,0,0,0,0,0,0,0,0,0,0,0,0,0,0,0,0,0,0,0,0,0,0,0,0,0,0,0,0,0,0,0,0,0,0,0,0,0,0,0,0,0,0,0,0,0,0,0,0,0,0,0,0,0,0,0,0,0,0,0,0,0,0,0,0,0,0,0,0,0,0,0
2d0c6e8d617dafcb66c7f661d339dae7,4.2,0,1,22,7,1,2,0,1,0,3,0,0,1,0,25,2,2,1,1,6,5,1,2,1,1,2,2,0,0,0,1,1,1,1,0,0,3,0,0,0,0,0,0,0,0,0,1,0,0,0,0,0,1,0,3,1,0,0,0,0,0,0,0,0,0,0,0,0,0,0,0,0,0,0,0,0,0,0,0,0,0,0,0,0,0,0,0,0,0,0,0,0,0,0,0,0,0,0,0,0,0,0,0,0,0,0,0,3,0,0,0,0,0,0,0,0,0,0,0,0,2,0,0,0,0,0,0,0,0,0,0,0,0,0,0,0,0,0,0,0,0,2,0,0,0,0,0,0,0,0,1,0,0,0,0,0,0,0,0,0,0,0,0,0,0,0,0,0,0,0,0,0,0,0,0,0,0,0,0,0,0,0,0,0,0,0,0,0,0,0,0,0,0,0,0,0,0,0,0,0,0,0,0,0,0,0,0,0,0,0,0,0,0,1,0,0,0,0,5,0,0,0,0,0,0,0,0,0,0,0,0,0,0,0,0,0,0,0,0,0,0,0,0,0,0,0,0,0,0,0,0,0,0,0,0,0,0,0,0,0,0,0,0,0,0,0,0,0,0,0,0,0,0,0,0,0,0,0,0,0,0,0,0,0,0,0,0,0,0
2d62f4dfed8960a5ba2b630510ec0580,1.2,0,18,258,11,3,2,4,5,4,9,1,1,3,0,28,1,4,1,1,6,5,1,2,1,1,2,2,0,0,0,1,1,1,1,0,0,2,0,0,0,0,0,0,0,0,0,0,0,0,0,0,0,0,0,3,1,0,0,0,0,0,0,0,0,0,0,0,0,0,0,0,0,0,0,0,0,0,0,0,0,0,0,0,0,0,0,0,0,0,0,0,0,0,0,0,0,0,0,0,0,0,0,0,0,0,0,0,0,0,0,0,0,0,0,0,0,0,0,0,0,0,0,0,0,0,0,0,0,0,0,0,0,0,0,0,0,0,0,0,0,0,0,0,0,0,0,0,0,0,0,0,0,0,0,0,0,0,0,0,0,0,0,0,0,0,0,0,0,0,0,0,0,0,0,0,0,0,0,0,0,0,0,0,0,0,0,0,0,0,0,0,0,0,0,0,0,0,0,0,0,0,0,0,0,0,0,0,0,0,0,0,0,0,0,0,0,0,0,0,0,0,0,0,0,0,0,0,0,0,0,0,0,0,0,0,0,0,0,0,0,0,0,0,0,0,0,0,0,0,0,0,0,0,0,0,0,0,0,0,0,0,0,0,0,0,0,0,0,0,0,0,0,0,0,0,0,0,0,0,0,0,0,0,0,0,0,0,0,0
2d906fc73ecdbe6106e173f239d00baa,5.0,0,9,7,21,2,0,5,8,13,12,1,0,2,0,19,0,7,0,0,2,2,0,0,0,1,0,0,0,0,0,0,4,1,1,0,0,2,0,0,0,4,0,97,3,0,0,1,0,0,0,0,0,1,1,2,0,0,0,0,0,0,0,0,96,0,0,0,0,0,0,0,0,0,0,0,0,0,0,0,0,0,0,0,0,0,0,0,0,0,0,0,0,0,0,0,0,0,0,0,7,0,0,0,2,4,0,0,0,0,0,0,0,0,0,0,0,0,1,0,0,0,0,0,0,0,0,0,0,0,0,0,0,0,0,0,0,0,0,0,0,0,0,0,1,0,0,0,0,0,0,0,0,0,0,0,0,0,2,0,0,0,0,0,0,0,0,0,0,0,0,0,0,1,0,0,0,0,0,0,2,0,0,0,0,0,0,0,0,0,0,0,0,0,0,0,0,0,0,0,0,0,0,0,0,0,0,0,0,0,0,0,0,0,0,0,0,0,0,0,0,0,0,0,0,0,0,0,0,0,0,0,0,0,0,0,0,0,0,0,0,0,0,0,0,0,0,0,0,0,0,0,0,0,0,0,0,0,0,0,0,0,0,0,0,0,0,0,0,0,0,0,0,0,0,0,0,0,0,0,0,0,0,0,0,0,0,0,0,0
2d53682fca036bbc3bf19b98bb39c6ea,1.8,0,20,570,18,5,5,2,5,3,8,2,1,3,1,31,1,12,1,3,6,5,1,2,1,1,2,2,0,0,0,1,1,1,1,0,0,6,0,0,0,0,0,0,0,0,0,0,0,0,0,0,0,0,0,3,1,0,0,0,0,0,0,0,0,0,0,0,0,0,0,0,0,0,0,0,0,0,0,0,0,0,0,0,0,0,0,0,0,0,0,0,0,0,0,0,0,0,0,0,0,0,0,0,0,0,0,0,0,0,0,0,0,0,0,0,0,0,0,0,0,0,0,0,0,0,0,0,0,0,0,0,0,0,0,0,0,0,0,0,0,0,0,0,0,0,0,0,0,0,0,0,0,0,0,0,0,0,0,0,0,0,0,0,0,0,0,0,0,0,0,0,0,0,0,0,0,0,0,0,0,0,0,0,0,0,0,0,0,0,0,0,0,0,0,0,0,0,0,0,0,0,0,0,0,0,0,0,0,0,0,0,0,0,0,0,0,0,0,0,0,0,0,0,0,0,0,0,0,0,0,0,0,0,0,0,0,0,0,0,0,0,0,0,0,0,0,0,0,0,0,0,0,0,0,0,0,0,0,0,0,0,0,0,0,0,0,0,0,0,0,0,0,0,0,0,0,0,0,0,0,0,0,0,0,0,0,0,0,0
2db9bd0674c139215daeb5bfbb05b946,1.4,0,0,0,1,0,1,0,0,0,0,0,1,0,0,0,0,0,0,0,0,0,0,0,0,0,0,0,0,0,0,1,0,0,0,0,1,0,0,0,0,0,0,0,0,0,0,0,0,0,0,0,0,0,0,1,0,1,1,11,0,0,0,0,0,0,0,0,0,0,0,0,0,0,0,0,0,0,0,0,0,0,0,0,0,0,0,0,0,0,0,0,0,0,0,0,0,0,0,0,0,0,0,0,0,0,0,0,0,0,0,0,0,0,0,0,0,0,0,0,0,1,0,0,0,0,0,0,0,0,0,0,0,0,0,0,0,0,0,0,0,0,0,0,0,0,0,0,0,0,0,0,0,0,0,0,0,0,0,0,0,0,0,0,0,0,0,0,0,0,0,0,0,0,0,0,0,0,0,0,0,0,0,0,0,0,0,0,0,0,0,0,0,0,0,0,0,0,0,0,0,0,0,0,0,0,0,0,0,0,0,0,0,0,0,0,0,0,0,0,0,0,0,0,0,0,0,0,0,0,0,0,0,0,0,0,0,0,0,0,0,0,0,0,0,0,0,0,0,0,0,0,0,0,0,0,0,0,0,0,0,0,0,0,0,0,0,0,0,0,0,0,0,0,0,0,0,0,0,0,0,0,0,0,0,0,0,0,0,0
0e3f7e3b68c4886a62334f274af5e0f9,1.6,0,0,0,0,0,0,0,0,0,0,0,0,0,0,0,0,0,0,0,0,0,0,0,0,0,0,0,0,0,0,0,0,0,0,0,0,4,0,0,0,0,0,0,0,0,0,0,0,0,0,0,0,0,0,1,0,0,0,0,0,0,0,0,0,0,0,0,0,0,0,0,0,0,0,0,0,0,0,0,0,0,0,0,0,0,0,0,0,0,0,0,0,0,0,0,0,0,0,0,0,0,0,0,0,0,0,0,0,0,0,0,0,0,0,0,0,0,0,0,0,1,0,0,0,0,0,0,0,0,0,0,0,0,0,0,0,0,0,0,0,0,0,0,0,0,0,0,0,0,0,0,0,0,0,0,0,0,0,0,0,0,0,0,0,0,0,0,0,0,0,0,0,0,0,0,0,0,0,0,0,0,0,0,0,0,0,0,0,0,0,0,0,0,0,0,0,0,0,0,0,0,0,0,0,0,0,0,0,0,0,0,0,0,0,0,0,0,0,0,0,0,0,0,0,0,0,0,0,0,0,0,0,0,0,0,0,0,0,0,0,0,0,0,0,0,0,0,0,0,0,0,0,0,0,0,0,0,0,0,0,0,0,0,0,0,0,0,0,0,0,0,0,0,0,0,0,0,0,0,0,0,0,0,0,0,0,0,0,0
2dc28fb5c372ce485e3ba8708cbe5780,1.4,0,3,114,1,0,0,0,0,0,0,0,0,0,0,0,0,0,0,0,0,0,0,0,0,0,0,0,0,0,0,0,0,0,0,0,0,2,0,0,0,0,0,0,0,0,0,0,0,0,0,0,0,0,0,0,0,0,0,0,0,0,0,0,0,0,0,0,0,0,0,0,0,0,0,0,0,0,0,0,0,0,0,0,0,0,0,0,0,0,0,0,0,0,0,0,0,0,0,0,0,0,0,0,0,0,0,0,0,0,0,0,0,0,0,0,0,0,0,0,0,0,0,0,0,0,0,0,0,0,0,0,0,0,0,0,0,0,0,0,0,0,0,0,0,0,0,0,0,0,0,0,0,0,0,0,0,0,0,0,0,0,0,0,0,0,0,0,0,0,0,0,0,0,0,0,0,0,0,0,0,0,0,0,0,0,0,0,0,0,0,0,0,0,0,0,0,0,0,0,0,0,0,0,0,0,0,0,0,0,0,0,0,0,0,0,0,0,0,0,0,0,0,0,0,0,0,0,0,0,0,0,0,0,0,0,0,0,0,0,0,0,0,0,0,0,0,0,0,0,0,0,0,0,0,0,0,0,0,0,0,0,0,0,0,0,0,0,0,0,0,0,0,0,0,0,0,0,0,0,0,0,0,0,0,0,0,0,0,0
2e0c65e98bbb89cb04f285b5b582de38,1.8,0,3,18,1,1,1,2,0,0,1,2,1,0,0,6,0,0,1,0,3,3,0,0,0,0,0,0,0,0,0,1,0,0,0,1,1,0,0,0,0,0,1,0,0,0,0,0,0,0,0,0,0,0,0,3,1,1,1,11,0,0,0,0,0,0,0,0,0,0,0,0,1,0,0,0,0,1,0,0,0,0,0,0,0,0,0,0,0,0,0,0,0,0,0,0,0,0,0,0,0,0,0,0,0,0,0,0,0,0,0,0,0,0,0,0,0,0,0,0,0,0,0,0,0,0,0,0,0,0,0,0,0,0,0,0,0,0,0,0,0,0,0,0,0,0,0,0,0,0,0,0,0,0,0,0,0,0,0,1,0,0,0,0,0,0,0,0,0,0,0,0,0,0,0,0,0,0,0,0,0,0,0,0,0,0,0,0,0,0,0,0,0,0,0,0,0,0,0,0,0,0,0,0,0,0,0,0,0,0,0,0,0,0,0,1,0,0,0,0,0,0,0,0,0,0,0,0,0,0,0,0,0,0,0,0,0,0,0,0,1,0,0,0,0,0,0,0,0,0,0,0,0,0,0,0,0,0,0,0,0,0,0,0,0,0,0,0,0,0,0,0,0,0,0,0,0,0,0,0,0,0,0,0,0,0,0,0,0,0
2e3a93fa9e1883b594c76f2541982410,1.2,0,18,258,9,3,2,4,5,4,9,1,0,3,0,28,1,4,1,1,7,253,1,2,1,1,2,2,0,0,0,1,1,1,1,0,0,2,0,0,0,0,0,0,0,0,0,0,0,0,0,0,0,0,0,3,1,0,0,0,0,0,0,0,0,0,0,0,0,0,0,0,0,0,0,0,0,0,0,0,0,0,0,0,0,0,0,0,0,0,0,0,0,0,0,0,0,0,0,0,0,0,0,0,0,0,0,0,0,0,0,0,0,0,0,0,0,0,0,0,0,0,0,0,0,0,0,0,0,0,0,0,0,0,0,0,0,0,0,0,0,0,0,0,0,0,0,0,0,0,0,0,0,0,0,0,0,0,0,0,0,0,0,0,0,0,0,0,0,0,0,0,0,0,0,0,0,0,0,0,0,0,0,0,0,0,0,0,0,0,0,0,0,0,0,0,0,0,0,0,0,0,0,0,0,0,0,0,0,0,0,0,0,0,0,0,0,0,0,0,0,0,0,0,0,0,0,0,0,0,0,0,0,0,0,0,0,0,0,0,0,0,0,0,0,0,0,0,0,0,0,0,0,0,0,0,0,0,0,0,0,0,0,0,0,0,0,0,0,0,0,0,0,0,0,0,0,0,0,0,0,0,0,0,0,0,0,0,0,0
2e71bdefa612520b09e77e27cdb69ee6,2.0,0,19,545,11,5,4,2,5,3,8,2,1,3,1,27,1,4,1,2,6,5,1,2,1,1,2,2,0,0,0,1,1,1,1,0,0,6,0,0,0,0,1,0,0,0,0,0,0,0,0,0,0,0,0,3,1,0,0,0,0,0,0,0,0,0,0,0,0,0,0,0,0,0,0,0,0,0,0,0,0,0,0,0,0,0,0,0,0,0,0,0,0,0,0,0,0,0,0,0,0,0,0,0,0,0,0,0,0,0,0,0,0,0,0,0,0,0,0,0,0,0,0,0,0,0,0,0,0,0,0,0,0,0,0,0,0,0,0,0,0,0,0,0,0,0,0,0,0,0,0,0,0,0,0,0,0,0,0,0,0,0,0,0,0,0,0,0,0,0,0,0,0,0,0,0,0,0,0,0,0,0,0,0,0,0,0,0,0,0,0,0,0,0,0,0,0,0,0,0,0,0,0,0,0,0,0,0,0,0,0,0,0,0,0,0,0,0,0,0,0,0,0,0,0,0,0,0,0,0,0,0,0,0,0,0,0,0,0,0,0,0,0,0,0,0,0,0,0,0,0,0,0,0,0,0,0,0,0,0,0,0,0,0,0,0,0,0,0,0,0,0,0,0,0,0,0,0,0,0,0,0,0,0,0,0,0,0,0,0
2e80f81afa45820c9aa70369a6dc03e9,1.2,0,11,240,10,1,27,4,0,0,1,3,1,1,3,38,1,5,1,2,8,12,1,2,1,1,2,2,0,0,0,1,1,1,1,1,0,4,0,0,0,0,0,0,0,0,0,0,0,0,0,0,0,0,0,3,1,0,0,0,0,0,0,0,0,0,0,0,0,0,0,0,0,0,0,0,0,11,0,0,0,0,0,0,0,0,0,0,0,0,0,0,0,0,0,0,0,0,0,0,0,0,0,0,0,0,0,0,0,0,0,0,0,0,0,0,0,0,0,0,0,0,0,0,0,0,0,0,0,0,0,0,0,0,0,0,0,0,0,0,0,0,0,0,0,0,0,0,0,0,0,0,0,0,0,0,0,0,0,0,0,0,0,0,0,0,0,0,0,0,0,0,0,0,0,0,0,0,0,0,0,0,0,0,0,0,0,0,0,0,0,0,0,0,0,0,0,0,0,0,0,0,0,0,0,0,0,0,0,0,0,0,0,0,0,0,0,0,0,0,0,0,0,0,0,0,0,0,0,0,0,0,0,0,0,0,0,0,0,0,0,0,0,0,0,0,0,0,0,0,0,0,0,0,0,0,0,0,0,0,0,0,0,0,0,0,0,0,0,0,0,0,0,0,0,0,0,0,0,0,0,0,0,0,0,0,0,0,0,0
2eb062a323b59e0734ae1f40c46a9608,1.6,0,11,251,11,1,28,4,0,0,1,3,1,1,3,38,1,5,1,2,8,12,1,2,1,1,2,2,0,0,0,1,1,1,1,1,0,4,0,0,0,0,0,0,0,0,0,0,0,0,0,0,0,0,0,3,1,0,0,0,0,0,0,0,0,0,0,0,0,0,0,0,0,0,0,0,0,11,0,0,0,0,0,0,0,0,0,0,0,0,0,0,0,0,0,0,0,0,0,0,0,0,0,0,0,0,0,0,0,0,0,0,0,0,0,0,0,0,0,0,0,0,0,0,0,0,0,0,0,0,0,0,0,0,0,0,0,0,0,0,0,0,0,0,0,0,0,0,0,0,0,0,0,0,0,0,0,0,0,0,0,0,0,0,0,0,0,0,0,0,0,0,0,0,0,0,0,0,0,0,0,0,0,0,0,0,0,0,0,0,0,0,0,0,0,0,0,0,0,0,0,0,0,0,0,0,0,0,0,0,0,0,0,0,0,0,0,0,0,0,0,0,0,0,0,0,0,0,0,0,0,0,0,0,0,0,0,0,0,0,0,0,0,0,0,0,0,0,0,0,0,0,0,0,0,0,0,0,0,0,0,0,0,0,0,0,0,0,0,0,0,0,0,0,0,0,0,0,0,0,0,0,0,0,0,0,0,0,0,0
2ebe2afc553d47f39d8621385fb04810,1.4,0,17,361,11,1,8,4,0,0,1,3,1,1,3,41,1,4,1,3,10,14,1,2,1,1,2,2,0,0,0,1,2,1,1,2,0,7,0,0,0,0,0,0,0,0,0,0,0,0,0,0,0,0,0,3,1,0,0,0,0,0,0,0,0,0,1,0,0,0,0,0,0,0,0,0,0,11,0,0,0,0,0,0,0,0,0,0,0,0,0,0,0,0,0,0,0,0,0,0,0,0,0,0,1,1,0,0,0,0,0,0,1,0,0,0,0,0,0,0,0,0,0,0,0,0,0,0,0,0,0,0,0,0,0,0,0,0,0,0,0,0,0,0,0,0,0,0,0,0,0,0,0,0,0,0,0,0,0,0,0,0,0,0,0,0,0,0,0,0,0,0,0,0,0,0,0,0,0,0,0,0,0,0,0,0,0,0,0,0,0,0,0,0,0,0,0,0,0,0,0,0,0,0,0,0,0,0,0,0,0,0,0,0,0,0,0,0,0,0,0,0,0,0,0,0,0,0,0,0,0,0,0,0,0,0,0,0,0,0,0,0,0,0,0,0,0,0,0,0,0,0,0,0,0,0,0,0,0,0,0,0,0,0,0,0,0,0,0,0,0,0,0,0,0,0,0,0,0,0,0,0,0,0,0,0,0,0,0,0
2edfcd721268093ef20832bb05938343,11.4,73,191,6360,293,64,4656,124,191,226,507,24,3,53,18,2081,10,50,5,8,281,514,3,93,8,14,21,15,7,209,23,38,35,3,63,281,10,105,3,316,1,9,1,1,6553,2,1,8,2,39,314,1,70,1,1,4,29,6,6,252,12,1,1,2,585,36,8,97,84,9,6,12,3,3,17,1,721,603,1,13,1259,1149,477,90,2,52,5,11,11,3,26,40,66,68,46,10,106,1,10,2,25,9,0,5,17,17,26,198,5,5,26,20,19,24,4,4,2,4,2,2,1,2,6407,1,0,0,0,1,0,0,0,0,0,0,0,0,0,0,0,0,0,0,0,0,0,0,0,0,0,0,0,0,0,0,0,0,0,0,0,0,0,0,0,0,0,0,0,0,0,0,0,0,0,0,0,0,0,0,0,0,0,0,0,0,0,0,0,0,0,0,0,0,0,0,0,0,0,0,0,0,0,0,0,0,0,0,0,0,0,0,0,0,0,0,0,0,0,0,0,0,0,0,0,0,0,0,0,0,0,0,0,0,0,0,0,0,0,0,0,0,0,0,0,0,0,0,0,0,0,0,0,0,0,0,0,0,0,0,0,0,0,0,0,0,0,0,0,0,0,0,0,0,0,0,0,0,0,0,0,0,0,0,0,0,0,0,0,0,0,0
2f2ab06b00ba54cf1dfe8016921f16bb,12.8,209,297,3139,635,49,677,118,374,399,671,74,427,79,16,4129,39,112,5,32,327,683,5,114,8,10,73,20,11,673,174,68,101,21,156,369,1,431,20,363,6,30,1,5,12821,0,0,5,845,60,303,1,657,0,0,5,48,19,19,739,14,13,13,13,1003,40,348,95,0,1,0,24,1,1,15,1,847,700,1,14,1299,1497,573,116,4,53,3,9,9,5,27,42,143,347,108,19,188,22,10,0,100,751,3,12,38,73,28,204,3,3,23,23,20,22,6,9,3,7,9,0,0,4,12784,0,0,0,0,8,0,1,1,4,18,0,0,0,6,0,763,0,0,5,2,0,13,0,4,8,0,0,0,0,0,0,1,0,16,0,12,23,0,0,0,8,2,2,7,0,0,2,1,32,0,3,25,2,0,4,0,0,2,0,0,0,18,0,0,0,0,0,0,0,0,0,0,0,0,0,0,0,0,0,1,0,6,0,0,0,0,0,0,0,0,0,0,0,0,0,0,0,0,0,8,0,6,2,0,0,0,0,0,8,6,0,0,0,0,0,0,0,0,0,0,0,0,1,0,0,0,0,0,0,0,0,0,0,0,0,0,0,0,1,1,0,0,0,0,0,0,0,0,0,0,0,0,0,0,0,0,0,0,0,0,0,0,0,0,0,0,0
0e4f8e44fc82d6ba8a0014179fd9cf35,5.6,0,11,72,378,1,12,0,1,0,3,0,0,1,0,55,2,3,1,1,7,6,1,2,1,2,2,2,0,0,0,1,2,1,2,0,0,2,0,0,0,0,0,0,0,0,0,1,0,0,0,307460,5,1,1,6,2,0,0,0,0,0,0,0,1,0,0,0,0,0,0,0,0,0,0,0,0,0,0,0,0,3,0,0,0,0,0,0,0,0,0,0,0,0,0,0,24,0,0,0,0,0,0,0,1,2,1,0,0,0,0,0,0,0,0,989,1,0,0,0,0,14,1,0,0,0,0,0,0,0,0,0,0,0,0,0,0,0,0,0,0,0,0,0,0,0,0,0,0,0,0,0,0,0,0,0,0,0,0,0,0,0,0,0,0,0,0,0,0,0,0,0,0,0,0,0,0,0,0,0,0,0,0,0,0,0,0,0,0,0,0,0,0,0,0,0,0,0,0,0,0,0,0,0,0,0,0,0,0,0,0,0,0,0,0,0,1034,0,0,0,0,0,0,0,0,0,0,0,0,0,0,0,0,0,0,0,0,0,0,0,0,0,0,0,0,0,0,0,0,0,0,0,0,0,0,0,0,0,0,0,0,0,0,0,0,0,0,0,0,0,0,0,0,0,0,0,0,0,0,0,0,0,0,0,0,0,0,0,0,0
2f9efad7ed44562301a470b7fa2f0972,1.4,0,15,356,10,5,4,2,5,3,8,2,1,3,1,32,1,4,1,10,8,7,1,2,1,1,2,2,0,0,0,1,147,1,1,0,0,4,0,0,0,0,0,0,0,0,0,0,0,0,0,0,0,0,0,3,1,0,0,0,0,0,0,0,0,0,0,0,0,0,0,0,0,0,0,0,0,0,0,0,0,0,0,0,0,0,0,0,0,0,0,0,0,0,0,0,0,0,0,0,0,0,0,0,1,1,0,0,0,0,0,0,1,0,0,0,0,0,0,0,0,0,0,0,0,0,0,0,0,0,0,0,0,0,0,0,0,0,0,0,0,0,0,0,0,0,0,0,0,0,0,0,0,0,0,0,0,0,0,0,0,0,0,0,0,0,0,0,0,0,0,0,0,0,0,0,0,0,0,0,0,0,0,0,0,0,0,0,0,0,0,0,0,0,0,0,0,0,0,0,0,0,0,0,0,0,0,0,0,0,0,0,0,0,0,0,0,0,0,0,0,0,0,0,0,0,0,0,0,0,0,0,0,0,0,0,0,0,0,0,0,0,0,0,0,0,0,0,0,0,0,0,0,0,0,0,0,0,0,0,0,0,0,0,0,0,0,0,0,0,0,0,0,0,0,0,0,0,0,0,0,0,0,0,0,0,0,0,0,0
2f211c6b3347e9829cee8b25f7ef471c,5.6,0,3,31,10,176426,3,1,0,0,3,0,0,2,0,10,1,3,0,0,3,3,0,0,0,1,0,0,0,0,0,0,2,0,0,0,0,0,0,0,0,0,0,0,2,0,0,1,0,0,0,0,10,1,1,3,1,0,0,0,0,0,0,0,0,0,0,0,0,0,0,0,0,0,0,0,0,0,0,0,0,0,0,0,0,0,0,0,0,0,0,0,0,68,68,0,0,0,0,0,0,0,0,4,0,0,0,0,1,0,0,0,0,0,0,0,0,0,0,0,0,0,0,0,0,0,0,0,68,0,0,0,0,0,0,0,0,0,0,0,0,0,0,0,0,0,0,0,0,0,0,0,31,0,0,0,0,0,0,1,0,0,0,0,0,0,0,0,0,0,0,0,0,0,0,0,0,0,0,0,0,0,0,0,0,176420,0,0,0,0,0,0,0,0,0,0,0,0,0,0,0,0,0,0,0,0,0,0,0,0,0,0,0,0,0,0,0,0,0,0,0,0,0,0,0,0,0,0,0,0,0,0,0,0,0,0,0,0,0,0,0,0,0,0,0,0,0,0,0,0,0,0,0,0,0,0,0,0,0,0,0,0,0,0,0,0,0,0,0,0,0,0,0,0,0,0,0,0,0,0,0,0,0,0,0,0,0,0,0,0
2f399c5b8cb214fc13cbb29544a54881,10.6,22,230,7125,367,77,5017,198,221,229,548,26,3,70,21,2488,3,49,5,9,319,637,3,111,9,16,23,21,9,273,31,56,41,3,69,396,10,82,5,324,1,12,1,1,6601,2,1,8,2,46,303,1,75,1,1,2,28,8,8,347,13,2,2,5,643,44,9,125,116,12,8,17,4,4,25,2,967,779,1,48,1088,1509,497,90,0,56,6,16,16,4,29,60,134,150,105,11,102,1,13,2,39,9,0,7,23,23,28,212,6,6,42,30,31,40,6,5,3,6,3,0,0,6,6450,1,1,0,0,1,0,0,0,0,0,0,0,0,0,0,0,0,0,0,0,0,0,0,0,0,0,0,0,0,0,0,0,0,0,0,0,0,0,0,0,0,0,0,0,0,0,0,0,0,0,0,0,0,0,0,0,0,0,0,0,0,0,0,0,0,0,0,0,0,0,0,0,0,0,0,0,0,0,0,0,0,0,0,0,0,0,0,0,0,0,0,0,0,0,0,0,0,0,0,0,0,0,0,0,0,0,0,0,0,0,0,0,0,0,0,0,0,0,0,0,0,0,0,0,0,0,0,0,0,0,0,0,0,0,0,0,0,0,0,0,0,0,0,0,0,0,0,0,0,0,0,0,0,0,0,0,0,0,0,0,0,0,0,0,0,0,0
2fda2360853c54906941d673e409e074,5.4,10,36,383,44,5,70,39,343,253,229,1,0,3,3,184,15,19,0,1,15,53,0,14,1,2,2,4,1,13,13,19,7,0,10,6,0,7,1,7,0,5,0,2,1,0,0,1,0,0,10,0,0,0,0,6,15,1,1,11,0,0,0,0,480,12,9,3,0,0,0,0,0,0,0,0,18,18,8,6,1277,563,691,140,6,30,0,1,1,2,14,1,45,55,45,2,95,2,0,1,8,3,2,2,7,18,0,0,2,0,2,0,9,8,0,4,0,0,0,0,12,0,0,0,0,0,0,0,0,1,12,5,0,0,1,0,3,6,0,0,0,0,0,0,0,0,0,0,0,0,0,0,0,1,1,0,0,0,0,0,0,0,0,0,0,0,0,0,0,0,0,0,0,0,0,0,0,0,0,0,0,0,0,0,0,0,0,0,0,0,0,0,0,0,0,0,0,0,0,0,0,0,0,0,0,0,1,0,0,0,0,0,0,0,0,0,0,0,0,0,0,0,0,0,0,0,1,0,0,0,0,0,0,0,0,0,0,0,0,4,0,0,0,0,0,0,0,0,0,0,0,0,0,0,0,0,0,0,0,0,0,0,0,0,0,0,0,0,0,0,0,0,0,0,0,0,0,0,0,0,0,0,0,0,0,0,0,0,0,0
3a7a9e623bea712978d7ac8fda5397b5,2.0,0,16,392,10,5,3,2,5,3,8,159993,1,3,1,33,1,3,1,1,6,5,1,2,1,1,2,2,0,0,0,1,1,1,1,0,0,10,0,0,0,0,0,0,0,0,0,0,0,0,0,0,6,0,0,3,1,0,0,0,0,0,0,0,0,0,0,0,0,0,0,0,0,0,0,0,0,0,0,0,0,0,0,0,0,0,0,0,0,0,0,0,0,0,0,0,0,0,0,0,0,0,0,0,0,0,0,0,0,0,0,0,0,0,0,0,0,0,0,0,0,0,4,0,0,0,0,0,0,0,0,0,0,0,0,0,0,0,0,0,0,0,0,0,0,0,0,0,0,0,0,0,0,0,0,0,0,0,0,0,0,0,0,0,0,0,0,0,0,0,0,0,0,0,0,0,0,0,0,0,0,0,0,0,0,0,0,0,0,0,0,0,0,0,0,0,0,0,0,0,0,0,0,0,0,0,0,0,0,0,0,0,0,0,0,0,0,0,0,0,0,0,0,0,0,0,0,0,0,0,0,0,0,0,0,0,0,0,0,0,0,0,0,0,0,0,0,0,0,0,0,0,0,0,0,0,0,0,0,0,0,0,0,0,0,0,0,0,0,0,0,0,0,0,0,0,0,0,0,0,0,0,0,0,0,0,0,0,0,0
3aa13301d33ee04fc6f58717f28192c8,1.6,0,19,360,20,3,2,4,5,4,9,1,0,3,0,28,1,4,1,1,6,5,1,2,1,1,2,2,0,0,0,1,1,1,1,0,0,2,0,0,0,0,0,0,0,0,0,0,0,0,0,0,0,0,0,3,1,0,0,0,0,0,0,0,0,0,0,0,0,0,0,0,0,0,0,0,0,0,0,0,0,0,0,0,0,0,0,0,0,0,0,0,0,0,0,0,0,0,0,0,0,0,0,0,0,0,0,0,0,0,0,0,0,0,0,0,0,0,0,0,0,0,0,0,0,0,0,0,0,0,0,0,0,0,0,0,0,0,0,0,0,0,0,0,0,0,0,0,0,0,0,0,0,0,0,0,0,0,0,0,0,0,0,0,0,0,0,0,0,0,0,0,0,0,0,0,0,0,0,0,0,0,0,0,0,0,0,0,0,0,0,0,0,0,0,0,0,0,0,0,0,0,0,0,0,0,0,0,0,0,0,0,0,0,0,0,0,0,0,0,0,0,0,0,0,0,0,0,0,0,0,0,0,0,0,0,0,0,0,0,0,0,0,0,0,0,0,0,0,0,0,0,0,0,0,0,0,0,0,0,0,0,0,0,0,0,0,0,0,0,0,0,0,0,0,0,0,0,0,0,0,0,0,0,0,0,0,0,0,0
2a5e34c73a4427641d050411abb1a290,1.4,0,18,367,12,2,4,4,4,4,8,1,1,2,0,1127,1,4,1,0,1646,842,0,1,1,1,2,2,0,0,0,1,1,1,1,0,0,2,0,0,0,0,0,0,0,0,0,0,0,0,0,0,0,0,0,3,1,0,0,0,0,0,0,0,0,0,0,0,0,0,0,0,0,0,0,0,0,0,0,0,0,0,0,0,0,0,0,0,0,0,0,0,0,0,0,0,0,0,0,0,0,0,0,0,0,0,0,0,0,0,0,0,0,0,0,0,0,0,0,0,0,0,0,0,0,0,0,0,0,0,0,0,0,0,0,0,0,0,0,0,0,0,0,0,0,0,0,0,0,0,0,0,0,0,0,0,0,0,0,0,0,0,0,0,0,0,0,0,0,0,0,0,0,0,0,0,0,0,0,0,0,0,0,0,0,0,0,0,0,0,0,0,0,0,0,0,0,0,0,0,0,0,0,0,0,0,1429,0,0,0,0,0,0,0,0,0,0,0,0,0,5175,0,0,0,0,0,0,0,0,0,0,0,0,0,0,0,0,0,0,0,0,0,0,0,0,0,0,0,0,0,0,0,0,0,0,2156,0,0,0,0,0,0,0,0,0,0,0,0,0,0,0,0,0,0,0,0,0,0,0,0,0,0,0,0,0,0,0,0,0,0
2a5f985b69962fdb4380b9786b2e0790,10.6,3,127,6568,146,76,4321,55,157,232,376,10,4,60,12,13063,6,30,6,7,208,314,4,70,5,11,32,9,6,206,5716,5713,5735,9,11461,234,10,345,5,194,1,1906,5,3806,3367,4,3,3,0,35,170,1,411,0,0,4,18,6,6,253,14,2,2,3,450,11,3822,27,96,11,8,6,3,3,6,1,482,400,1,6,1244,1038,456,97,1,44,1,3,3,6,11,12,61,63,61,3,93,0,1,0,1904,1909,1,1,3,3,25,158,2,1,8,6,6,6,0,20906,1900,41815,0,0,0,0,3436,1,0,0,0,0,0,0,0,0,3,0,0,0,0,0,0,0,0,0,0,0,0,0,0,0,0,0,0,0,0,0,0,0,0,0,0,0,0,0,0,0,0,0,0,0,0,1,0,0,0,0,0,0,0,0,0,0,0,0,0,0,0,0,0,0,0,0,0,0,0,0,0,0,0,0,0,0,0,0,0,0,1,0,0,0,0,0,0,0,0,0,0,0,0,0,0,0,0,0,0,0,1,1,3800,0,0,0,0,0,0,0,0,0,0,0,0,0,0,0,0,0,0,0,0,0,0,0,0,0,0,0,0,0,0,0,0,0,0,0,0,0,0,0,0,0,0,0,0,0,0,0,0,0,0,0,0,0,0,0,0,0,0,0,0,0,0,0
0e7a0fbe85970d610485cd85da0abbe9,5.4,0,4,37,10,1,4,1,1,0,3,0,0,1,0,30,2,3,1,1,7,6,1,2,1,2,2,2,0,0,0,1,1,1,1,0,0,0,0,0,0,0,0,0,0,0,0,1,0,0,0,0,5,1,1,6,2,0,0,0,0,0,0,0,0,0,0,0,0,0,0,0,0,0,0,0,0,0,0,0,0,0,0,0,0,0,0,0,0,0,0,0,0,13,13,0,0,0,0,0,0,0,0,0,0,0,0,0,1,0,0,0,0,0,0,0,0,0,0,0,0,0,0,0,0,0,0,0,13,0,0,0,0,0,0,0,0,0,0,0,0,0,0,0,0,0,0,0,0,0,0,0,0,0,0,0,0,0,0,0,0,0,0,0,0,0,0,0,0,0,0,0,0,0,0,0,0,0,0,0,0,0,0,0,0,0,0,0,0,0,0,0,0,0,0,0,0,0,0,0,0,0,0,0,0,0,0,0,0,0,0,0,0,0,0,0,0,0,0,0,0,0,0,0,0,0,0,0,0,0,0,0,0,0,0,0,0,0,0,0,0,0,0,0,0,0,0,0,0,0,0,0,0,0,0,0,0,0,0,0,0,0,0,0,0,0,0,0,0,0,0,0,0,0,0,0,0,0,0,0,0,0,0,0,0,0,0,0,0,0
2a7f5778d20a0892619fda9f2b6af9db,3.4,0,7,139,0,0,1,1,3,4,3,1,1,0,0,29,0,0,0,0,22,10,0,1,0,0,3,0,0,1,0,0,3,0,0,1,1,5,0,1,0,1,3,1,1,0,0,0,0,0,1,0,0,0,0,0,0,2,2,74,0,0,0,0,3649,0,0,0,0,0,0,0,0,0,0,0,0,0,0,0,0,0,0,0,0,0,0,0,0,0,0,0,0,0,0,0,0,0,0,1,0,0,0,0,1,1,0,0,0,2,0,2,1,0,0,0,0,1,0,0,0,0,1,0,0,0,0,0,0,0,0,0,0,0,0,0,0,0,0,0,0,0,0,0,1,0,0,0,0,0,0,0,0,0,0,0,0,0,0,0,0,0,0,0,0,0,0,0,0,0,0,0,0,1,0,0,0,0,0,0,0,0,0,0,0,0,0,0,0,0,0,0,0,0,0,0,0,0,0,0,0,0,0,0,0,0,0,0,0,0,0,0,0,0,0,0,0,0,0,0,0,0,0,0,0,0,0,0,0,0,0,0,0,0,0,1,0,0,0,0,0,0,0,0,0,0,0,0,0,0,0,0,0,0,0,0,0,0,0,0,0,0,0,0,0,0,0,0,0,0,0,0,0,0,0,0,0,0,0,0,0,0,0,0,0,0,0,0,0,0
7e0ea94c38643e3fba3dc63042f38b06,1.4,57,40,255,26,20,22,13,414,206,308,0,0,3,1,151,2,5,0,0,36,206,0,1,0,0,0,0,0,0,0,0,3,0,63,6,3,4,0,0,0,1,0,0,0,0,0,0,0,2,4,0,0,0,0,0,6,0,0,0,0,0,0,0,0,7,0,8,0,0,0,0,0,0,1,0,171,131,10,4,74,244,262,28,0,19,0,0,0,0,5,12,0,57,0,4,18,0,0,2,3,0,2,4,3,6,0,0,0,7,5,30,2,0,0,0,0,68,0,0,0,0,0,0,0,2,0,0,1,2,4,0,0,0,0,0,3,3,0,0,0,0,0,0,0,0,0,14,0,0,0,0,7,0,0,0,0,0,0,0,0,0,0,0,2,2,0,0,0,0,0,2,0,0,0,0,0,0,0,0,2,0,0,0,0,0,0,26,8,0,0,0,0,0,0,0,0,0,0,0,0,0,0,15,0,0,0,0,0,0,0,0,0,0,0,0,0,0,0,0,1,0,0,0,0,0,0,0,0,0,2,0,0,0,0,0,0,0,0,0,0,0,0,0,0,0,0,0,0,0,0,0,0,0,0,0,0,0,0,0,0,0,0,0,0,0,0,0,0,0,0,0,0,0,0,0,0,0,0,0,0,0,0,0,0,0,0,0,0,0
7f882517f15b9d2e9d6d3d01bc25b707,7.4,5,129,1141,494,30,344,32,173,312,144,120,2,11,9,516,40,95,5,1,42,396,0,29,0,5,6,3,2,5,24,156,72,0,49,26,3,28,5,4,4,31,4,6,21,0,0,2,1,12,2,2,0,0,0,9,23,0,0,0,0,3,0,0,2,8,35,6,0,0,6,35,0,0,5,0,91,151,0,0,1,103,0,0,0,19,0,1,2,0,6,12,0,19,18,10,0,0,0,1,12,7,2,7,35,37,2,1,4,76,13,0,15,8,2,8,38,22,2,0,29,22,10,0,0,0,0,3,35,1,2,15,3,0,0,31,19,5,1,0,0,1,0,1,1,0,1,20,0,2,0,0,0,1,0,0,2,0,5,1,0,0,0,0,0,0,0,0,0,0,0,0,0,2,0,0,0,2,0,0,8,0,0,0,0,2,3,0,0,0,0,0,0,0,2,0,0,0,0,0,0,0,0,0,2,0,0,1,6,6,4,1,0,0,0,0,0,0,0,0,0,138,0,0,0,0,0,0,1,1,1,0,0,0,0,0,0,0,0,0,0,0,0,0,0,0,0,0,0,0,0,1,0,0,0,0,0,0,0,0,0,0,0,0,0,0,0,0,0,0,0,0,0,0,0,0,0,0,0,0,0,0,0,0,0,0,0,0,0,0
0e39f2a65f2e8a2b640680a147798757,1.8,0,19,364,8,5,4,2,5,3,7,2,1,2,0,33,1,5,1,2,8,7,1,2,1,1,2,2,0,0,0,1,2,1,1,0,0,6,0,0,0,0,0,0,0,0,0,0,0,0,0,0,0,0,0,3,1,0,0,0,0,0,0,0,0,0,0,0,0,0,0,0,0,0,0,0,0,0,0,0,0,0,0,0,0,0,0,0,0,0,0,0,0,0,0,0,0,0,0,0,0,0,0,0,0,0,0,0,0,0,0,0,0,0,0,0,0,0,0,0,0,0,0,0,0,0,0,0,0,0,0,0,0,0,0,0,0,0,0,0,0,0,0,0,0,0,0,0,0,0,0,0,0,0,0,0,0,0,0,0,0,0,0,0,0,0,0,0,0,0,0,0,0,0,0,0,0,0,0,0,0,0,0,0,0,0,0,0,0,0,0,0,0,0,0,0,0,0,0,0,0,0,0,0,0,0,0,0,0,0,0,0,0,0,0,0,0,0,0,0,0,0,0,0,0,0,0,0,0,0,0,0,0,0,0,0,0,0,0,0,0,0,0,0,0,0,0,0,0,0,0,0,0,0,0,0,0,0,0,0,0,0,0,0,0,0,0,0,0,0,0,0,0,0,0,0,0,0,0,0,0,0,0,0,0,0,0,0,0,0
8e01e390bbbe011cd06b71fc01e69f43,2.2,5,54,346,187,3,77,30,105,193,70,88,2,2,9,158,16,27,0,2,15,32,2,7,0,2,2,3,2,2,14,60,43,0,11,6,3,64,1,1,0,20,2,0,7,0,0,1,0,4,0,2,0,0,0,0,3,0,0,0,0,0,0,0,0,3,0,0,0,0,0,0,0,0,0,0,39,37,0,0,1,133,0,0,0,2,0,0,0,0,1,0,1,15,14,4,16,0,0,0,31,20,0,0,23,25,2,0,2,74,1,0,15,8,0,4,26,0,0,0,21,0,0,1,0,0,0,0,29,0,3,5,0,0,0,31,6,5,0,0,0,0,1,1,0,0,0,0,0,1,0,0,0,1,0,0,0,0,1,1,0,0,0,0,0,0,0,0,0,0,0,0,0,2,0,0,0,0,0,0,0,0,0,0,0,0,3,0,0,0,0,0,0,0,0,0,0,0,0,0,0,0,0,0,0,0,0,0,0,0,0,0,0,0,0,0,0,0,0,0,0,0,0,0,0,0,0,0,0,0,0,0,0,0,0,0,0,0,0,0,0,0,0,0,0,0,0,0,0,0,0,0,0,0,0,0,0,0,0,0,0,0,0,0,0,0,0,0,0,0,0,0,0,0,0,0,0,0,0,0,0,0,0,0,0,0,0,0,0,0
0e63da1b5c89ed119445426c76c8cce5,5.2,0,9,145,15,3,4,0,1,0,6,0,0,44,0,35,2,3,1,1,8,7,1,3,1,1,2,2,0,0,0,1,1,1,1,0,0,13,0,0,0,0,0,0,0,0,0,1,0,2,0,0,6,1,1,3,5,0,0,0,0,0,0,0,0,0,0,0,0,0,0,0,0,0,1,0,0,0,0,0,0,6,0,0,0,0,0,0,0,0,0,0,0,0,0,0,0,0,0,0,0,0,2,0,0,1,1,0,4,0,0,0,0,0,0,0,0,0,0,0,0,2,12,0,0,0,0,0,0,0,0,0,0,0,0,0,0,0,0,0,0,0,0,0,0,0,0,0,0,0,0,1,0,0,0,0,0,0,5,12,0,0,0,0,2,2,0,0,0,0,0,0,0,0,0,0,0,0,0,0,0,0,0,0,0,0,0,0,1,0,0,0,0,0,0,0,0,0,0,0,0,0,0,0,0,0,0,0,0,0,0,0,0,0,0,0,0,0,0,5,0,0,0,0,0,0,0,0,0,0,0,0,0,0,0,0,0,0,0,0,0,0,0,0,0,0,0,0,0,0,0,0,0,0,0,0,0,0,0,0,0,0,0,0,0,0,0,0,0,0,0,0,0,0,0,0,0,0,0,0,0,0,0,0,0,0,0,0,0,0
9aba0491c23dbc4c1de4efc7c74ed2f4,6.4,0,6,1,22,0,0,2,0,0,0,2,0,0,0,397,4,26,0,3,14,25,0,21,0,1,0,0,0,2,8,0,27,0,32,0,0,1,0,0,0,3,0,0,2,0,0,0,0,1,0,0,0,1,1,3,0,0,0,0,0,0,0,0,1,0,0,0,0,0,0,0,0,0,2,0,318,318,0,0,0,0,0,0,0,0,0,1,1,0,0,1,0,0,0,0,0,0,0,0,9,1,79,0,5,11,0,0,0,0,0,0,0,0,0,0,0,0,1,0,0,0,0,0,0,0,0,0,0,0,0,67,0,0,0,0,0,0,0,0,0,0,0,0,0,0,0,0,0,0,0,0,0,0,0,0,12,0,0,0,0,0,0,0,0,0,0,0,0,0,0,0,0,0,0,0,0,0,0,0,0,0,0,0,0,0,0,0,0,0,0,0,0,0,0,0,0,0,0,1,0,0,0,8,0,0,0,0,0,0,0,0,0,0,0,0,0,0,0,9,0,0,0,0,0,0,0,0,0,0,0,0,0,0,0,0,0,0,0,0,0,0,0,1,0,0,0,0,0,0,0,0,1,1,0,0,0,0,0,0,0,0,0,0,0,0,0,0,0,0,0,0,0,0,0,0,0,0,0,0,0,0,0,0,0,0,0,0,0,0
0e818c3053f6db56555adaec67035e54,1.4,0,22,672,11,5,3,2,5,3,8,2,1,3,1,97,1,5,1,3,6,5,1,2,1,1,2,2,0,0,0,1,1,1,1,0,0,5,0,0,0,0,0,0,0,0,0,0,0,0,0,0,0,0,0,3,1,0,0,0,0,0,0,0,1,0,0,0,0,0,0,0,0,0,0,0,0,0,0,0,0,1,0,0,0,0,0,0,0,0,0,0,0,0,0,0,0,0,0,0,0,0,0,0,0,0,0,0,0,0,0,0,0,0,0,0,0,0,0,0,0,0,0,0,0,0,0,0,0,0,0,0,0,0,0,0,0,0,0,0,0,0,0,0,0,0,0,0,0,0,0,0,0,0,0,0,0,0,0,0,0,0,0,0,0,0,0,0,0,0,0,0,0,0,0,0,0,0,0,0,0,0,0,0,0,0,0,0,0,0,0,0,0,0,0,0,0,0,0,0,0,0,0,0,0,0,0,0,0,0,0,0,0,0,0,0,0,0,0,0,0,0,0,0,0,0,0,0,0,0,0,0,0,0,0,0,0,0,0,0,0,0,0,0,0,0,0,0,0,0,0,0,0,0,0,0,0,0,0,0,0,0,0,0,0,0,0,0,0,0,0,0,0,0,0,0,0,0,0,0,0,0,0,0,0,0,0,0,0,0
9e38bb2fad42a4fff7084e2e22768de8,1.4,0,5,31,14,4,4,8,1,1,3,1,1,2,2,31,0,7,1,0,4,8,0,0,0,0,0,0,1,0,6,0,7,0,6,2,0,0,1,0,0,9,2,0,8,0,0,1,0,1,0,1,0,0,0,0,2,0,0,0,0,0,0,0,6519,0,0,0,0,5,4,0,0,0,0,0,7,7,0,0,0,1,0,0,0,1,0,0,0,0,0,0,0,11,14,0,0,0,0,0,12,0,0,4,1,1,0,0,1,0,0,0,6,0,0,0,0,0,4,0,0,0,0,0,0,0,0,0,28,0,0,0,0,0,0,0,0,0,0,0,0,0,0,0,0,0,0,0,0,1,0,0,31,0,0,0,0,0,1,1,0,0,0,0,0,0,0,0,0,0,0,0,0,2,0,0,0,0,4,0,0,0,0,0,0,0,3,0,0,0,0,0,0,0,0,0,0,0,0,0,0,0,0,0,0,0,0,0,0,0,0,0,0,0,0,0,0,0,0,0,0,0,0,0,0,0,0,0,0,0,0,0,0,0,0,0,0,0,0,0,0,0,0,0,0,0,0,0,0,0,0,0,0,0,0,0,0,0,0,0,0,0,0,0,0,0,0,0,0,0,0,0,0,0,0,0,0,0,0,0,0,0,0,0,0,0,0,0,0,0
16fa006e5b5d50cf16dc8ded41ecafe1,1.2,3,10,27,14,1,4,9,2,0,2,1,27,0,1,79,0,2,0,1,12,14,1,2,1,1,0,0,0,0,3,3,7,0,30,0,2,0,3,0,0,0,0,2,10,0,0,0,0,1,0,0,0,0,0,3,1,0,0,0,0,0,0,0,0,1,0,0,0,0,0,0,0,0,0,0,10,10,0,0,1,143,0,0,0,0,0,1,1,0,0,0,0,2,0,0,20,0,0,0,1,0,0,0,1,2,1,0,0,0,0,0,0,0,0,0,0,18,0,0,0,0,0,0,0,0,0,0,0,0,0,0,0,0,0,0,0,0,0,0,0,0,0,0,0,0,0,0,0,2,0,0,4,0,0,0,0,0,0,0,0,0,0,0,0,0,0,0,0,0,2,0,0,1,0,0,0,0,0,0,0,0,0,0,0,0,2,0,0,0,0,0,0,0,0,0,0,0,0,0,0,1,0,0,0,0,0,0,0,0,0,0,0,0,0,0,0,0,0,0,0,0,0,0,0,0,0,0,0,0,1,0,0,0,0,0,0,0,0,0,0,0,0,0,0,0,0,0,0,0,0,1,0,0,0,0,0,0,0,0,0,0,0,0,0,0,0,0,0,0,0,0,0,0,0,0,0,0,0,0,0,0,0,0,0,0,0,0,0,0
017bea72340e230c96dbbcac36031fa2,2.8,7,22,110,50,3,11,10,2,1,4,2,1,3,3,45,0,4,0,0,9,17,0,1,0,0,0,0,1,0,10,15,4,0,0,2,2,3,1,0,0,3,2,0,18,0,0,1,0,1,0,1,0,0,0,0,2,0,0,0,0,0,0,0,177931,1,0,0,0,0,0,0,0,0,0,0,14,14,0,0,1,81,0,0,0,1,0,0,0,0,1,0,1,20,16,0,10,0,0,0,9,0,0,0,1,3,1,0,1,0,0,0,6,0,0,0,0,0,1,0,0,9,0,1,0,0,0,0,31,1,1,0,0,0,0,1,0,0,0,0,0,0,0,0,0,0,0,0,0,1,0,0,1,0,0,0,0,0,1,1,0,0,0,0,0,0,0,0,0,0,0,0,0,2,0,0,0,0,0,0,0,0,0,0,0,0,3,0,0,0,0,0,0,0,0,0,0,0,0,0,1,0,0,0,0,0,0,0,0,0,0,0,0,0,0,0,0,0,0,0,0,0,0,0,0,0,0,0,0,0,2,0,0,0,0,0,0,0,0,0,0,0,0,0,0,0,0,0,0,0,0,0,0,0,0,0,0,0,0,0,0,0,0,0,0,0,0,0,0,0,0,0,0,0,0,0,0,0,0,0,0,0,0,0,0,0,0,0,0,0
02a0bd735594a534a3aa2784329ceb89,3.4,0,11,176,2,2,4,3,2,4,5,0,0,2,2,34,0,0,0,1,23,11,0,1,0,0,3,0,0,1,0,1,3,0,0,1,1,8,0,1,0,1,3,1,1,0,0,0,0,0,1,0,0,0,0,0,0,2,2,76,0,0,0,0,3652,0,0,0,0,0,0,0,0,0,0,0,0,0,0,0,0,0,0,0,0,0,0,0,0,0,0,0,0,0,0,0,0,0,0,0,0,0,0,0,1,1,0,0,0,2,0,2,1,0,0,0,0,1,0,0,0,0,1,0,0,0,0,0,0,0,0,0,0,0,0,0,0,0,0,0,0,0,0,0,1,0,0,0,0,0,0,0,0,0,0,0,0,0,0,0,0,0,0,0,0,0,0,0,0,0,0,0,0,1,0,0,0,0,0,0,0,0,0,0,0,0,0,0,0,0,0,0,0,0,0,0,0,0,0,0,0,0,0,0,0,0,0,0,0,0,0,0,0,0,0,0,0,0,0,0,0,0,0,0,0,0,0,0,0,0,0,0,0,0,0,1,0,0,0,0,0,0,0,0,0,0,0,0,0,0,0,0,0,0,0,0,0,0,0,0,0,0,0,0,0,0,0,0,0,0,0,0,0,0,0,0,0,0,0,0,0,0,0,0,0,0,0,0,0,0
0f1f8a8faa4f78abe693476bf9e1c0d2,1.4,0,0,0,1,0,1,0,0,0,0,0,1,0,0,0,0,0,0,0,0,0,0,0,0,0,0,0,0,0,0,1,0,0,0,0,1,0,0,0,0,0,0,0,0,0,0,0,0,0,0,0,0,0,0,1,0,1,1,11,0,0,0,0,0,0,0,0,0,0,0,0,0,0,0,0,0,0,0,0,0,0,0,0,0,0,0,0,0,0,0,0,0,0,0,0,0,0,0,0,0,0,0,0,0,0,0,0,0,0,0,0,0,0,0,0,0,0,0,0,0,1,0,0,0,0,0,0,0,0,0,0,0,0,0,0,0,0,0,0,0,0,0,0,0,0,0,0,0,0,0,0,0,0,0,0,0,0,0,0,0,0,0,0,0,0,0,0,0,0,0,0,0,0,0,0,0,0,0,0,0,0,0,0,0,0,0,0,0,0,0,0,0,0,0,0,0,0,0,0,0,0,0,0,0,0,0,0,0,0,0,0,0,0,0,0,0,0,0,0,0,0,0,0,0,0,0,0,0,0,0,0,0,0,0,0,0,0,0,0,0,0,0,0,0,0,0,0,0,0,0,0,0,0,0,0,0,0,0,0,0,0,0,0,0,0,0,0,0,0,0,0,0,0,0,0,0,0,0,0,0,0,0,0,0,0,0,0,0,0
7dc39daa8f8ba620503effa9a756649f,1.4,17,34,135,88,0,100,109,2,0,1,1,0,0,2,777,26,72,0,1,49,2372,1,5,0,0,0,4,1,14,3,1,77,10,25,2,2,0,1,0,0,15,0,0,0,10,0,0,0,1,0,0,0,0,0,0,2,0,0,0,0,0,0,0,0,18,0,5,0,0,0,0,0,0,0,0,812,694,0,0,5,957,133,0,0,70,0,0,0,0,16,0,55,70,43,2,404,123,0,0,52,40,0,48,27,29,0,0,1,54,0,0,6,8,0,0,0,0,0,0,0,0,0,0,0,0,0,0,0,0,5,3,0,0,0,12,0,0,0,0,0,0,0,0,0,1,0,0,0,0,0,0,0,0,0,0,0,0,0,0,0,0,0,0,0,0,0,0,0,0,0,0,0,0,0,0,0,0,0,0,0,0,0,0,0,0,0,0,0,0,0,0,0,0,0,0,0,0,0,0,0,0,0,0,0,0,0,0,0,0,0,0,0,0,0,0,0,0,0,0,0,0,0,0,0,0,0,0,0,0,0,0,0,0,0,0,0,0,0,0,0,0,0,0,0,0,0,0,0,0,0,0,0,0,0,0,0,0,0,0,0,0,0,0,0,0,0,0,0,0,0,0,0,0,0,0,0,0,0,0,0,0,0,0,0,0,0,0,0,0
2ee5c14ca3a5006fae33f28b5e5da1c6,1.2,0,0,0,0,0,0,0,2,2,2,0,0,0,0,0,0,0,0,0,0,0,0,0,0,0,0,0,0,0,0,0,0,0,0,0,0,0,0,0,0,0,0,0,0,0,0,0,0,0,0,0,0,0,0,1,0,0,0,0,0,0,0,0,0,0,0,0,0,0,0,0,0,0,0,0,0,0,0,0,0,0,0,0,0,0,0,0,0,0,0,0,0,0,0,0,0,0,0,0,0,0,0,0,0,0,0,0,0,0,0,0,0,0,0,0,0,0,0,0,0,3,0,0,0,0,0,0,1,0,0,0,0,0,0,0,0,0,0,0,0,0,0,0,0,0,0,0,0,0,0,0,0,0,0,0,0,0,1,0,0,0,0,0,0,0,0,0,0,0,0,0,0,0,0,0,0,0,0,0,0,0,0,0,0,0,0,0,0,0,0,0,0,0,0,0,5,0,0,0,0,0,0,0,0,0,0,0,0,0,0,0,0,0,0,0,0,0,0,0,0,0,0,0,0,0,0,0,0,0,0,0,0,0,0,0,0,0,0,0,0,0,0,0,0,0,0,0,0,0,0,0,0,0,0,0,0,0,0,0,0,0,0,0,0,0,0,0,0,0,0,0,0,0,0,0,0,0,0,0,0,0,0,0,0,0,0,0,0,0
2f636f8d66f990b8872a017b8b31637e,2.4,0,127,1462,24,32,16,16,8,8,40,8,0,32,0,277,0,0,0,28,22,22,0,0,0,0,0,0,0,600,0,0,7,0,0,8,8,16,0,0,0,0,14,0,0,0,0,7,0,0,0,0,0,0,0,24,8,0,0,0,0,0,0,0,0,0,0,0,0,0,0,0,0,0,0,0,0,0,0,0,0,0,0,0,0,0,0,0,0,0,0,0,0,8,8,0,0,0,0,0,0,0,0,0,7,7,0,0,0,0,0,0,7,0,0,0,0,0,0,0,0,0,952,0,0,0,0,0,8,0,0,0,0,0,0,0,0,0,0,0,0,0,0,0,0,0,0,0,0,0,21,0,0,0,0,0,0,0,0,0,0,0,0,0,0,0,0,0,0,0,0,0,0,0,0,0,0,0,0,0,0,0,0,0,0,0,7,0,0,0,0,0,0,0,0,0,0,0,0,0,0,0,0,0,0,0,0,0,0,0,0,0,0,0,0,7,0,0,0,0,0,0,0,0,0,0,0,0,0,0,0,0,0,0,0,0,0,0,0,0,0,0,0,0,0,0,0,0,0,0,0,0,0,0,0,0,0,0,0,0,0,0,0,0,0,0,0,0,0,0,0,0,0,0,0,0,0,0,0,0,0,0,0,0,0,0,0,0,0,0
2fd080b295caa9f1b6f63cdc5f5b6f73,7.2,1,45,822,105,77,62,6,83,43,185,3,0,187,1,102,0,36,1,0,4,3,0,4,0,0,4,0,0,45,26,6,39008,1,1,10,11,23,0,0,0,4,3,0,0,0,0,0,0,6,0,0,5,0,0,0,4,248,9,189,1,0,0,0,239,2,5,2,16,0,0,0,0,0,1,0,0,0,0,0,0,22,0,0,0,2,0,4,0,0,2,0,0,0,0,2,0,0,0,0,5,0,2,0,0,4,1,0,0,0,0,0,3,0,0,0,3,1,0,0,0,0,15,0,0,0,0,1,0,0,7,0,0,0,0,6,2,0,0,0,0,0,0,0,4,0,0,0,0,0,0,0,0,1,1,0,0,0,14,20,2,4,0,3,3,3,0,0,0,0,0,0,0,3,0,0,0,5,0,0,0,0,0,0,4,8,0,0,0,0,0,0,0,0,0,0,0,0,0,0,0,0,0,0,0,0,3,3,0,0,0,0,0,0,0,0,0,0,0,0,0,0,3,0,0,0,0,0,0,0,0,0,0,0,0,0,0,0,0,0,0,0,0,0,0,0,0,0,0,0,0,0,0,0,0,0,0,0,0,0,0,0,0,0,0,0,0,0,0,0,0,0,0,0,0,0,0,0,0,0,0,0,0,0,0,0,0,0,0,0
0f3f6ef357d3f7ae2a56cefa520f4817,1.4,0,8,396,2,0,1,0,3,2,2,1,1,0,0,0,0,2,0,3,0,0,0,0,0,0,0,0,0,0,0,0,0,0,0,0,0,7,0,0,0,0,0,0,0,0,0,0,0,0,0,0,0,0,0,1,0,0,0,0,0,0,0,0,1,0,0,0,0,0,0,0,0,0,0,0,0,0,0,0,0,2,0,0,0,0,0,0,0,0,0,0,0,0,0,0,0,0,0,0,0,0,0,0,0,0,0,0,0,0,0,0,0,0,0,0,0,0,0,0,0,1,0,0,0,0,0,0,0,0,0,0,0,0,0,0,0,0,0,0,0,0,0,0,0,0,0,0,0,0,0,0,0,0,0,0,0,0,0,0,0,0,0,0,0,0,0,0,0,0,0,0,0,0,0,0,0,0,0,0,0,0,0,0,0,0,0,0,0,0,0,0,0,0,0,0,0,0,0,0,0,0,0,0,0,0,0,0,0,0,0,0,0,0,0,0,0,0,0,0,0,0,0,0,0,0,0,0,0,0,0,0,0,0,0,0,0,0,0,0,0,0,0,0,0,0,0,0,0,0,0,0,0,0,0,0,0,0,0,0,0,0,0,0,0,0,0,0,0,0,0,0,0,0,0,0,0,0,0,0,0,0,0,0,0,0,0,0,0,0
3a4f0427db7571498cc61caf43d65452,1.2,0,0,0,0,0,0,0,2,2,2,0,0,0,0,0,0,0,0,0,0,0,0,0,0,0,0,0,0,0,0,0,0,0,0,0,0,0,0,0,0,0,0,0,0,0,0,0,0,0,0,0,0,0,0,1,0,0,0,0,0,0,0,0,0,0,0,0,0,0,0,0,0,0,0,0,0,0,0,0,0,0,0,0,0,0,0,0,0,0,0,0,0,0,0,0,0,0,0,0,0,0,0,0,0,0,0,0,0,0,0,0,0,0,0,0,0,0,0,0,0,3,0,0,0,0,0,0,1,0,0,0,0,0,0,0,0,0,0,0,0,0,0,0,0,0,0,0,0,0,0,0,0,0,0,0,0,0,1,0,0,0,0,0,0,0,0,0,0,0,0,0,0,0,0,0,0,0,0,0,0,0,0,0,0,0,0,0,0,0,0,0,0,0,0,0,5,0,0,0,0,0,0,0,0,0,0,0,0,0,0,0,0,0,0,0,0,0,0,0,0,0,0,0,0,0,0,0,0,0,0,0,0,0,0,0,0,0,0,0,0,0,0,0,0,0,0,0,0,0,0,0,0,0,0,0,0,0,0,0,0,0,0,0,0,0,0,0,0,0,0,0,0,0,0,0,0,0,0,0,0,0,0,0,0,0,0,0,0,0
2a492fa3e6d35f16b8f8cbc11aced23e,7.2,1,45,822,103,77,62,8,83,43,187,3,0,191,1,114,0,38,1,0,4,3,0,3,0,0,4,0,0,47,26,6,39008,1,1,11,12,24,0,0,0,4,3,0,0,0,0,0,0,6,0,0,5,0,0,0,4,482,16,342,1,0,0,0,467,2,5,2,16,0,0,0,0,0,1,0,0,0,0,0,0,22,0,0,0,2,0,4,0,0,2,0,0,0,0,2,0,0,0,0,5,0,2,0,0,4,1,0,0,0,0,0,3,0,0,0,3,1,0,0,0,0,10,0,0,0,0,1,0,0,9,0,0,0,0,6,2,0,0,0,0,0,0,0,4,0,0,0,0,0,0,0,0,1,1,0,0,0,16,20,2,4,0,5,3,3,0,0,0,0,0,0,0,3,0,0,0,9,0,0,0,0,0,0,8,8,0,0,0,0,0,0,0,0,0,0,0,0,0,0,0,0,0,0,0,0,3,3,0,0,0,0,0,0,0,0,0,0,0,0,0,0,5,0,0,0,0,0,0,0,0,0,0,0,0,0,0,0,0,0,0,0,0,0,0,0,0,0,0,0,0,0,0,0,0,0,0,0,0,0,0,0,0,0,0,0,0,0,0,0,0,0,0,0,0,0,0,0,0,0,0,0,0,0,0,0,0,0,0,0
2b7083e65c670f754f718600eb292cfb,4.6,0,24,121,17,0,2,11,0,0,2,1,0,0,0,77,0,13,1,3,9,3,0,6,2,3,0,0,0,0,0,0,10,0,0,0,0,2,0,0,0,2,0,0,4,0,0,1,0,1,0,0,0,1,1,6,4,2,0,0,0,1,0,0,7,0,0,0,0,0,20,9,19,0,0,0,0,0,0,0,0,0,0,0,0,0,0,1,7,0,0,3,0,0,0,0,0,0,1,0,4,0,1,0,0,0,0,0,0,0,3,0,0,0,0,0,0,0,31,0,0,0,0,0,0,0,0,0,0,0,0,0,0,0,0,0,0,0,0,0,0,0,0,0,0,0,0,0,0,0,0,0,0,0,0,0,0,0,0,0,0,0,0,0,0,0,0,0,0,0,0,0,0,0,0,0,0,0,0,0,0,0,0,0,0,0,0,0,0,0,0,0,0,0,0,0,0,0,0,9,0,0,0,0,0,0,0,0,20,10,0,0,0,0,0,0,0,0,0,1,0,0,0,0,0,0,0,0,0,0,0,0,0,0,0,0,0,0,0,0,0,0,0,0,0,0,0,0,0,0,0,0,0,0,0,0,0,0,0,0,0,0,0,1,10,1,6,0,0,0,0,0,0,0,0,0,0,0,0,0,0,0,0,0,0,0,0,0,0,0
0f510f1158243da666bf3c91488fe16e,1.2,0,2,42,3,0,2,2,0,0,0,1,0,0,0,1,0,3,0,0,2,2,0,0,0,0,0,0,0,0,0,0,0,0,0,1,0,1,0,0,0,0,0,0,0,0,0,0,0,0,0,0,0,0,0,0,0,0,0,0,0,0,0,0,0,0,0,0,0,0,0,0,0,0,0,0,0,1,0,0,0,0,0,0,0,0,0,0,0,0,0,0,0,0,0,0,0,0,0,0,0,0,0,0,0,0,0,0,0,0,0,0,0,0,0,0,0,0,0,0,0,0,0,0,0,0,0,0,0,0,0,0,0,0,0,0,0,0,0,0,0,0,0,0,0,0,0,0,0,0,0,0,0,0,0,0,0,0,0,0,0,0,0,0,0,0,0,0,0,0,0,0,0,0,0,0,0,0,0,0,0,0,0,0,0,0,0,0,0,0,0,0,0,0,0,0,0,0,0,0,0,0,0,0,0,0,0,0,0,0,0,0,0,0,0,0,0,0,0,0,0,0,0,0,0,0,0,0,0,0,0,0,0,0,0,0,0,0,0,0,0,0,0,0,0,0,0,0,0,0,0,0,0,0,0,0,0,0,0,0,0,0,0,0,0,0,0,0,0,0,0,0,0,0,0,0,0,0,0,0,0,0,0,0,0,0,0,0,0,0
0f56050ed7b7c78e9800ce659f026bd4,1.2,0,6,366,7,0,2,0,3,2,2,1,1,0,0,0,0,3,0,3,0,0,0,0,0,0,0,0,0,0,0,0,0,0,0,0,0,5,0,0,0,0,0,0,0,0,0,0,0,0,0,0,0,0,0,1,0,0,0,0,0,0,0,0,1,0,0,0,0,0,0,0,0,0,0,0,0,0,0,0,0,3,0,0,0,0,0,0,0,0,0,0,0,0,0,0,0,0,0,0,0,0,0,0,0,1,1,0,1,0,0,0,0,0,0,0,0,0,0,0,0,1,0,0,0,0,0,0,0,0,0,0,0,0,0,0,0,0,0,0,0,0,0,0,0,0,0,0,0,0,0,0,0,0,0,0,0,0,0,0,0,0,0,0,0,0,0,0,0,0,0,0,0,0,0,0,0,0,0,0,0,0,0,0,0,0,0,0,0,0,0,0,0,0,0,0,0,0,0,0,0,0,0,0,0,0,0,0,0,0,0,0,0,0,0,0,0,0,0,0,0,0,0,0,0,0,0,0,0,0,0,0,0,0,0,0,0,0,0,0,0,0,0,0,0,0,0,0,0,0,0,0,0,0,0,0,0,0,0,0,0,0,0,0,0,0,0,0,0,0,0,0,0,0,0,0,0,0,0,0,0,0,0,0,0,0,0,0,0,0
3f7752fa0df46c37b5df11a155a70640,12.0,90,230,6490,359,65,4692,187,219,228,525,28,3,54,21,2851,4,53,5,9,340,667,3,115,9,15,23,21,9,336,31,56,41,3,69,491,10,106,5,315,1,12,1,1,9611,2,1,8,2,45,293,1,85,1,1,4,29,10,10,453,15,1,1,2,598,45,9,124,84,9,6,15,3,3,22,1,1009,819,1,35,1247,1721,493,86,3,58,6,16,16,4,30,68,134,150,105,11,114,2,16,4,39,9,1,7,23,23,28,209,6,6,43,34,31,38,6,5,3,6,3,0,0,6,9292,1,0,1,1,1,0,0,0,0,0,0,0,0,0,0,0,0,0,0,0,0,0,0,0,0,0,0,0,0,0,0,0,0,0,0,0,0,0,0,0,0,0,0,0,0,0,0,0,0,0,0,0,0,0,0,0,0,0,0,0,0,0,0,0,0,0,0,0,0,0,0,0,0,0,0,0,0,0,0,0,0,0,0,0,0,0,0,0,0,0,0,0,0,0,0,0,0,0,0,0,0,0,0,0,0,0,0,0,0,0,0,0,0,0,0,0,0,0,0,0,0,0,0,0,0,0,0,0,0,0,0,0,0,0,0,0,0,0,0,0,0,0,0,0,0,0,0,0,0,0,0,0,0,0,0,0,0,0,0,0,0,0,0,0,0,0,0
3f7827a4090c0c89e47507b2096856ac,1.2,0,1,6,2,0,2,0,0,0,0,0,0,0,0,0,0,2,0,0,0,0,0,0,0,0,0,0,0,0,0,0,0,0,0,0,0,1,0,0,0,0,0,0,0,0,0,0,0,0,0,0,0,0,0,0,0,0,0,0,0,0,0,0,0,0,0,0,0,0,0,0,0,0,0,0,0,0,0,0,0,0,0,0,0,0,0,0,0,0,0,0,0,0,0,0,0,0,0,0,0,0,0,0,0,0,0,0,0,0,0,0,0,0,0,0,0,0,0,0,0,0,0,0,0,0,0,0,0,0,0,0,0,0,0,0,0,0,0,0,0,0,0,0,0,0,0,0,0,0,0,0,0,0,0,0,0,0,0,0,0,0,0,0,0,0,0,0,0,0,0,0,0,0,0,0,0,0,0,0,0,0,0,0,0,0,0,0,0,0,0,0,0,0,0,0,0,0,0,0,0,0,0,0,0,0,0,0,0,0,0,0,0,0,0,0,0,0,0,0,0,0,0,0,0,0,0,0,0,0,0,0,0,0,0,0,0,0,0,0,0,0,0,0,0,0,0,0,0,0,0,0,0,0,0,0,0,0,0,0,0,0,0,0,0,0,0,0,0,0,0,0,0,0,0,0,0,0,0,0,0,0,0,0,0,0,0,0,0,0
3f89660d14879e30d0403db34a83c5c4,3.4,0,9,169,1,2,0,2,1,3,4,0,0,2,0,31,0,1,0,0,22,10,0,1,0,0,3,0,0,1,0,1,3,0,0,1,1,4,0,1,0,1,3,1,1,0,0,0,0,0,1,0,0,0,0,0,0,2,2,76,0,0,0,0,3484,0,0,0,0,0,0,0,0,0,0,0,0,0,0,0,0,0,0,0,0,0,0,0,0,0,0,0,0,0,0,0,0,0,0,0,0,0,0,0,1,1,0,0,0,2,0,2,1,0,0,0,0,1,0,0,0,0,1,0,0,0,0,0,0,0,0,0,0,0,0,0,0,0,0,0,0,0,0,0,1,0,0,0,0,0,0,0,0,0,0,0,0,0,0,0,0,0,0,0,0,0,0,0,0,0,0,0,0,1,0,0,0,0,0,0,0,0,0,0,0,0,0,0,0,0,0,0,0,0,0,0,0,0,0,0,0,0,0,0,0,0,0,0,0,0,0,0,0,0,0,0,0,0,0,0,0,0,0,0,0,0,0,0,0,0,0,0,0,0,0,1,0,0,0,0,0,0,0,0,0,0,0,0,0,0,0,0,0,0,0,0,0,0,0,0,0,0,0,0,0,0,0,0,0,0,0,0,0,0,0,0,0,0,0,0,0,0,0,0,0,0,0,0,0,0
3fa7411dcb2d827315e362cc3f0c52f5,1.8,0,21,637,8,5,3,2,2,1,6,1,0,3,1,33,1,5,1,2,7,5,1,2,1,1,2,2,0,0,0,1,2,1,1,0,0,6,0,0,0,0,0,0,0,0,0,0,0,0,0,0,0,0,0,3,1,0,0,0,0,0,0,0,0,0,0,0,0,0,0,0,0,0,0,0,0,0,0,0,0,0,0,0,0,0,0,0,0,0,0,0,0,0,0,0,0,0,0,0,0,0,0,0,0,0,0,0,0,0,0,0,0,0,0,0,0,0,0,0,0,0,0,0,0,0,0,0,0,0,0,0,0,0,0,0,0,0,0,0,0,0,0,0,0,0,0,0,0,0,0,0,0,0,0,0,0,0,0,0,0,0,0,0,0,0,0,0,0,0,0,0,0,0,0,0,0,0,0,0,0,0,0,0,0,0,0,0,0,0,0,0,0,0,0,0,0,0,0,0,0,0,0,0,0,0,0,0,0,0,0,0,0,0,0,0,0,0,0,0,0,0,0,0,0,0,0,0,0,0,0,0,0,0,0,0,0,0,0,0,0,0,0,0,0,0,0,0,0,0,0,0,0,0,0,0,0,0,0,0,0,0,0,0,0,0,0,0,0,0,0,0,0,0,0,0,0,0,0,0,0,0,0,0,0,0,0,0,0,0
3fb1dbbf018951739b547e5d1b53b260,1.8,34,23,2639,13,7,2293,4,22,67,21,3,1,3,1,33,1,2,1,1,8,5,1,2,1,1,1,2,1,2,2,1,1,1,1,0,0,0,0,0,0,0,0,0,0,0,0,0,0,0,0,0,0,0,0,3,1,0,0,0,0,0,0,0,0,0,0,0,0,0,0,0,0,0,0,0,0,0,0,0,0,0,0,0,0,0,0,0,0,0,0,0,0,0,0,0,0,0,0,0,0,0,0,0,0,0,0,0,0,0,0,0,0,0,0,0,0,0,0,0,0,0,0,0,0,0,0,0,0,0,0,0,0,0,0,0,0,0,0,0,0,0,0,0,0,0,0,0,0,0,0,0,0,0,0,0,0,0,0,0,0,0,0,0,0,0,0,0,0,0,0,0,0,0,0,0,0,0,0,0,0,0,0,0,0,0,0,0,0,0,0,0,0,0,0,0,0,0,0,0,0,0,0,0,0,0,0,0,0,0,0,0,0,0,0,0,0,0,0,0,0,0,0,0,0,0,0,0,0,0,0,0,0,0,0,0,0,0,0,0,0,0,0,0,0,0,0,0,0,0,0,0,0,0,0,0,0,0,0,0,0,0,0,0,0,0,0,0,0,0,0,0,0,0,0,0,0,0,0,0,0,0,0,0,0,0,0,0,0,0
3fb36ce4e16bd00dc7492627cbed2f29,1.6,0,18,2300,13,1,1896,1,3,0,3,2,0,1,0,31,2,2,1,1,6,5,1,2,1,1,2,2,0,0,0,1,3,1,1,0,0,4,0,0,0,0,0,0,0,0,0,0,0,0,0,0,6,0,0,3,1,0,0,0,0,0,0,0,0,0,0,0,0,0,0,0,0,0,0,0,0,0,0,0,0,0,0,0,0,0,0,0,0,0,0,0,0,0,0,0,0,0,0,0,0,0,0,0,0,0,0,0,0,0,0,0,0,0,0,0,0,0,0,0,0,0,4,0,0,0,0,0,0,0,0,0,0,0,0,0,0,0,0,0,0,0,0,0,0,0,0,0,0,0,0,0,0,0,0,0,0,0,0,0,0,0,0,0,0,0,0,0,0,0,0,0,0,0,0,0,0,0,0,0,0,0,0,0,0,0,2,0,0,0,0,0,0,0,0,0,0,0,0,0,0,0,0,0,0,0,0,0,0,0,0,0,0,0,0,0,0,0,0,0,0,0,0,0,0,0,0,0,0,0,0,0,0,0,0,0,0,0,0,0,0,0,0,0,0,0,0,0,0,0,0,0,0,0,0,0,0,0,0,0,0,0,0,0,0,0,0,0,0,0,0,0,0,0,0,0,0,0,0,0,0,0,0,0,0,0,0,0,0,0
3ff261ce34386a6ea155533c93f66230,5.2,6,13,64,32,1,1,2,16,10,15,0,0,0,1,36,2,2,0,0,5,6,0,4,0,1,1,3,1,0,0,0,2,0,0,2,0,1,0,0,0,0,0,0,0,0,0,3,0,0,0,0,6,1,1,3,2,0,0,0,0,0,1,1,1,1,0,0,0,0,0,0,0,0,0,0,2,2,0,0,0,36,0,0,0,95,0,0,0,0,0,0,0,660,654,1,5,0,0,0,0,0,0,0,2,3,0,0,1,0,0,0,7,8,0,6,0,0,0,0,0,0,0,0,0,0,0,0,654,0,1,0,0,0,1,0,0,0,0,0,0,0,0,0,0,0,0,0,0,0,0,0,0,0,0,0,0,0,0,0,0,0,0,0,0,0,0,0,0,0,0,0,0,0,1,0,0,0,0,0,0,0,0,0,0,0,0,0,0,0,0,0,0,0,0,0,0,0,0,0,0,1,0,0,0,0,0,0,0,0,0,0,0,0,0,0,0,0,0,0,0,0,0,0,0,0,0,0,0,0,0,0,0,0,0,0,0,0,0,0,0,0,0,0,0,0,0,0,0,0,0,0,0,0,0,0,0,0,0,0,0,0,0,0,0,0,0,0,0,0,0,0,0,0,0,0,0,0,0,0,0,0,0,0,0,0,0,0,0,0
004f083451f0a0d1e3150babc964fef0,5.2,0,0,0,10,0,2,0,0,0,0,0,0,0,0,5,1,1,0,0,1,1,0,0,0,1,0,0,0,0,0,0,1,0,80388,0,0,0,0,0,0,0,0,0,0,0,0,1,0,0,0,0,10,1,1,3,1,0,0,0,0,0,0,0,1,0,0,0,0,0,0,0,0,0,0,0,0,0,0,0,0,0,0,0,0,0,0,0,0,0,0,0,0,0,0,0,0,0,0,0,0,0,0,0,0,0,0,0,0,0,0,0,0,0,0,3,1,0,0,0,0,0,0,0,0,0,0,0,0,0,0,0,0,0,0,0,0,0,0,0,0,0,0,0,0,0,0,0,0,0,0,0,0,0,0,0,0,0,0,0,0,0,0,0,0,0,0,0,0,0,0,0,0,0,0,0,0,0,0,0,0,0,0,0,0,0,0,0,0,0,0,0,0,0,0,0,0,0,0,0,0,0,0,0,0,0,0,0,0,0,0,0,0,0,0,0,0,0,0,0,0,0,0,0,0,0,0,0,0,0,0,0,0,0,0,0,0,0,0,0,0,0,0,0,0,0,0,0,0,0,0,1,0,0,0,0,0,0,0,0,0,0,0,0,0,0,0,0,0,0,0,0,0,0,0,0,0,0,0,0,0,0,0,0,0,0,0,0,0,0
0fb77cad8227e0237b8fae82ef871b40,2.8,0,20,59,21,523,8,2,40,21,82,0,0,79,0,56,0,4,1,0,2,2,0,9,0,0,188,0,3,0,23,0,82,0,2,1,5,0,0,0,0,2,3,0,0,0,0,0,1,0,0,2,0,0,0,0,0,0,0,0,0,0,0,0,4,0,202,1,0,5,4,0,0,0,1,0,0,0,0,0,0,0,0,0,0,0,0,1,2,0,0,0,0,0,0,0,0,0,0,1,2,16,0,0,1,4,0,0,1,0,0,0,1,0,0,0,3,0,0,0,0,0,0,0,0,0,0,0,0,1,3,0,0,0,0,0,0,0,1,0,0,0,0,0,8,0,0,0,0,0,0,0,0,0,0,0,0,0,2,1,0,0,0,0,0,0,0,0,0,0,0,0,0,3,0,10,0,0,0,0,0,0,0,0,0,21,0,0,0,0,0,0,0,0,0,0,0,0,0,0,0,0,0,0,0,0,2,0,0,0,0,1,1,0,0,0,0,0,0,0,0,0,0,4,0,0,0,0,0,0,0,0,0,0,0,0,0,0,0,0,0,0,0,0,0,0,0,0,0,0,0,0,0,0,0,0,0,0,0,0,0,0,0,0,0,0,0,0,0,0,0,0,0,0,0,0,0,0,0,0,0,0,0,0,0,0,0,0,0,0
04a6b3df1e7a6394dbdf71dbcfccfc6d,1.4,0,23,2577,17,9,2140,5,23,68,22,2,1,3,3,36,2,2,1,2,9,6,1,2,1,1,1,2,1,2,2,1,3,1,1,0,0,3,0,0,0,0,0,0,0,0,0,0,0,0,0,0,0,0,0,3,1,0,0,0,0,0,0,0,0,0,0,0,0,0,0,0,0,0,0,0,0,0,0,0,0,0,0,0,0,0,0,0,0,0,0,0,0,0,0,0,0,0,0,0,0,0,0,0,0,0,0,0,0,0,0,0,0,0,0,0,0,0,0,0,0,0,0,0,0,0,0,0,0,0,0,0,0,0,0,0,0,0,0,0,0,0,0,0,0,0,0,0,0,0,0,0,0,0,0,0,0,0,0,0,0,0,0,0,0,0,0,0,0,0,0,0,0,0,0,0,0,0,0,0,0,0,0,0,0,0,0,0,0,0,0,0,0,0,0,0,0,0,0,0,0,0,0,0,0,0,0,0,0,0,0,0,0,0,0,0,0,0,0,0,0,0,0,0,0,0,0,0,0,0,0,0,0,0,0,0,0,0,0,0,0,0,0,0,0,0,0,0,0,0,0,0,0,0,0,0,0,0,0,0,0,0,0,0,0,0,0,0,0,0,0,0,0,0,0,0,0,0,0,0,0,0,0,0,0,0,0,0,0,0
3ada6cdcc8b1eb935ff171ab6a007634,5.2,0,4,12,7,1,5,2,18,64,16,0,0,1,0,31,2,3,1,1,8,5,1,2,1,2,1,2,1,2,2,1,1,1,1,0,0,0,0,0,0,0,0,0,0,0,0,1,0,0,0,0,5,1,1,6,1,0,0,0,0,0,0,0,0,0,0,0,0,0,0,0,0,0,0,0,0,0,0,0,0,0,0,0,0,0,0,0,0,0,0,0,0,0,0,0,0,0,0,0,0,0,0,0,0,0,0,0,1,0,0,0,0,0,0,0,0,0,0,0,0,0,1,0,0,0,0,0,0,0,0,0,0,0,0,0,0,0,0,0,0,0,0,0,0,0,0,0,0,0,0,0,0,0,0,0,0,0,0,0,0,0,0,0,0,0,0,0,0,0,0,0,0,0,0,0,0,0,0,0,0,0,0,0,0,0,0,0,0,0,0,0,0,0,0,0,0,0,0,0,0,0,0,0,0,0,0,0,0,0,0,0,0,0,0,0,0,0,0,0,0,0,0,0,0,0,0,0,0,0,0,0,0,0,0,0,0,0,0,0,0,0,0,0,0,0,0,0,0,0,0,0,0,0,0,0,0,0,0,0,0,0,0,0,0,0,0,0,0,0,0,0,0,0,0,0,0,0,0,0,0,0,0,0,0,0,0,0,0,0
3b4d289894431d05c5c35a4202a2c226,3.4,4,15,118,16,9,19,2,1,0,9,2,0,11,0,87,0,4,2,5,8,7,1,5,1,1,0,0,0,1,4,1,132,0,17,1,0,14,0,0,0,7,0,0,112,0,0,1,0,3,0,4,0,0,0,3,11,4,4,144,0,0,0,0,124,0,0,0,0,5,0,0,0,0,0,0,0,0,0,0,0,6,0,0,0,0,0,0,0,0,0,0,0,8,4,4,0,0,0,1,8,0,0,1,1,2,2,0,1,0,4,0,0,0,0,0,0,10,1,0,0,0,0,0,0,0,0,0,4,0,0,0,0,0,0,0,0,0,0,0,0,0,0,0,0,0,0,0,0,0,0,0,0,0,0,0,0,0,7,11,0,0,0,0,0,0,0,0,0,0,0,0,0,0,0,0,0,0,5,0,0,0,0,0,0,0,10,0,0,0,0,0,0,0,0,0,0,0,0,0,1,0,0,0,0,0,3,0,0,0,0,0,0,0,0,7,0,0,0,0,0,0,0,5,0,0,0,0,0,0,0,0,0,10,0,0,0,0,0,0,0,0,0,0,0,0,0,0,0,0,0,0,0,0,0,0,1,0,0,0,0,0,0,0,0,0,0,0,0,0,0,0,0,0,0,0,0,0,0,0,0,0,0,0,0,0,0,0,0,0
3b72b1ca0e4f998eb5d70429d1266465,2.0,0,3,6,2,0,13,2,0,0,0,2,0,0,2,10,0,0,0,1,4,5,0,0,0,0,0,0,0,0,0,0,9,0,0,1,0,3,0,0,0,0,0,0,0,0,0,0,0,0,0,0,0,0,0,3,1,0,0,0,0,0,0,0,0,0,0,0,0,0,0,0,0,0,0,0,0,2,0,0,0,0,0,0,0,0,0,0,0,0,0,0,0,0,0,0,0,0,0,0,0,0,0,0,0,0,0,0,0,0,0,0,0,0,0,0,0,0,0,0,0,4660,0,0,0,0,0,0,0,0,0,0,0,0,0,0,0,0,0,0,0,0,0,0,0,0,0,0,0,0,0,0,0,0,0,0,0,0,0,0,0,0,0,0,0,0,0,0,0,0,0,0,0,0,0,0,0,0,0,0,0,0,0,0,0,0,0,0,0,0,0,0,0,0,0,0,0,0,0,0,0,0,0,0,0,0,0,0,0,0,0,0,0,0,0,0,0,0,0,0,0,0,0,0,0,0,0,0,0,0,0,0,0,0,0,0,0,0,0,0,0,0,0,0,0,0,0,0,0,0,0,0,0,0,0,0,0,0,0,0,0,0,0,0,0,0,0,0,0,0,0,0,0,0,0,0,0,0,0,0,0,0,0,0,0,0,0,0,0,0
3b338d1cf68767a35f6dd1f47ea79625,6.4,4,53,482,137,10,81,3,57,114,482,5,0,15,1,323,0,17,6,0,9,3,0,10,1,1,3,0,0,2,1,2,14,0,503,1,2,44,1,0,0,7,0,33,506,0,0,0,0,5,0,0,0,0,0,0,6,252,252,9996,0,0,0,0,125,3,6,2,0,0,1,2,2,0,0,0,0,0,0,5,3,50,0,0,0,0,0,0,0,0,0,0,0,2,0,2,0,0,0,0,7,2,0,0,1,2,0,0,1,0,0,0,3,0,0,0,1,3,2,0,0,1,5,0,0,2,0,0,0,1,1,0,0,0,0,0,0,2,0,0,0,0,0,0,0,0,0,0,0,0,0,0,0,0,0,0,0,0,631,421,0,0,0,0,672,672,0,0,0,0,0,0,0,0,0,0,0,0,0,0,0,0,0,0,0,0,0,0,0,0,0,0,0,0,0,0,0,0,0,0,0,0,0,0,1,0,0,0,2,2,0,0,0,0,0,0,0,0,0,0,0,80,0,0,0,0,0,0,0,0,0,0,0,0,0,0,0,0,0,0,0,0,0,0,0,0,0,0,0,0,0,0,0,0,0,0,0,0,0,0,0,0,0,0,0,0,0,0,0,0,0,0,0,0,0,0,0,0,0,0,0,0,0,0,0,0,0,0,0,0
3bd838a0d9a18bea7b2e44aa0e2785d2,4.4,0,31,934,35,527,779,3,44,24,87,2,1,81,0,58,1,52,1,0,2,2,0,9,0,0,188,0,3,0,23,0,82,0,2,1,5,0,0,0,0,2,3,0,0,0,0,0,1,0,0,2,0,0,0,0,0,0,0,0,0,0,0,0,5,0,202,1,0,5,4,0,0,0,1,0,0,0,0,0,0,0,0,0,0,0,0,1,2,0,0,0,0,0,0,0,0,0,0,1,2,16,0,0,1,4,0,0,1,0,0,0,1,0,0,0,3,0,0,0,0,0,0,0,0,0,0,0,0,1,3,0,0,0,0,0,0,0,1,0,0,0,0,0,8,0,0,0,0,0,0,0,0,0,0,0,0,0,2,1,0,0,0,0,0,0,0,0,0,0,0,0,0,3,0,10,0,0,0,0,0,0,0,0,0,21,0,0,0,0,0,0,0,0,0,0,0,0,0,0,0,0,0,0,0,0,2,0,0,0,0,1,1,0,0,0,0,0,0,0,0,0,0,4,0,0,0,0,0,0,0,0,0,0,0,0,0,0,0,0,0,0,0,0,0,0,0,0,0,0,0,0,0,0,0,0,0,0,0,0,0,0,0,0,0,0,0,0,0,0,0,0,0,0,0,0,0,0,0,0,0,0,0,0,0,0,0,0,0,0
3c00bc0343dc19c6f0a152d039bc2e8b,1.8,0,9,32,8,2,8,2,1,1,3,1,0,2,0,38,0,3,0,0,3,6,0,0,0,0,0,0,0,0,2,1,1,0,0,0,0,14,0,0,0,0,0,0,0,0,0,0,0,0,0,0,0,0,0,3,2,1,1,37,0,0,0,0,0,0,0,0,0,0,0,0,0,0,0,0,0,3,0,0,0,0,0,0,0,2,0,0,0,0,0,0,0,0,0,4,0,0,0,0,0,0,0,0,1,1,0,0,1,0,0,0,1,0,0,0,0,0,0,0,0,0,0,0,0,0,0,0,0,0,0,0,0,0,0,0,0,0,0,0,0,0,0,0,0,1,0,0,0,0,0,0,0,0,0,0,0,0,0,0,0,0,0,0,0,0,0,0,0,0,0,0,0,0,0,0,0,0,0,0,0,0,0,0,0,0,0,0,0,0,0,0,0,0,0,0,0,0,0,0,0,0,0,0,0,0,0,0,0,0,0,0,0,0,0,0,0,0,0,0,0,0,0,0,0,0,0,0,0,0,0,0,0,0,0,0,0,0,0,0,0,0,0,0,0,0,0,0,0,0,0,0,0,0,0,0,0,0,0,0,0,0,0,0,0,0,0,0,0,0,0,0,0,0,0,0,0,0,0,0,0,0,0,0,0,0,0,0,0,0
3c7cbf105e307cb9a76bb640652948e5,1.4,0,22,2573,14,8,2136,4,22,67,21,2,1,3,1,33,2,2,1,1,8,5,1,2,1,1,1,2,1,2,2,1,3,1,1,0,0,0,0,0,0,0,0,0,0,0,0,0,0,0,0,0,0,0,0,3,1,0,0,0,0,0,0,0,0,0,0,0,0,0,0,0,0,0,0,0,0,0,0,0,0,0,0,0,0,0,0,0,0,0,0,0,0,0,0,0,0,0,0,0,0,0,0,0,0,0,0,0,0,0,0,0,0,0,0,0,0,0,0,0,0,0,0,0,0,0,0,0,0,0,0,0,0,0,0,0,0,0,0,0,0,0,0,0,0,0,0,0,0,0,0,0,0,0,0,0,0,0,0,0,0,0,0,0,0,0,0,0,0,0,0,0,0,0,0,0,0,0,0,0,0,0,0,0,0,0,0,0,0,0,0,0,0,0,0,0,0,0,0,0,0,0,0,0,0,0,0,0,0,0,0,0,0,0,0,0,0,0,0,0,0,0,0,0,0,0,0,0,0,0,0,0,0,0,0,0,0,0,0,0,0,0,0,0,0,0,0,0,0,0,0,0,0,0,0,0,0,0,0,0,0,0,0,0,0,0,0,0,0,0,0,0,0,0,0,0,0,0,0,0,0,0,0,0,0,0,0,0,0,0
0fce18a2ee07bf58183fce77d30f2e32,6.4,7,188,1092,346,9,148,197,436,369,317,23,0,7,22,1334,31,82,0,7,203,520,0,63,8,9,8,19,6,29,42,89,33,0,18,95,0,13,5,39,0,17,0,2,1,0,0,8,0,11,54,0,0,0,0,10,49,1,1,11,0,0,0,0,809,63,9,140,0,0,0,12,0,0,22,0,1105,776,8,9,1388,492,593,116,6,79,7,18,18,10,53,86,141,141,105,10,20,4,20,5,56,1,1,7,32,41,0,7,9,7,51,39,39,48,8,8,4,8,4,4,14,4,0,0,0,0,0,0,0,1,12,5,0,0,1,0,3,6,0,0,0,0,0,0,0,0,0,0,0,0,0,0,0,1,1,0,0,0,0,0,0,0,0,0,0,0,0,0,0,0,0,0,0,0,0,0,0,0,0,0,0,0,0,0,0,0,0,0,0,0,0,0,0,0,0,0,0,0,0,0,0,0,0,0,0,0,1,0,0,0,0,0,0,0,0,0,0,0,0,0,0,0,0,0,0,0,1,0,0,0,0,0,0,0,0,0,0,0,0,4,0,0,0,0,0,0,0,0,0,0,0,0,0,0,0,0,0,0,0,0,0,0,0,0,0,0,0,0,0,0,0,0,0,0,0,0,0,0,0,0,0,0,0,0,0,0,0,0,0,0
3c12ed16181b383e7a19af777661891a,1.4,4,3,183,1,0,0,0,0,0,0,0,0,0,0,0,0,0,0,0,0,0,0,0,0,0,0,0,0,0,0,0,0,0,0,0,0,2,0,0,0,0,0,0,0,0,0,0,0,0,0,0,0,0,0,0,0,0,0,0,0,0,0,0,1,0,0,0,0,0,0,0,0,0,0,0,0,0,0,0,0,1,0,0,0,0,0,0,0,0,0,0,0,0,0,0,0,0,0,0,0,0,0,0,0,0,0,0,0,0,0,0,0,0,0,0,0,0,0,0,0,0,0,0,0,0,0,0,0,0,0,0,0,0,0,0,0,0,0,0,0,0,0,0,0,0,0,0,0,0,0,0,0,0,0,0,0,0,0,0,0,0,0,0,0,0,0,0,0,0,0,0,0,0,0,0,0,0,0,0,0,0,0,0,0,0,0,0,0,0,0,0,0,0,0,0,0,0,0,0,0,0,0,0,0,0,0,0,0,0,0,0,0,0,0,0,0,0,0,0,0,0,0,0,0,0,0,0,0,0,0,0,0,0,0,0,0,0,0,0,0,0,0,0,0,0,0,0,0,0,0,0,0,0,0,0,0,0,0,0,0,0,0,0,0,0,0,0,0,0,0,0,0,0,0,0,0,0,0,0,0,0,0,0,0,0,0,0,0,0
3c435df38b91abb0a0c2dec6fd1374df,4.4,0,18,157,20,0,4,0,18,5,11,2,2,0,0,48,4,0,0,0,5,5,0,1,0,0,3,0,0,0,8,10,4,0,0,0,0,0,12,0,0,0,1,0,0,0,0,2,0,0,0,0,8,0,0,3,1,0,0,0,4,0,0,0,2,0,8,0,0,0,0,0,0,0,1,0,0,0,0,0,0,0,0,0,0,0,0,0,0,0,0,0,0,0,0,0,0,0,0,0,0,0,0,0,3,3,0,0,0,0,0,0,2,0,0,0,1,0,0,0,0,0,0,0,0,0,0,0,0,0,0,0,0,0,0,0,0,0,0,0,0,0,0,0,2,0,0,0,0,0,0,0,0,0,0,0,0,0,0,0,0,0,0,0,0,0,0,0,0,0,0,0,0,0,0,0,0,0,0,0,0,0,0,0,0,0,0,0,0,0,0,0,0,0,0,0,0,0,0,0,0,0,1,0,0,0,0,0,0,0,0,0,0,0,0,0,0,0,0,0,0,0,0,0,0,0,0,0,0,0,0,0,0,0,0,0,0,0,0,0,0,0,0,0,0,0,0,0,0,0,0,0,0,0,0,0,0,0,0,0,0,0,0,0,0,0,0,0,0,0,0,0,0,0,0,0,0,0,0,0,0,0,0,0,0,0,0,0,0,0
3c619e3a1aae737543c65a901e78dbf9,1.4,0,0,0,1,0,1,0,0,0,0,0,1,0,0,0,0,0,0,0,0,0,0,0,0,0,0,0,0,0,0,1,0,0,0,0,1,0,0,0,0,0,0,0,0,0,0,0,0,0,0,0,0,0,0,1,0,1,1,11,0,0,0,0,0,0,0,0,0,0,0,0,0,0,0,0,0,0,0,0,0,0,0,0,0,0,0,0,0,0,0,0,0,0,0,0,0,0,0,0,0,0,0,0,0,0,0,0,0,0,0,0,0,0,0,0,0,0,0,0,0,1,0,0,0,0,0,0,0,0,0,0,0,0,0,0,0,0,0,0,0,0,0,0,0,0,0,0,0,0,0,0,0,0,0,0,0,0,0,0,0,0,0,0,0,0,0,0,0,0,0,0,0,0,0,0,0,0,0,0,0,0,0,0,0,0,0,0,0,0,0,0,0,0,0,0,0,0,0,0,0,0,0,0,0,0,0,0,0,0,0,0,0,0,0,0,0,0,0,0,0,0,0,0,0,0,0,0,0,0,0,0,0,0,0,0,0,0,0,0,0,0,0,0,0,0,0,0,0,0,0,0,0,0,0,0,0,0,0,0,0,0,0,0,0,0,0,0,0,0,0,0,0,0,0,0,0,0,0,0,0,0,0,0,0,0,0,0,0,0
3c243580dcf6ff036b7a82a81d7cbfa3,4.6,0,1,20,10,1,4,0,1,0,3,0,0,1,0,35,2,4,1,1,7,6,1,2,1,1,2,2,1,0,0,1,1,1,1,0,0,3,0,0,0,0,0,0,0,0,0,1,0,0,0,0,0,1,1,6,2,0,0,0,0,0,0,0,0,0,0,0,0,0,0,0,0,0,0,0,0,0,0,0,0,0,0,0,0,0,0,0,0,0,0,0,0,0,0,0,0,0,0,0,0,0,0,0,0,0,0,0,2,0,0,0,0,0,0,0,0,0,0,0,0,1,0,0,0,0,0,0,255,0,0,0,0,0,0,0,0,0,0,0,0,0,0,0,0,0,0,0,0,0,0,1,0,0,0,0,0,0,0,0,0,0,0,0,0,0,0,0,0,0,0,0,0,0,0,0,0,0,0,0,0,0,0,0,0,0,0,0,0,0,0,0,0,0,0,0,0,0,0,0,0,0,0,0,0,0,0,0,0,0,0,0,0,0,0,0,0,0,0,7,0,0,0,0,0,0,0,0,0,0,0,0,0,0,0,0,0,0,0,0,0,0,0,0,0,0,0,0,0,0,0,0,0,0,0,0,0,0,0,0,0,0,0,0,0,0,0,0,0,0,0,0,0,0,0,0,0,0,0,0,0,0,0,0,0,0,0,0,0,0
3ca8f1e6c704cc280b274b346067ae43,1.2,0,17,401,16,1,9,5,0,0,1,4,1,1,3,40,1,3,1,2,8,12,1,2,1,1,2,2,0,0,0,1,1,1,1,1,0,12,0,0,0,0,0,0,0,0,0,0,0,0,0,0,6,0,0,3,1,0,0,0,0,0,0,0,0,0,0,0,0,0,0,0,0,0,0,0,0,11,0,0,0,0,0,0,0,0,0,0,0,0,0,0,0,0,0,0,0,0,0,0,0,0,0,0,0,0,0,0,0,0,0,0,0,0,0,3,0,0,0,0,0,0,4,0,0,0,0,0,0,0,0,0,0,0,0,0,0,0,0,0,0,0,0,0,0,0,0,0,0,0,0,0,0,0,0,0,0,0,0,0,0,0,0,0,0,0,0,0,0,0,0,0,0,0,0,0,0,0,0,0,0,0,0,0,0,0,0,0,0,0,0,0,0,0,0,0,0,0,0,0,0,0,0,0,0,0,0,0,0,0,0,0,0,0,0,0,0,0,0,0,0,0,0,0,0,0,0,0,0,0,0,0,0,0,0,0,0,0,0,0,0,0,0,0,0,0,0,0,0,0,0,0,0,0,0,0,0,0,0,0,0,0,0,0,0,0,0,0,0,0,0,0,0,0,0,0,0,0,0,0,0,0,0,0,0,0,0,0,0,0
3cbb850bad4778f66e6aebc601d1a864,5.8,0,3,27,7,1,2,0,1,0,3,1,0,1,0,37,2,2,1,1,7,6,1,2,1,2,2,2,0,0,0,1,1,1,1,0,0,4,0,0,0,0,0,0,0,0,0,1,0,0,0,0,11,1,1,6,2,0,0,0,0,0,0,0,0,0,0,0,0,0,0,0,0,0,0,0,0,0,0,0,0,1,0,0,0,0,0,0,0,0,0,0,0,0,0,0,0,0,0,0,0,0,0,0,0,0,0,0,0,0,0,0,0,0,0,0,0,0,0,0,0,0,4,0,0,0,0,0,0,0,0,0,0,0,0,0,0,0,0,0,0,0,0,0,0,0,0,0,0,0,0,0,0,0,0,0,0,0,0,0,0,0,0,0,0,0,0,0,0,0,0,0,0,0,0,0,0,0,0,0,0,0,0,0,0,0,0,0,0,0,0,0,0,0,0,0,0,0,0,0,0,0,0,0,0,0,0,0,0,0,0,0,0,0,0,0,0,0,0,0,0,0,0,0,0,0,0,0,0,0,0,0,0,0,0,0,0,0,0,0,0,0,0,0,0,0,0,0,0,0,0,0,0,0,0,0,0,0,0,0,0,0,0,0,0,0,0,0,0,0,0,0,0,0,0,0,0,0,0,0,0,0,0,0,0,0,0,0,0,0
3ce65a9e7db088143f05ea37c606996a,1.4,0,22,672,11,5,3,2,5,3,8,2,1,3,1,97,1,5,1,3,6,5,1,2,1,1,2,2,0,0,0,1,1,1,1,0,0,5,0,0,0,0,0,0,0,0,0,0,0,0,0,0,0,0,0,3,1,0,0,0,0,0,0,0,1,0,0,0,0,0,0,0,0,0,0,0,0,0,0,0,0,1,0,0,0,0,0,0,0,0,0,0,0,0,0,0,0,0,0,0,0,0,0,0,0,0,0,0,0,0,0,0,0,0,0,0,0,0,0,0,0,0,0,0,0,0,0,0,0,0,0,0,0,0,0,0,0,0,0,0,0,0,0,0,0,0,0,0,0,0,0,0,0,0,0,0,0,0,0,0,0,0,0,0,0,0,0,0,0,0,0,0,0,0,0,0,0,0,0,0,0,0,0,0,0,0,0,0,0,0,0,0,0,0,0,0,0,0,0,0,0,0,0,0,0,0,0,0,0,0,0,0,0,0,0,0,0,0,0,0,0,0,0,0,0,0,0,0,0,0,0,0,0,0,0,0,0,0,0,0,0,0,0,0,0,0,0,0,0,0,0,0,0,0,0,0,0,0,0,0,0,0,0,0,0,0,0,0,0,0,0,0,0,0,0,0,0,0,0,0,0,0,0,0,0,0,0,0,0,0
3cfd237062bc3fa0a5e24f2aa1593b52,1.2,0,18,258,11,3,2,4,5,4,9,1,1,3,0,28,1,4,1,1,6,5,1,2,1,1,2,2,0,0,0,1,1,1,1,0,0,2,0,0,0,0,0,0,0,0,0,0,0,0,0,0,0,0,0,3,1,0,0,0,0,0,0,0,0,0,0,0,0,0,0,0,0,0,0,0,0,0,0,0,0,0,0,0,0,0,0,0,0,0,0,0,0,0,0,0,0,0,0,0,0,0,0,0,0,0,0,0,0,0,0,0,0,0,0,0,0,0,0,0,0,0,0,0,0,0,0,0,0,0,0,0,0,0,0,0,0,0,0,0,0,0,0,0,0,0,0,0,0,0,0,0,0,0,0,0,0,0,0,0,0,0,0,0,0,0,0,0,0,0,0,0,0,0,0,0,0,0,0,0,0,0,0,0,0,0,0,0,0,0,0,0,0,0,0,0,0,0,0,0,0,0,0,0,0,0,0,0,0,0,0,0,0,0,0,0,0,0,0,0,0,0,0,0,0,0,0,0,0,0,0,0,0,0,0,0,0,0,0,0,0,0,0,0,0,0,0,0,0,0,0,0,0,0,0,0,0,0,0,0,0,0,0,0,0,0,0,0,0,0,0,0,0,0,0,0,0,0,0,0,0,0,0,0,0,0,0,0,0,0
0ffa45c399761b5d31604b4cc0adf8f1,1.2,0,19,368,10,3,4,4,5,4,9,1,1,3,0,28,1,4,1,1,6,5,1,2,1,1,2,2,0,0,0,1,1,1,1,253,0,2,0,0,0,0,0,0,0,0,0,0,0,0,0,0,0,0,0,3,1,0,0,0,0,0,0,0,0,0,0,0,0,0,0,0,0,0,0,0,0,0,0,0,0,0,0,0,0,0,0,0,0,0,0,0,0,0,0,0,0,0,0,0,0,0,0,0,0,0,0,0,0,0,0,0,0,0,0,0,0,0,0,0,0,0,0,0,0,0,0,0,0,0,0,0,0,0,0,0,0,0,0,0,0,0,0,0,0,0,0,0,0,0,0,0,0,0,0,0,0,0,0,0,0,0,0,0,0,0,0,0,0,0,0,0,0,0,0,0,0,0,0,0,0,0,0,0,0,0,0,0,0,0,0,0,0,0,0,0,0,0,0,0,0,0,0,0,0,0,0,0,0,0,0,0,0,0,0,0,0,0,0,0,0,0,0,0,0,0,0,0,0,0,0,0,0,0,0,0,0,0,0,0,0,0,0,0,0,0,0,0,0,0,0,0,0,0,0,0,0,0,0,0,0,0,0,0,0,0,0,0,0,0,0,0,0,0,0,0,0,0,0,0,0,0,0,0,0,0,0,0,0,0
3d2f380f1751418d726e34d377a5008d,4.8,0,57,1843,31,27,1335,4,178,90,135,3,2,61,0,35545,3,6,1,2,64,20,2,10,2,3,2,0,2,0,17701,17709,17714,0,35397,13,0,0,1,13,0,5903,1,11798,1,0,0,4,0,9,7,1,0,0,0,2,10,0,0,0,0,2,2,2,0,2,11814,4,0,2,1,21,2,2,1,0,2,0,8,0,0,0,0,0,0,0,0,0,0,0,0,0,0,0,0,0,0,0,0,1,5903,5899,3,0,2,2,0,0,1,0,0,0,0,0,0,64895,5899,129793,0,0,12,0,10,0,0,0,0,0,0,0,4,0,0,0,0,0,10,7,0,0,0,0,0,0,0,0,0,0,0,0,0,0,0,0,2,0,0,0,11,19,0,0,0,0,2,2,1,0,0,1,0,10,0,0,0,2,0,6,2,1,2,0,0,0,3,6,0,0,0,2,0,2,2,0,3,0,0,0,2,0,0,0,2,0,0,0,0,0,0,0,0,0,0,0,0,0,0,0,0,0,0,0,0,0,0,0,11798,2,0,2,0,0,0,0,0,1,0,0,0,0,0,0,0,0,0,0,0,0,0,0,2,0,0,0,0,0,0,4,0,0,0,0,0,0,0,0,0,0,0,0,0,0,0,0,0,0,0,0,0,0,0,0,0,0,0,0,0,0,0,0
3d65d9f7e5e1867566348de4491f63c2,1.6,0,19,2300,14,5,1895,2,7,3,8,3,1,3,1,29,2,2,1,1,6,5,1,2,1,1,2,2,0,0,0,1,3,1,1,0,0,4,0,0,0,0,0,0,0,0,0,0,0,0,0,0,6,0,0,3,1,0,0,0,0,0,0,0,0,0,0,0,0,0,0,0,0,0,0,0,0,0,0,0,0,0,0,0,0,0,0,0,0,0,0,0,0,0,0,0,0,0,0,0,0,0,0,0,0,0,0,0,0,0,0,0,0,0,0,0,0,0,0,0,0,0,4,0,0,0,0,0,0,0,0,0,0,0,0,0,0,0,0,0,0,0,0,0,0,0,0,0,0,0,0,0,0,0,0,0,0,0,0,0,0,0,0,0,0,0,0,0,0,0,0,0,0,0,0,0,0,0,0,0,0,0,0,0,0,0,2,0,0,0,0,0,0,0,0,0,0,0,0,0,0,0,0,0,0,0,0,0,0,0,0,0,0,0,0,0,0,0,0,0,0,0,0,0,0,0,0,0,0,0,0,0,0,0,0,0,0,0,0,0,0,0,0,0,0,0,0,0,0,0,0,0,0,0,0,0,0,0,0,0,0,0,0,0,0,0,0,0,0,0,0,0,0,0,0,0,0,0,0,0,0,0,0,0,0,0,0,0,0,0
3de60090bbb854b9aec593add8f091ce,6.2,12,119,1117,100,83,37,47,877,1302,554,7,2,161,11,287,17,19,0,4,65,39,2,16,2,2,4,8,2,8,31,56,42,0,67,12,2,16,3,5,0,10,3,1,1,0,0,5,0,2,9,2,0,0,0,9,11,0,0,0,0,0,0,0,3,7,46,8,0,0,0,28,0,0,0,0,0,0,16,0,2,17,0,0,0,47,0,0,0,0,8,0,1,3,1,4,2,40,0,2,11,80,3,12,21,32,2,0,4,0,0,0,26,16,0,18,0,7,0,0,24,3,0,0,0,0,0,0,0,2,24,10,1,0,3,0,6,12,0,0,0,0,0,0,0,0,0,0,0,0,32,0,88,0,0,0,0,0,0,0,0,0,0,0,0,0,0,0,0,0,0,0,0,1,0,0,0,0,0,0,0,0,0,0,0,0,0,0,0,0,0,0,0,0,0,0,0,0,0,0,0,0,1,0,0,0,0,0,0,0,0,0,0,0,0,0,0,0,0,0,0,0,0,0,0,0,9,0,0,0,0,0,0,0,0,0,0,0,0,0,0,0,0,0,0,0,0,0,0,0,0,0,0,0,0,0,0,0,0,0,0,0,0,0,0,0,0,0,0,0,0,0,0,1,0,0,0,0,0,0,0,0,0,0,0,0,0,0,0,0
3e0c7239d6656b1f34663d868cc72fcb,12.0,0,95,1372,4126,19,188,19,152,171,292,7,2,58,2,29662,1,4022,4,4,79,32,4,34,4,4,37,6,1,1228,13038,13025,13044,14,26049,1203,1,78,4,155,1,4343,5,8678,6517,0,0,3,0,12,146,1,132,0,0,2,13,31,31,1414,4,2,1,1,21,3,8717,11,0,0,0,13,0,0,2,0,2,0,0,0,0,0,0,0,0,0,0,0,0,0,0,0,1,1,1,0,0,0,0,0,4831,4401,3,0,1,1,0,0,1,0,0,0,0,0,0,47706,4336,95407,0,0,0,0,6456,0,0,0,0,0,0,0,1,2,5,0,0,0,0,0,0,0,0,1,0,0,2,0,0,0,0,0,0,0,0,0,0,0,0,0,7,19,0,0,0,5,2,2,5,0,0,1,0,15,0,2,0,1,0,4,0,0,2,0,0,0,12,0,0,0,0,0,0,0,0,0,0,0,0,0,0,0,0,0,1,0,1,0,0,0,0,0,0,0,0,0,0,0,0,0,0,0,0,0,5,0,1,1,8673,0,0,0,0,5,4,0,0,0,0,0,0,0,0,0,0,0,0,1,0,0,0,0,0,0,0,0,0,0,0,0,0,0,0,0,0,0,0,0,0,0,0,0,0,0,0,0,0,0,0,0,0,0,0,0,0,0,0,0,0,0,0,0
3e3dbbdc70cb264f0f93ca5c13b16f9f,1.8,34,23,2639,13,7,2293,4,22,67,21,3,1,3,1,33,1,2,1,1,8,5,1,2,1,1,1,2,1,2,2,1,1,1,1,0,0,0,0,0,0,0,0,0,0,0,0,0,0,0,0,0,0,0,0,3,1,0,0,0,0,0,0,0,0,0,0,0,0,0,0,0,0,0,0,0,0,0,0,0,0,0,0,0,0,0,0,0,0,0,0,0,0,0,0,0,0,0,0,0,0,0,0,0,0,0,0,0,0,0,0,0,0,0,0,0,0,0,0,0,0,0,0,0,0,0,0,0,0,0,0,0,0,0,0,0,0,0,0,0,0,0,0,0,0,0,0,0,0,0,0,0,0,0,0,0,0,0,0,0,0,0,0,0,0,0,0,0,0,0,0,0,0,0,0,0,0,0,0,0,0,0,0,0,0,0,0,0,0,0,0,0,0,0,0,0,0,0,0,0,0,0,0,0,0,0,0,0,0,0,0,0,0,0,0,0,0,0,0,0,0,0,0,0,0,0,0,0,0,0,0,0,0,0,0,0,0,0,0,0,0,0,0,0,0,0,0,0,0,0,0,0,0,0,0,0,0,0,0,0,0,0,0,0,0,0,0,0,0,0,0,0,0,0,0,0,0,0,0,0,0,0,0,0,0,0,0,0,0,0
3e3fa042aada756367233d6d4b39562c,3.6,5,20049,552,65,13,22,24,513,688,295,2,1,3,6,139,7,13,0,2,35,23,1,9,1,1,2,4,1,5,28,44,20,0,5,6,0,8,2,0,0,7,1,0,0,0,0,2,0,0,4,1,0,0,0,6,6,0,0,0,0,0,0,0,2,3,24,6,0,0,0,0,0,0,0,0,0,0,8,0,2,16,0,0,0,22,0,0,0,0,5,0,0,1,0,2,2,38,0,1,6,80,2,6,10,17,1,0,2,0,0,0,10,8,0,5,0,1,0,0,12,2,0,0,0,0,0,0,0,2,13,5,1,0,1,0,5,10,0,0,0,0,0,0,0,0,0,0,0,0,0,0,40,0,0,0,0,0,0,0,0,0,0,0,0,0,0,0,0,0,0,0,0,1,0,0,0,0,0,0,0,0,0,0,0,0,0,0,0,0,0,0,0,0,0,0,0,0,0,0,0,0,1,0,0,0,0,0,0,0,0,0,0,0,0,0,0,0,0,0,0,0,0,0,0,0,2,0,0,0,0,0,0,0,0,0,0,0,0,0,0,0,0,0,0,0,0,0,0,0,0,0,0,0,0,0,0,0,0,0,0,0,0,0,0,0,0,0,0,0,0,0,0,1,0,0,0,0,0,0,0,0,0,0,0,0,0,0,0,0
3e0836ae218fc9e84a93d2273adc1fbd,1.8,34,23,2639,13,7,2293,4,22,67,21,3,1,3,1,33,1,2,1,1,8,5,1,2,1,1,1,2,1,2,2,1,1,1,1,0,0,0,0,0,0,0,0,0,0,0,0,0,0,0,0,0,0,0,0,3,1,0,0,0,0,0,0,0,0,0,0,0,0,0,0,0,0,0,0,0,0,0,0,0,0,0,0,0,0,0,0,0,0,0,0,0,0,0,0,0,0,0,0,0,0,0,0,0,0,0,0,0,0,0,0,0,0,0,0,0,0,0,0,0,0,0,0,0,0,0,0,0,0,0,0,0,0,0,0,0,0,0,0,0,0,0,0,0,0,0,0,0,0,0,0,0,0,0,0,0,0,0,0,0,0,0,0,0,0,0,0,0,0,0,0,0,0,0,0,0,0,0,0,0,0,0,0,0,0,0,0,0,0,0,0,0,0,0,0,0,0,0,0,0,0,0,0,0,0,0,0,0,0,0,0,0,0,0,0,0,0,0,0,0,0,0,0,0,0,0,0,0,0,0,0,0,0,0,0,0,0,0,0,0,0,0,0,0,0,0,0,0,0,0,0,0,0,0,0,0,0,0,0,0,0,0,0,0,0,0,0,0,0,0,0,0,0,0,0,0,0,0,0,0,0,0,0,0,0,0,0,0,0,0
3ea2dc901e8c6d1e10b66a51b155fce1,4.2,0,1,22,7,1,2,0,1,0,3,0,0,1,0,25,2,2,1,1,6,5,1,2,1,1,2,2,0,0,0,1,1,1,1,0,0,3,0,0,0,0,0,0,0,0,0,1,0,0,0,0,0,1,0,3,1,0,0,0,0,0,0,0,0,0,0,0,0,0,0,0,0,0,0,0,0,0,0,0,0,0,0,0,0,0,0,0,0,0,0,0,0,0,0,0,0,0,0,0,0,0,0,0,0,0,0,0,3,0,0,0,0,0,0,0,0,0,0,0,0,2,0,0,0,0,0,0,0,0,0,0,0,0,0,0,0,0,0,0,0,0,2,0,0,0,0,0,0,0,0,1,0,0,0,0,0,0,0,0,0,0,0,0,0,0,0,0,0,0,0,0,0,0,0,0,0,0,0,0,0,0,0,0,0,0,0,0,0,0,0,0,0,0,0,0,0,0,0,0,0,0,0,0,0,0,0,0,0,0,0,0,0,0,1,0,0,0,0,5,0,0,0,0,0,0,0,0,0,0,0,0,0,0,0,0,0,0,0,0,0,0,0,0,0,0,0,0,0,0,0,0,0,0,0,0,0,0,0,0,0,0,0,0,0,0,0,0,0,0,0,0,0,0,0,0,0,0,0,0,0,0,0,0,0,0,0,0,0,0
3ead20b8f2813671d22033a8344851da,9.6,2,131,1959,167,16,44,75,353,272,485,10,2,12,8,26655,1,175,5,6,208,362,4,72,6,6,48,7,2,460,12120,12109,12129,9,24244,607,1,320,6,167,1,4037,1,8066,6957,0,0,4,0,34,143,751,382,0,0,2,14,15,15,632,13,0,0,0,569,21,8093,51,0,0,0,0,0,0,6,0,492,401,1,5,1403,784,468,95,1,49,2,7,7,2,18,24,105,105,105,3,87,1,5,2,5107,4071,1,2,5,5,23,153,3,2,12,10,12,0,0,44358,4032,88719,0,0,0,0,6974,0,0,0,0,0,0,0,0,0,0,0,0,0,0,0,0,0,0,0,0,0,1,0,0,0,0,0,0,0,0,0,0,0,0,0,0,0,0,0,0,0,0,0,0,0,0,1,0,0,0,2,0,0,0,0,0,0,0,0,0,0,0,0,0,0,0,0,0,0,0,0,0,0,0,0,0,0,0,0,1,0,0,0,0,0,0,0,0,0,0,0,0,0,0,0,0,0,0,0,0,0,0,1,8064,0,0,0,0,0,0,0,0,0,0,0,0,0,0,0,0,0,0,0,0,0,0,0,0,0,0,0,0,0,0,0,0,0,0,0,0,0,0,0,0,0,0,0,0,0,0,0,0,0,0,0,0,0,0,0,0,0,0,0,0,0,0,0
3ebfcd9cb76b2e537eaaa2a560c286bb,1.6,0,5,120,6,0,1,0,0,0,0,0,0,0,0,0,0,1,0,0,0,0,0,0,0,0,0,0,0,0,0,0,0,0,0,0,0,2,0,0,0,0,0,0,0,0,0,0,0,0,0,0,0,0,0,0,0,0,0,0,0,0,0,0,1,0,0,0,0,0,0,0,0,0,0,0,0,0,0,0,0,4,0,0,0,0,0,0,0,0,0,0,0,0,0,0,0,0,0,0,0,0,0,0,0,1,1,0,1,0,0,0,0,0,0,0,0,0,0,0,0,0,0,0,0,0,0,0,0,0,0,0,0,0,0,0,0,0,0,0,0,0,0,0,0,0,0,0,0,0,0,0,0,0,0,0,0,0,0,0,0,0,0,0,0,0,0,0,0,0,0,0,0,0,0,0,0,0,0,0,0,0,0,0,0,0,0,0,0,0,0,0,0,0,0,0,0,0,0,0,0,0,0,0,0,0,0,0,0,0,0,0,0,0,0,0,0,0,0,0,0,0,0,0,0,0,0,0,0,0,0,0,0,0,0,0,0,0,0,0,0,0,0,0,0,0,0,0,0,0,0,0,0,0,0,0,0,0,0,0,0,0,0,0,0,0,0,0,0,0,0,0,0,0,0,0,0,0,0,0,0,0,0,0,0,0,0,0,0,0
3ec56634dacda4b808c1c10356203640,1.2,0,19,373,8,3,6,4,5,4,9,1,0,3,0,32,1,4,1,1,6,5,1,2,1,1,2,2,0,0,0,1,1,1,1,0,0,2,0,0,0,0,0,0,0,0,0,0,0,0,0,0,0,0,0,3,1,0,0,0,0,0,0,0,0,0,0,0,0,0,0,0,0,0,0,0,0,0,0,0,0,0,0,0,0,0,0,0,0,0,0,0,0,0,0,0,0,0,0,0,0,0,0,0,0,0,0,0,0,0,0,0,0,0,0,0,0,0,0,0,0,0,0,0,0,0,0,0,0,0,0,0,0,0,0,0,0,0,0,0,0,0,0,0,0,0,0,0,0,0,0,0,0,0,0,0,0,0,0,0,0,0,0,0,0,0,0,0,0,0,0,0,0,0,0,0,0,0,0,0,0,0,0,0,0,0,0,0,0,0,0,0,0,0,0,0,0,0,0,0,0,0,0,0,0,0,0,0,0,0,0,0,0,0,0,0,0,0,0,0,0,0,0,0,0,0,0,0,0,0,0,0,0,0,0,0,0,0,0,0,0,0,0,0,0,0,0,0,0,0,0,0,0,0,0,0,0,0,0,0,0,0,0,0,0,0,0,0,0,0,0,0,0,3043,0,0,0,0,0,0,0,0,0,0,0,0,0,0,0,0
3efc0c088e3479ef7ab47f4ca4ac02ee,3.4,0,20,59,8,523,8,2,40,21,82,0,0,79,0,56,0,4,1,0,2,2,0,9,0,0,188,0,3,0,23,0,82,0,2,1,5,0,0,0,0,2,3,0,0,0,0,0,1,0,0,2,0,0,0,0,0,0,0,0,0,0,0,0,4,0,202,1,0,4,3,0,0,0,1,0,0,0,0,0,0,0,0,0,0,0,0,1,2,0,0,0,0,0,0,0,0,0,0,1,2,16,0,0,1,4,0,0,1,0,0,0,1,0,0,0,3,0,0,0,0,0,0,0,0,0,0,0,0,1,3,0,0,0,0,0,0,0,1,0,0,0,0,0,8,0,0,0,0,0,0,0,0,0,0,0,0,0,2,1,0,0,0,0,0,0,0,0,0,0,0,0,0,3,0,8,0,0,3,0,0,0,0,0,0,21,0,0,0,0,0,0,0,0,0,0,0,0,0,0,0,0,0,0,0,0,2,0,0,0,0,1,1,0,0,0,0,0,0,0,0,0,0,0,0,0,0,0,0,0,0,0,0,0,0,0,0,0,0,0,0,0,0,0,0,0,0,0,0,0,0,0,0,0,0,0,0,0,0,0,0,0,0,0,0,0,0,0,0,0,0,0,0,0,0,0,0,0,0,0,0,0,0,0,0,0,0,0,0,0
3f0ce248bb671c7dc4b16816b9d70143,2.0,0,16,392,10,5,3,2,5,3,8,159993,1,3,1,33,1,3,1,1,6,5,1,2,1,1,2,2,0,0,0,1,1,1,1,0,0,10,0,0,0,0,0,0,0,0,0,0,0,0,0,0,6,0,0,3,1,0,0,0,0,0,0,0,0,0,0,0,0,0,0,0,0,0,0,0,0,0,0,0,0,0,0,0,0,0,0,0,0,0,0,0,0,0,0,0,0,0,0,0,0,0,0,0,0,0,0,0,0,0,0,0,0,0,0,0,0,0,0,0,0,0,4,0,0,0,0,0,0,0,0,0,0,0,0,0,0,0,0,0,0,0,0,0,0,0,0,0,0,0,0,0,0,0,0,0,0,0,0,0,0,0,0,0,0,0,0,0,0,0,0,0,0,0,0,0,0,0,0,0,0,0,0,0,0,0,0,0,0,0,0,0,0,0,0,0,0,0,0,0,0,0,0,0,0,0,0,0,0,0,0,0,0,0,0,0,0,0,0,0,0,0,0,0,0,0,0,0,0,0,0,0,0,0,0,0,0,0,0,0,0,0,0,0,0,0,0,0,0,0,0,0,0,0,0,0,0,0,0,0,0,0,0,0,0,0,0,0,0,0,0,0,0,0,0,0,0,0,0,0,0,0,0,0,0,0,0,0,0,0
3f2d9194985ae1bc8023dfdf4b11e98d,3.4,0,7,139,1,0,1,1,3,4,3,1,1,0,0,29,0,1,0,0,22,10,0,1,0,0,3,0,0,1,0,0,3,0,0,1,1,5,0,1,0,1,3,1,1,0,0,0,0,0,1,0,0,0,0,0,0,2,2,76,0,0,0,0,3535,0,0,0,0,0,0,0,0,0,0,0,0,0,0,0,0,0,0,0,0,0,0,0,0,0,0,0,0,0,0,0,0,0,0,1,0,0,0,0,1,1,0,0,0,2,0,2,1,0,0,0,0,1,0,0,0,0,1,0,0,0,0,0,0,0,0,0,0,0,0,0,0,0,0,0,0,0,0,0,1,0,0,0,0,0,0,0,0,0,0,0,0,0,0,0,0,0,0,0,0,0,0,0,0,0,0,0,0,1,0,0,0,0,0,0,0,0,0,0,0,0,0,0,0,0,0,0,0,0,0,0,0,0,0,0,0,0,0,0,0,0,0,0,0,0,0,0,0,0,0,0,0,0,0,0,0,0,0,0,0,0,0,0,0,0,0,0,0,0,0,1,0,0,0,0,0,0,0,0,0,0,0,0,0,0,0,0,0,0,0,0,0,0,0,0,0,0,0,0,0,0,0,0,0,0,0,0,0,0,0,0,0,0,0,0,0,0,0,0,0,0,0,0,0,0
3f23d34de89964c8a88ecac2e99c0515,3.4,0,33,887,46,525,784,4,46,25,88,2,1,81,2,1028,0,76,1,1,3,3,0,9,0,0,188,0,3,0,23,0,1049,0,2,1,5,3,0,0,0,2,3,0,0,0,0,0,1,0,0,2,0,0,0,0,0,0,0,0,0,0,0,0,6,0,202,1,0,6,5,0,0,0,1,0,0,0,0,0,0,0,0,0,0,0,0,1,2,0,0,0,0,0,0,0,0,0,0,1,2,16,0,0,1,4,0,0,1,0,0,0,1,0,0,0,3,0,0,0,0,0,0,0,0,0,0,0,0,1,3,0,0,0,0,0,0,0,1,0,0,0,0,0,8,0,0,0,0,0,0,0,0,0,0,0,0,0,2,1,0,0,0,0,0,0,0,0,0,0,0,0,0,3,0,12,0,0,0,0,0,0,0,0,0,21,0,0,0,0,0,0,0,0,0,0,0,0,0,0,0,0,0,0,0,0,2,0,0,0,0,1,1,0,0,0,0,0,0,0,0,0,0,5,0,0,0,0,0,0,0,0,0,0,0,0,0,0,0,0,0,0,0,0,0,0,0,0,0,0,0,0,0,0,0,0,0,0,0,0,0,0,0,0,0,0,0,0,0,0,0,0,0,0,0,0,0,0,0,0,0,0,0,0,0,0,0,0,0,0
01a128f929c926d56e49442408db5b5f,1.4,0,0,0,1,0,1,0,0,0,0,0,1,0,0,0,0,0,0,0,0,0,0,0,0,0,0,0,0,0,0,1,0,0,0,0,1,0,0,0,0,0,0,0,0,0,0,0,0,0,0,0,0,0,0,1,0,1,1,11,0,0,0,0,0,0,0,0,0,0,0,0,0,0,0,0,0,0,0,0,0,0,0,0,0,0,0,0,0,0,0,0,0,0,0,0,0,0,0,0,0,0,0,0,0,0,0,0,0,0,0,0,0,0,0,0,0,0,0,0,0,1,0,0,0,0,0,0,0,0,0,0,0,0,0,0,0,0,0,0,0,0,0,0,0,0,0,0,0,0,0,0,0,0,0,0,0,0,0,0,0,0,0,0,0,0,0,0,0,0,0,0,0,0,0,0,0,0,0,0,0,0,0,0,0,0,0,0,0,0,0,0,0,0,0,0,0,0,0,0,0,0,0,0,0,0,0,0,0,0,0,0,0,0,0,0,0,0,0,0,0,0,0,0,0,0,0,0,0,0,0,0,0,0,0,0,0,0,0,0,0,0,0,0,0,0,0,0,0,0,0,0,0,0,0,0,0,0,0,0,0,0,0,0,0,0,0,0,0,0,0,0,0,0,0,0,0,0,0,0,0,0,0,0,0,0,0,0,0,0
3f7066fdac7b8d2167e41dbd8f278a6f,2.0,0,16,392,10,5,3,2,5,3,8,159993,1,3,1,33,1,3,1,1,6,5,1,2,1,1,2,2,0,0,0,1,1,1,1,0,0,10,0,0,0,0,0,0,0,0,0,0,0,0,0,0,6,0,0,3,1,0,0,0,0,0,0,0,0,0,0,0,0,0,0,0,0,0,0,0,0,0,0,0,0,0,0,0,0,0,0,0,0,0,0,0,0,0,0,0,0,0,0,0,0,0,0,0,0,0,0,0,0,0,0,0,0,0,0,0,0,0,0,0,0,0,4,0,0,0,0,0,0,0,0,0,0,0,0,0,0,0,0,0,0,0,0,0,0,0,0,0,0,0,0,0,0,0,0,0,0,0,0,0,0,0,0,0,0,0,0,0,0,0,0,0,0,0,0,0,0,0,0,0,0,0,0,0,0,0,0,0,0,0,0,0,0,0,0,0,0,0,0,0,0,0,0,0,0,0,0,0,0,0,0,0,0,0,0,0,0,0,0,0,0,0,0,0,0,0,0,0,0,0,0,0,0,0,0,0,0,0,0,0,0,0,0,0,0,0,0,0,0,0,0,0,0,0,0,0,0,0,0,0,0,0,0,0,0,0,0,0,0,0,0,0,0,0,0,0,0,0,0,0,0,0,0,0,0,0,0,0,0,0
5565a48ba9fcf0e6c12fe7cb733658a7,5.0,0,10,77,60,0,3,3,4,3,3,2,1,0,1,66,6,53,1,1,8,12,0,2,0,1,0,0,0,1,2,0,15,0,0,1,0,11,0,0,0,3,0,0,2,0,0,1,0,0,0,4,0,0,0,3,1,2,2,84,0,0,0,0,3,0,0,0,0,0,0,0,0,0,0,0,0,1,0,0,0,0,0,0,0,1,0,0,0,0,0,0,0,0,0,0,0,0,0,1,1,0,0,1,5,9,0,0,0,0,0,0,0,0,0,0,0,0,5,0,0,0,1,0,0,0,0,0,0,0,3,0,0,0,0,0,0,0,0,0,0,0,5,0,0,0,0,0,0,0,1,1,0,0,0,0,0,0,0,0,0,0,0,0,0,0,0,0,0,0,0,0,0,0,0,0,0,0,0,0,0,0,0,0,0,0,0,0,0,0,0,0,0,0,0,0,0,0,0,0,0,0,3,0,0,0,0,0,0,0,0,0,0,0,0,0,0,0,0,0,0,0,0,3,0,0,0,0,0,0,0,0,0,0,0,0,0,0,0,0,0,0,0,0,0,0,0,0,0,0,0,0,0,0,0,0,0,0,0,0,0,4,0,0,0,0,0,0,0,0,0,0,0,0,0,0,1,0,0,0,0,0,0,0,0,0,0,0,0,0
0a4c1b4dcba1d40fc254733768b8dee0,1.2,3,38,132,12,2,7,1,53,135,48,1,0,0,2,23,0,3,0,0,5,3,0,1,1,1,0,0,1,5,0,44,14,0,1,8,0,3,0,0,0,0,0,0,0,0,0,0,0,1,0,0,0,0,0,0,14,0,0,0,0,0,0,0,2,0,0,0,0,0,0,0,0,0,0,0,0,0,0,0,0,0,0,0,0,38,0,1,1,0,0,0,0,0,0,0,0,0,0,0,0,0,0,0,1,2,0,0,0,0,0,0,7,0,0,3,1,0,0,0,0,0,0,0,0,0,0,0,0,0,1,0,0,0,0,6,0,0,0,0,0,0,0,0,0,0,0,0,0,0,0,0,0,0,0,0,0,0,0,0,0,0,0,0,0,0,0,0,0,0,0,0,0,0,0,0,0,0,0,0,0,0,0,0,0,0,2,0,0,0,0,0,0,0,0,0,0,0,0,0,0,0,0,0,0,0,0,0,0,0,0,0,0,0,0,0,0,0,0,0,0,0,0,0,0,0,0,0,0,0,0,0,0,0,0,0,0,0,0,0,0,0,0,0,0,0,0,0,0,0,0,0,0,0,0,0,0,0,0,0,0,0,0,0,0,0,0,0,0,0,0,0,0,0,0,0,0,0,0,0,0,0,0,0,0,0,0,0,0,0
0a4c4869cff4a9b42b8df8975bbddf50,1.6,2,17,2520,15,5,2094,2,6,3,8,2,1,3,1,27,2,2,1,1,6,5,1,2,1,1,2,2,1,0,0,1,2,1,1,0,0,0,0,0,0,0,0,0,0,0,0,0,0,0,0,0,0,0,0,3,1,0,0,0,0,0,0,0,0,0,0,0,0,0,0,0,0,0,0,0,0,0,0,0,0,0,0,0,0,0,0,0,0,0,0,0,0,0,0,0,0,0,0,0,0,0,0,0,0,0,0,0,0,0,0,0,0,0,0,0,0,0,0,0,0,0,0,0,0,0,0,0,0,0,0,0,0,0,0,0,0,0,0,0,0,0,0,0,0,0,0,0,0,0,0,0,0,0,0,0,0,0,0,0,0,0,0,0,0,0,0,0,0,0,0,0,0,0,0,0,0,0,0,0,0,0,0,0,0,0,0,0,0,0,0,0,0,0,0,0,0,0,0,0,0,0,0,0,0,0,0,0,0,0,0,0,0,0,0,0,0,0,0,0,0,0,0,0,0,0,0,0,0,0,0,0,0,0,0,0,0,0,0,0,0,0,0,0,0,0,0,0,0,0,0,0,0,0,0,0,0,0,0,0,0,0,0,0,0,0,0,0,0,0,0,0,0,0,0,0,0,0,0,0,0,0,0,0,0,0,0,0,0,0
0a4c46978fd70673c98b31458f60fc86,6.4,4,62,214,20,3,125,1,2,1,7,0,0,3,0,41,6,4,1,1,13,9,2,2,1,2,2,2,0,1,0,3,10,1,6,0,0,2,0,0,0,1,0,0,0,0,0,1,0,0,0,0,5,1,1,4,6,0,0,0,0,1,1,1,0,0,0,1,0,0,0,0,0,0,0,0,0,0,0,0,1,33,0,1,0,0,0,0,0,0,0,0,11,5,0,1,2,0,0,0,3,0,0,3,2,3,0,0,0,0,0,0,2,0,0,1,2,3,0,0,0,0,0,0,0,4,0,0,0,1,1,0,0,0,0,0,0,0,0,0,0,0,0,0,0,0,0,1,0,0,0,0,0,0,0,0,0,0,0,0,0,0,0,0,0,0,0,0,0,0,0,0,0,0,0,0,0,0,0,0,0,0,0,0,0,0,1,0,0,0,0,0,0,0,0,0,0,0,0,0,0,0,0,1,0,0,0,0,0,0,0,0,0,0,0,0,0,0,0,0,0,0,0,0,0,0,0,0,0,0,0,0,0,0,0,0,0,0,0,0,0,0,0,0,0,0,0,0,0,0,0,0,0,0,0,0,0,0,0,0,0,0,0,0,0,0,0,0,0,0,0,0,0,0,0,0,0,0,0,0,0,0,0,0,0,0,0,0,0,0
0a5ebf792be2e1d1f5d9265e9f610dc0,11.6,5,161,2059,262,77,116,100,177,210,520,19,3,70,14,2598,4,32,5,6,265,530,3,92,6,15,23,15,7,346,31,56,38,3,73,475,10,163,5,321,1,10,1,1,9036,2,1,5,2,44,300,1,80,1,1,4,24,10,10,455,14,2,2,5,611,36,9,57,116,12,8,14,4,4,15,2,912,727,1,8,1323,1250,527,102,1,57,3,8,8,5,30,38,135,137,106,9,106,0,7,0,29,9,1,4,14,14,30,214,3,3,25,20,19,24,6,5,2,6,2,0,0,6,8728,1,1,0,0,1,0,0,0,0,0,0,0,0,0,0,0,0,0,0,0,0,0,0,0,0,0,0,0,0,0,0,0,0,0,0,0,0,0,0,0,0,0,0,0,0,0,0,0,0,0,0,0,0,0,0,0,0,0,0,0,0,0,0,0,0,0,0,0,0,0,0,0,0,0,0,0,0,0,0,0,0,0,0,0,0,0,0,0,0,0,0,0,0,0,0,0,0,0,0,0,0,0,0,0,0,0,0,0,0,0,0,0,0,0,0,0,0,0,0,0,0,0,0,0,0,0,0,0,0,0,0,0,0,0,0,0,0,0,0,0,0,0,0,0,0,0,0,0,0,0,0,0,0,0,0,0,0,0,0,0,0,0,0,0,0,0,0
0a06fbd7930744b8a6b24c92007913ce,1.6,0,19,2524,16,10,2097,3,6,4,9,2,1,3,3,45,2,2,1,2,27,14,1,2,1,1,2,2,1,0,0,1,2,1,1,0,0,3,0,0,0,0,0,0,0,0,0,0,0,0,0,0,0,0,0,3,1,0,0,0,0,0,0,0,0,0,0,0,0,0,0,0,0,0,0,0,0,0,0,0,0,0,0,0,0,0,0,0,0,0,0,0,0,0,0,0,0,0,0,0,0,0,0,0,0,0,0,0,0,2,0,2,0,0,0,0,0,0,0,0,0,0,0,0,0,0,0,0,0,0,0,0,0,0,0,0,0,0,0,0,0,0,0,0,0,0,0,0,0,0,0,0,0,0,0,0,0,0,0,0,0,0,0,0,0,0,0,0,0,0,0,0,0,0,0,0,0,0,0,0,0,0,0,0,0,0,0,0,0,0,0,0,0,0,0,0,0,0,0,0,0,0,0,0,0,0,0,0,0,0,0,0,0,0,0,0,0,0,0,0,0,0,0,0,0,0,0,0,0,0,0,0,0,0,0,0,0,0,0,0,0,0,0,0,0,0,0,0,0,0,0,0,0,0,0,0,0,0,0,0,0,0,0,0,0,0,0,0,0,0,0,0,0,0,0,0,0,0,0,0,0,0,0,0,0,0,0,0,0,0
0a6a31f9ebd4dff7b53cc770b15cf1fb,2.6,14,84,437,317,30,109,332,1835,5506,1299,52,0,7,8,1152,83,116,0,2,267,174,2,14,1,5,11,17,1,43,65,146,269,25,105,12,3,61,2,3,0,74,0,0,0,21,0,2,5,5,15,0,0,0,0,6,32,0,0,0,0,0,0,0,1,114,26,18,6,0,0,0,0,0,1,0,18,15,16,0,3,1060,30,0,0,3,0,1,1,0,113,59,38,50,19,6,119,338,0,2,83,436,0,29,78,91,2,8,3,0,0,0,15,16,4,0,1,4,0,0,112,1,0,0,0,0,0,0,0,2,27,28,4,1,2,38,12,169,5,14,14,1,1,1,1,0,0,0,0,0,0,0,0,0,0,0,0,0,0,0,0,0,0,0,0,0,0,0,0,0,0,0,0,0,0,0,0,0,0,0,0,0,0,0,0,0,0,0,0,0,0,0,0,0,0,0,0,0,0,0,0,0,0,0,0,0,0,0,0,0,0,0,0,0,0,0,0,0,0,0,0,0,0,0,0,0,0,0,0,0,0,0,0,0,0,0,0,0,0,0,0,0,0,0,0,0,0,0,0,0,0,0,0,0,0,0,0,0,0,0,0,0,0,0,0,0,0,0,0,0,0,0,0,0,0,0,0,0,0,0,0,0,0,0,0,0,0,0,0,0
0a6b32093cbd9951ee68eb2c5366a350,1.4,16,13,122,18,2,7,2,6,4,4,1,1,0,1,27,2,2,0,0,5,4,0,0,0,0,0,0,0,0,0,0,3,0,1,0,0,0,1,0,1,0,0,0,1,0,0,0,0,0,0,0,0,0,0,3,1,0,0,0,0,0,0,0,0,1,0,1,0,0,0,0,0,0,0,0,0,0,0,0,0,6,0,0,0,2,0,0,0,0,1,0,0,6,0,0,2,0,0,0,0,0,0,0,0,1,1,0,1,0,0,0,0,0,0,0,1,0,0,0,0,0,0,0,0,0,0,0,0,0,0,0,0,0,0,0,0,0,0,0,0,1,0,0,0,0,0,0,0,0,0,0,0,1,0,0,0,0,0,0,0,0,0,0,0,0,0,0,0,0,0,0,0,0,0,0,0,0,0,0,0,0,0,0,0,0,0,0,0,0,0,0,0,0,0,0,0,0,0,0,0,0,0,0,0,0,0,0,0,0,0,0,0,0,0,0,0,0,0,0,0,0,0,0,0,0,0,0,0,0,0,0,0,0,0,0,0,0,0,0,0,0,0,0,0,0,0,0,0,0,0,0,0,0,0,0,0,0,0,0,0,0,0,0,0,0,0,0,0,0,0,0,0,0,0,0,0,0,0,0,0,0,0,0,0,0,0,0,0,0
01cfb6050597932ec495f0382c99f880,1.6,0,17,2519,12,8,2093,2,5,3,8,2,1,3,1,27,2,2,1,1,6,5,1,2,1,1,2,2,1,0,0,1,2,1,1,0,0,0,0,0,0,0,0,0,0,0,0,0,0,0,0,0,0,0,0,3,1,0,0,0,0,0,0,0,0,0,0,0,0,0,0,0,0,0,0,0,0,0,0,0,0,0,0,0,0,0,0,0,0,0,0,0,0,0,0,0,0,0,0,0,0,0,0,0,0,0,0,0,0,0,0,0,0,0,0,0,0,0,0,0,0,0,0,0,0,0,0,0,0,0,0,0,0,0,0,0,0,0,0,0,0,0,0,0,0,0,0,0,0,0,0,0,0,0,0,0,0,0,0,0,0,0,0,0,0,0,0,0,0,0,0,0,0,0,0,0,0,0,0,0,0,0,0,0,0,0,0,0,0,0,0,0,0,0,0,0,0,0,0,0,0,0,0,0,0,0,0,0,0,0,0,0,0,0,0,0,0,0,0,0,0,0,0,0,0,0,0,0,0,0,0,0,0,0,0,0,0,0,0,0,0,0,0,0,0,0,0,0,0,0,0,0,0,0,0,0,0,0,0,0,0,0,0,0,0,0,0,0,0,0,0,0,0,0,0,0,0,0,0,0,0,0,0,0,0,0,0,0,0,0
0a6bfd97d0798a440faa057fb3e19ea0,2.6,14,84,437,294,30,109,332,1835,5506,1299,52,0,7,8,1152,83,153,0,2,267,174,2,14,1,5,11,16,1,43,65,146,269,25,105,12,3,61,2,3,0,74,0,0,0,21,0,2,5,5,15,0,0,0,0,6,32,0,0,0,0,0,0,0,1,114,26,18,6,0,0,0,0,0,1,0,18,15,16,0,2,1060,30,0,0,3,0,1,1,0,113,59,38,50,19,6,117,338,0,2,83,436,0,29,78,91,2,8,3,0,0,0,15,16,4,0,1,4,0,0,112,1,0,0,0,0,0,0,0,2,27,28,4,1,2,38,12,169,5,14,14,1,1,1,1,0,0,0,0,0,0,0,0,0,0,0,0,0,0,0,0,0,0,0,0,0,0,0,0,0,0,0,0,0,0,0,0,0,0,0,0,0,0,0,0,0,0,0,0,0,0,0,0,0,0,0,0,0,0,0,0,0,0,0,0,0,0,0,0,0,0,0,0,0,0,0,0,0,0,0,0,0,0,0,0,0,0,0,0,0,0,0,0,0,0,0,0,0,0,0,0,0,0,0,0,0,0,0,0,0,0,0,0,0,0,0,0,0,0,0,0,0,0,0,0,0,0,0,0,0,0,0,0,0,0,0,0,0,0,0,0,0,0,0,0,0,0,0,0,0
000a3ea381d7d70be8b6fe1ee51dca22,12.8,4,196,2538,206,32,531,60,307,218,849,14,425,42,5,5413,19,65,7,226,150,481,3,70,3,4,41,11,3,1251,44,8,68,16,119,1064,1,270,10,592,3,9,2,2,10243,0,0,1,839,55,567,2,450,0,0,4,39,40,40,1540,11,11,11,22,806,11,191,22,0,1,0,47,1,1,2,1,647,536,1,1,1666,1329,912,155,6,15,0,2,2,0,8,6,6,7,1,6,112,11,0,0,32,422,5,8,15,17,34,264,0,9,3,20,6,0,0,3,7,12,6,0,0,0,10202,0,0,0,0,4,0,2,5,2,15,1,0,0,4,0,749,0,0,2,1,0,4,0,2,2,0,0,0,0,0,2,0,0,1,0,4,13,0,0,0,13,4,4,13,0,0,2,1,52,0,4,223,2,0,4,0,0,10,0,0,0,33,0,2,0,0,0,0,0,0,0,0,0,0,0,1,0,0,0,1,10,2,0,0,0,0,0,4,0,0,0,0,0,0,0,0,0,0,0,13,0,1,1,0,0,0,0,0,13,11,0,0,1,0,0,0,0,0,0,0,0,0,1,1,0,0,0,0,0,0,0,0,0,0,131,6,17,0,0,0,0,0,0,0,0,0,0,0,0,0,0,0,0,0,0,0,0,0,0,0,0,0,0,0,1,2,1
000adc56f2d8cd1f7b8f6b54912000e9,4.4,57,53,321,93,10,31,46,222,106,157,36,0,2,8,414,17,4,0,3,35,173,0,26,1,1,6,8,2,98,31,30,26,0,2,22,2,1,4,34,0,3,0,33,0,0,0,1,2,2,13,0,0,0,0,1,13,71,0,0,0,0,0,0,589,29,3,28,0,0,0,3,0,0,4,0,287,207,0,10,1323,1181,745,647,6,58,1,4,4,11,25,13,114,188,125,5,103,2,2,0,13,12,1,7,12,29,0,1,1,1,6,5,16,16,2,1,1,2,1,0,0,56,0,0,0,0,0,0,21,2,9,4,0,0,0,0,0,0,2,0,0,0,0,0,1,0,0,0,0,0,0,0,244,0,0,0,2,0,0,0,71,0,0,0,0,0,0,0,0,0,0,0,0,0,0,0,0,0,0,0,0,0,0,0,0,0,3,0,0,0,0,0,0,0,0,0,0,0,0,0,0,0,0,0,1,0,0,1,0,0,0,0,0,2,0,0,3,0,0,0,0,0,0,0,0,0,0,0,0,0,0,0,0,0,0,0,0,0,0,0,0,0,0,0,0,0,0,0,0,0,0,0,0,0,0,0,0,0,0,0,0,0,0,0,0,0,0,0,0,0,0,0,0,0,0,0,0,0,0,0,0,0,0,0,0,0,0,0,0,0
000b28e7a5905b5bf3b80c6c60a5f828,11.6,21,220,6376,456,84,4645,237,218,240,644,27,3,72,18,3040,5,23,5,8,347,701,3,109,8,15,23,21,9,377,45,92,48,3,79,570,10,81,5,412,1,18,1,1,6538,2,1,7,2,50,392,1,80,1,1,6,32,11,11,496,14,5,5,14,663,50,9,114,116,12,8,23,4,4,20,2,1034,856,1,92,1254,1817,654,108,2,60,5,14,14,8,36,60,152,168,105,6,126,2,14,4,55,9,1,6,27,27,31,229,5,5,35,29,30,40,10,7,5,10,5,0,0,11,6387,1,4,0,0,0,0,0,0,0,0,0,0,0,0,0,0,0,0,0,0,0,0,0,0,0,0,0,0,0,0,0,0,0,0,0,0,0,0,0,0,0,0,0,0,0,0,0,0,0,0,0,0,0,0,0,0,0,0,0,0,0,0,0,0,0,0,0,0,0,0,0,0,0,0,0,0,0,0,0,0,0,0,0,0,0,0,0,0,0,0,0,0,0,0,0,0,0,0,0,0,0,0,0,0,0,0,0,0,0,0,0,0,0,0,0,0,0,0,0,0,0,0,0,0,0,0,0,0,0,0,0,0,0,0,0,0,0,0,0,0,0,0,0,0,0,0,0,0,0,0,0,0,0,0,0,0,0,0,0,0,0,0,0,0,0,0,0
000c7ff25b87232407b0f3afdc1daf43,6.0,50,149,1346,642,144,358,50,765,660,739,102,0,250,9,357,19,130,6,0,96,58,10,20,0,7,9,4,1,5,93,242,83,0,65,26,16,3393,4,12,20,18,3,0,10,0,14,0,2,23,6,2,0,0,0,0,23,0,0,0,0,2,4,2,3,18,27,37,0,1,16,41,1,1,25,0,2,0,8,2,0,8830,94,28,0,75,0,1,1,0,6,0,13,60,13,10,7,0,0,2,2,0,2,5,32,44,2,1,2,0,0,0,13,8,0,12,31,50,0,0,162,3,20,0,0,2,0,0,0,2,17,58,0,0,0,42,24,92,1,0,0,1,0,1,1,1,10,57,10,0,0,0,0,1,0,0,2,0,15,21,0,0,0,0,3,3,4,0,0,0,1,17,0,3,0,10,0,15,1,29,8,0,0,0,2,10,0,55,1,1,1,1,1,1,2,0,0,2,0,0,0,0,0,0,2,1,2,3,18,16,2,0,0,0,0,0,0,0,0,0,0,0,0,0,0,0,0,0,0,0,0,0,0,0,0,0,0,0,0,0,0,0,0,0,0,0,0,0,0,0,0,0,0,0,0,0,0,0,0,0,0,0,0,0,0,0,0,0,0,0,0,0,0,0,0,0,0,0,0,0,0,0,0,0,0,0,0,0,0,0
000cbb278e4f0194e7c693160d7975bb,3.8,0,33,852,35,460,696,3,31,21,75,1,0,75,0,40,1,50,1,0,2,2,0,6,0,0,157,0,1,0,23,0,84,0,2,1,5,0,0,0,0,2,3,0,0,0,0,0,1,0,0,2,0,0,0,0,0,0,0,0,0,0,0,0,4,0,165,1,0,4,3,0,0,0,1,0,0,0,0,0,0,0,0,0,0,0,0,1,2,0,0,0,0,0,0,0,0,0,0,1,2,8,0,0,1,4,0,0,1,0,0,0,1,0,0,0,3,0,0,0,0,0,0,0,0,0,0,0,0,1,3,0,0,0,0,0,0,0,1,0,0,0,0,0,8,0,0,0,0,0,0,0,0,0,0,0,0,0,2,1,0,0,0,0,0,0,0,0,0,0,0,0,0,3,0,8,0,0,3,0,0,0,0,0,0,17,0,0,0,0,0,0,0,0,0,0,0,0,0,0,0,0,0,0,0,0,2,0,0,0,0,1,1,0,0,0,0,0,0,0,0,0,0,0,0,0,0,0,0,0,0,0,0,0,0,0,0,0,0,0,0,0,0,0,0,0,0,0,0,0,0,0,0,0,0,0,0,0,0,0,0,0,0,0,0,0,0,0,0,0,0,0,0,0,0,0,0,0,0,0,0,0,0,0,0,0,0,0,0,0
000f6d35ea5397e40ffaa7931a9ae1d3,3.4,0,9,169,1,2,0,2,1,3,4,0,0,2,0,31,0,0,0,0,22,10,0,1,0,0,3,0,0,1,0,1,3,0,0,1,1,4,0,1,0,1,3,1,1,0,0,0,0,0,1,0,0,0,0,0,0,2,2,76,0,0,0,0,3355,0,0,0,0,0,0,0,0,0,0,0,0,0,0,0,0,0,0,0,0,0,0,0,0,0,0,0,0,0,0,0,0,0,0,0,0,0,0,0,1,1,0,0,0,2,0,2,1,0,0,0,0,1,0,0,0,0,1,0,0,0,0,0,0,0,0,0,0,0,0,0,0,0,0,0,0,0,0,0,1,0,0,0,0,0,0,0,0,0,0,0,0,0,0,0,0,0,0,0,0,0,0,0,0,0,0,0,0,1,0,0,0,0,0,0,0,0,0,0,0,0,0,0,0,0,0,0,0,0,0,0,0,0,0,0,0,0,0,0,0,0,0,0,0,0,0,0,0,0,0,0,0,0,0,0,0,0,0,0,0,0,0,0,0,0,0,0,0,0,0,1,0,0,0,0,0,0,0,0,0,0,0,0,0,0,0,0,0,0,0,0,0,0,0,0,0,0,0,0,0,0,0,0,0,0,0,0,0,0,0,0,0,0,0,0,0,0,0,0,0,0,0,0,0,0
01dbf52cb8c546ad615b3e1baa6531d8,1.8,0,22,436,12,1,233,3,0,0,2,2,1,1,3,45,1,5,1,3,8,12,1,2,1,1,2,2,0,1,0,1,2,1,1,0,0,9,0,0,0,0,0,0,0,0,0,0,0,0,0,0,0,0,0,3,1,0,0,0,0,0,0,0,0,0,0,0,0,0,0,0,0,0,0,0,0,10,0,0,0,26,0,0,0,0,0,0,0,0,0,0,0,0,0,0,0,0,0,0,0,0,0,0,0,0,0,0,0,0,0,0,0,0,0,0,0,0,0,0,0,0,0,0,0,0,0,0,0,0,0,0,0,0,0,0,0,0,0,0,0,0,0,0,0,0,0,0,0,0,0,0,0,0,0,0,0,0,0,0,0,0,0,0,0,0,0,0,0,0,0,0,0,0,0,0,0,0,0,0,0,0,0,0,0,0,0,0,0,0,0,0,0,0,0,0,0,0,0,0,0,0,0,0,0,0,0,0,0,0,0,0,0,0,0,0,0,0,0,0,0,0,0,0,0,0,0,0,0,0,0,0,0,0,0,0,0,0,0,0,0,0,0,0,0,0,0,0,0,0,0,0,0,0,0,0,0,0,0,0,0,0,0,0,0,0,0,0,0,0,0,0,0,0,0,0,0,0,0,0,0,0,0,0,0,0,0,0,0,0
00a03d37ba2cbcd9a532ff01d3d5e070,1.6,0,0,4,0,0,0,0,0,0,0,0,0,0,0,1,0,0,0,0,0,0,0,0,0,0,0,0,0,0,0,0,1,0,0,0,0,0,0,0,0,0,0,0,1,0,0,0,0,0,0,0,0,0,0,1,0,0,0,0,0,0,0,0,0,0,0,0,0,0,0,0,0,0,0,0,0,0,0,0,0,0,0,0,0,0,0,0,0,0,0,0,0,0,0,0,0,0,0,0,0,0,0,0,0,0,0,0,0,0,0,0,0,0,0,0,0,0,0,0,0,1,0,0,0,0,0,0,0,0,0,0,0,0,0,0,0,0,0,0,0,0,0,0,0,0,0,0,0,0,0,0,0,0,0,0,0,0,0,0,0,0,0,0,0,0,0,0,0,0,0,0,0,0,0,0,0,0,0,0,0,0,0,0,0,0,0,0,0,0,0,0,0,0,0,0,0,0,0,0,0,0,0,0,0,0,0,0,0,0,0,0,0,0,0,0,0,0,0,0,0,0,0,0,0,0,0,0,0,0,0,0,0,0,0,0,0,0,0,0,0,0,0,0,0,0,0,0,0,0,0,0,0,0,0,0,0,0,0,0,0,0,0,0,0,0,0,0,0,0,0,0,0,0,0,0,0,0,0,0,0,0,0,0,0,0,0,0,0,0
00a4a67dc6a4f175affa93d45340c119,5.0,184,355,3693,2008,280,199,7,451,192,546,46,0,49,10,1917,140,428,0,4,328,433,4,45,0,0,0,30,10,3517,367,181,88,0,192,20,0,230,0,18,0,46,9,50,378,0,0,46,0,0,18,46,0,0,0,136,171,74,74,3517,0,46,0,0,82,42,5,2,2,0,0,0,0,0,0,0,134,98,0,1,0,594,0,45,0,10,0,0,0,0,87,3,0,184,0,3,0,3,0,0,90,3,0,0,95,143,1,0,1,0,4,0,61,80,40,85,48,328,0,0,0,49,5418,0,0,0,90,0,0,47,47,0,0,0,1,46,0,0,0,0,0,0,0,0,0,0,2,47,0,0,0,0,46,0,10,0,0,0,14,14,0,0,0,0,0,0,0,0,0,0,91,0,0,45,46,0,0,0,0,0,0,0,0,0,0,0,0,0,0,0,0,0,0,0,0,0,0,0,0,0,94,0,0,0,2,0,10,1,0,0,0,0,0,6,0,0,0,0,0,0,0,0,0,0,0,0,0,0,0,0,0,0,0,0,0,0,0,0,0,0,0,0,0,0,0,0,0,0,0,0,0,0,0,0,0,0,0,0,0,0,0,0,0,0,0,0,0,0,0,0,0,0,0,0,0,0,0,0,0,0,0,0,0,0,0,0,0,0,0,0
00a4b6a503d5cfd408c97091c914fd74,1.4,0,0,0,0,0,0,0,0,0,0,0,0,0,0,0,0,0,0,0,0,0,0,0,0,0,0,0,0,0,0,0,0,0,0,0,0,0,0,0,0,0,0,0,0,0,0,0,0,0,0,0,0,0,0,0,0,0,0,0,0,0,0,0,0,0,0,0,0,0,0,0,0,0,0,0,0,0,0,0,0,0,0,0,0,0,0,0,0,0,0,0,0,0,0,0,0,0,0,0,0,0,0,0,0,0,0,0,0,0,0,0,0,0,0,0,0,0,0,0,0,0,0,0,0,0,0,0,0,0,0,0,0,0,0,0,0,0,0,0,0,0,0,0,0,0,0,0,0,0,0,0,0,0,0,0,0,0,0,0,0,0,0,0,0,0,0,0,0,0,0,0,0,0,0,0,0,0,0,0,0,0,0,0,0,0,0,0,0,0,0,0,0,0,0,0,0,0,0,0,0,0,0,0,0,0,0,0,0,0,0,0,0,0,0,0,0,0,0,0,0,0,0,0,0,0,0,0,0,0,0,0,0,0,0,0,0,0,0,0,0,0,0,0,0,0,0,0,0,0,0,0,0,0,0,0,0,0,0,0,0,0,0,0,0,0,0,0,0,0,0,0,0,0,0,0,0,0,0,0,0,0,0,0,0,0,0,0,0,0
00a4dab57de640e7846fdc35b2e4675a,1.8,0,246,0,227,0,0,0,0,0,0,0,0,0,0,0,0,0,0,0,0,0,0,0,0,21,0,0,0,0,0,0,400,0,0,0,0,84,0,0,0,0,0,0,62,0,0,1,0,0,0,0,0,0,0,0,0,0,0,0,0,0,0,0,21,93,0,48,0,0,0,0,0,0,0,0,0,0,0,0,0,0,0,0,0,0,0,0,0,0,75,0,0,0,0,0,0,0,0,0,294,0,0,0,0,0,0,0,0,0,0,0,0,0,0,0,0,0,0,0,0,0,0,0,0,0,0,0,0,4,0,0,0,0,0,0,0,0,0,0,0,2,0,0,0,0,0,6,0,0,0,0,0,0,0,0,0,0,0,0,0,0,0,0,0,0,0,0,0,0,0,0,0,0,0,0,0,0,0,0,0,1,0,0,0,0,0,0,0,0,0,0,0,0,0,0,0,0,0,0,0,0,0,0,0,0,0,0,0,0,0,0,0,0,0,0,0,0,0,0,0,0,0,0,0,0,0,0,0,0,0,0,0,0,0,0,0,0,0,0,0,0,0,0,0,0,0,0,0,0,0,0,0,0,0,0,0,0,0,0,0,0,0,0,0,0,0,0,0,0,0,0,0,0,0,0,0,0,0,0,0,0,0,0,0,0,0,0,0,0
00a85c1a86a9553d6ff98195d15bff15,1.8,2,17,414,14,5,6,2,7,3,8,3,1,3,1,29,2,2,1,1,6,5,1,2,1,1,2,2,0,0,0,1,1,1,1,0,0,4,0,0,0,0,0,0,0,0,0,0,0,0,0,0,6,0,0,3,1,0,0,0,0,0,0,0,1,0,0,0,0,0,0,0,0,0,0,0,0,0,0,0,0,0,0,0,0,0,0,0,0,0,0,0,0,0,0,0,0,0,0,0,0,0,0,0,0,0,0,0,0,0,0,0,0,0,0,0,0,0,0,0,0,0,4,0,0,0,0,0,0,0,0,0,0,0,0,0,0,0,0,0,0,0,0,0,0,0,0,0,0,0,0,0,0,0,0,0,0,0,0,0,0,0,0,0,0,0,0,0,0,0,0,0,0,0,0,0,0,0,0,0,0,0,0,0,0,0,0,0,0,0,0,0,0,0,0,0,0,0,0,0,0,0,0,0,0,0,0,0,0,0,0,0,0,0,0,0,0,0,0,0,0,0,0,0,0,0,0,0,0,0,0,0,0,0,0,0,0,0,0,0,0,0,0,0,0,0,0,0,0,0,0,0,0,0,0,0,0,0,0,0,0,0,0,0,0,0,0,0,0,0,0,0,0,0,0,0,0,0,0,0,0,0,0,0,0,0,0,0,0,0
00a80192730aaf79a2c444d66b6c5ae6,2.2,2,19,73,79,7,19,96,491,2239,366,0,0,2,2,256,13,86,0,1,38,14,1,4,0,0,0,4,1,14,15,9,67,9,134,2,0,0,8,0,1,20,2,3,25,9,0,0,0,0,0,1,0,0,0,3,4,0,0,0,0,0,0,0,0,16,17,4,0,0,0,0,0,0,2,0,0,0,0,0,0,0,0,0,0,1,0,0,0,0,17,0,0,2,0,2,0,111,0,0,21,112,0,2,9,11,0,0,0,0,4,0,7,8,0,1,1,5,0,0,0,0,0,0,0,0,0,0,0,1,5,3,1,0,0,0,0,0,0,0,0,0,0,0,0,0,1,1,2,1,0,0,0,0,0,0,0,0,0,0,0,0,0,0,0,0,0,0,0,0,0,0,0,0,0,0,0,0,0,0,0,0,0,0,0,0,0,0,0,0,0,0,0,0,0,0,0,0,0,0,0,0,0,0,0,0,0,0,0,0,0,0,0,0,0,0,0,0,0,0,0,0,0,0,0,0,0,0,0,0,0,0,0,0,0,0,0,0,0,0,0,0,0,0,0,0,0,0,0,0,0,0,0,0,0,0,0,0,0,0,0,0,0,0,0,0,0,0,0,0,0,0,0,0,0,0,0,0,0,0,0,0,0,0,0,0,0,0,0,0
00aaa82e283450b7940acf8a5a675666,12.8,33,407,1023,307,34,119,602,3786,4166,2801,8,0,45,17,1681,71,44,14,1,378,1048,1,65,0,2,27,13,5,98,98,756,305,51,234,14,4,12,4,8,13,37,6,6,3,57,0,20,0,6,12,0,8,2,2,53,49,2,2,87,0,1,0,1,354,250,137,113,0,6,0,8,0,0,15,0,165,131,8,1,1034,398,485,96,27,30,0,0,0,8,257,4,1,16,2,4,59,650,0,3,39,278,10,2,43,89,0,22,17,0,2,0,34,24,0,0,11,208,0,0,13,97,10,0,0,0,2,0,0,13,28,24,1,0,10,4,23,46,0,0,0,1,0,0,0,0,11,36,9,0,0,0,4,0,0,2,2,0,5,12,0,0,0,0,2,2,0,0,0,0,0,0,0,0,0,0,0,0,0,0,0,0,0,0,0,0,0,0,1,0,0,0,0,0,0,0,0,0,0,0,4,0,0,0,0,0,0,0,0,0,0,0,0,0,0,0,0,0,0,12,0,0,0,5,0,0,0,0,0,0,0,0,0,8,0,2,0,0,0,0,0,0,0,0,0,0,0,0,0,1,0,0,0,0,0,0,0,0,0,0,0,0,1,0,0,0,0,0,0,0,0,0,0,0,0,0,0,0,0,0,0,0,0,0,0,0,0,0,0,0
00aae6c41996b3d1631f605ad783f1f8,6.4,10,26,270,21,9,36,17,98,13,110,1,0,10,0,2731,0,5,1,0,3975,3784,0,1,1,0,0,0,0,4,3,3,14,0,196,0,0,18,0,12,0,3,4,0,202,0,0,0,0,4,11,0,1,0,0,0,8,2,1,23,0,0,0,0,387,11,4,0,0,0,0,0,0,0,0,0,17,20,0,6,1127,448,543,105,5,6,0,2,2,1,12,1,90,100,90,4,85,0,0,0,3,2,1,6,1,1,0,0,1,0,0,0,0,0,0,0,2,5,0,0,0,0,0,0,0,0,0,0,0,0,0,0,0,0,0,0,0,0,0,0,0,0,0,0,1,0,0,0,0,0,0,0,31,14,1,0,0,0,12,12,1,0,0,0,0,0,0,0,0,0,0,0,0,2,0,0,0,0,0,0,0,0,0,0,0,0,0,0,0,0,0,0,0,0,0,0,0,0,0,0,0,0,0,0,0,0,0,0,0,0,0,0,0,0,0,0,0,0,0,0,10349,0,0,0,0,0,0,0,0,0,0,0,0,0,0,0,0,0,0,0,0,0,0,0,0,0,0,0,0,0,0,0,0,0,0,0,0,0,0,0,0,0,0,0,0,0,0,0,0,0,0,0,0,0,0,0,0,0,0,0,0,0,0,0,0,0,0,0,0,0
00ae63b2ac99a95946acb2bc1a9862f0,2.6,14,84,437,275,30,109,332,1835,5506,1299,52,0,7,8,1151,83,132,0,2,267,174,2,14,1,5,11,18,1,43,65,146,269,25,105,12,3,61,2,3,0,74,0,0,0,21,0,2,5,5,15,0,0,0,0,6,32,0,0,0,0,0,0,0,1,114,26,18,6,0,0,0,0,0,1,0,18,15,16,0,2,1060,30,0,0,3,0,1,1,0,113,59,38,50,19,6,117,338,0,2,83,436,0,29,78,91,2,8,3,0,0,0,15,16,4,0,1,4,0,0,112,1,0,0,0,0,0,0,0,2,27,28,4,1,2,38,12,169,5,14,14,1,1,1,1,0,0,0,0,0,0,0,0,0,0,0,0,0,0,0,0,0,0,0,0,0,0,0,0,0,0,0,0,0,0,0,0,0,0,0,0,0,0,0,0,0,0,0,0,0,0,0,0,0,0,0,0,0,0,0,0,0,0,0,0,0,0,0,0,0,0,0,0,0,0,0,0,0,0,0,0,0,0,0,0,0,0,0,0,0,0,0,0,0,0,0,0,0,0,0,0,0,0,0,0,0,0,0,0,0,0,0,0,0,0,0,0,0,0,0,0,0,0,0,0,0,0,0,0,0,0,0,0,0,0,0,0,0,0,0,0,0,0,0,0,0,0,0,0,0
00b2fa6a50ad6652627b3e9336b962c2,2.4,0,54,300,92,13,13,99,593,2324,456,2,0,37,3,312,18,18,0,3,43,13,1,7,0,0,0,14,1,53,6,26,64,9,26,4,0,0,1,9,0,21,0,0,1,9,0,0,0,2,2,1,0,0,0,3,12,0,0,0,0,0,0,0,727,18,12,11,0,0,0,13,0,0,1,0,2,0,0,0,0,0,0,0,0,22,0,0,0,0,17,0,0,1,1,2,0,111,0,0,19,175,2,4,15,20,0,0,0,0,0,0,10,8,0,0,0,3,0,0,0,0,50,0,0,0,0,0,1,1,13,7,2,0,1,0,6,12,0,0,0,0,0,0,0,0,0,0,0,0,0,0,0,0,0,0,0,0,7,19,0,0,0,1,2,2,1,0,0,0,0,0,0,0,0,0,0,4,0,0,2,0,0,0,3,0,0,0,0,0,0,0,0,0,0,0,0,0,0,0,0,0,0,0,0,0,0,0,0,0,0,0,0,0,0,0,0,0,0,0,0,727,1,0,0,0,0,0,0,0,0,0,0,0,0,0,0,0,0,0,0,0,0,0,0,0,0,0,0,0,0,0,0,0,0,0,0,0,0,0,0,0,0,0,0,0,0,0,0,0,0,0,0,0,0,0,0,0,1,0,0,0,0,0,0,0,0,0,0,0
00b26c8964bf6c20183d13867e6dbcb0,1.8,0,25,222,9,3,4,1,0,0,0,1,0,0,0,29,62,68,1,0,3,3,0,0,0,0,0,0,0,0,2,1,2,0,1,0,0,8,0,0,0,0,0,0,0,0,0,0,0,0,0,1,0,0,0,3,2,0,0,0,0,0,0,0,0,0,0,0,0,0,0,0,0,0,0,0,0,0,0,0,0,1,0,0,0,2,0,0,0,0,0,0,0,0,0,4,0,0,0,0,0,0,0,4,1,1,0,0,1,0,0,0,1,0,0,0,1,0,0,0,0,0,0,0,0,0,0,0,0,0,0,0,0,0,0,0,0,0,0,0,0,0,0,0,0,1,0,0,0,0,0,1,31,0,0,0,0,0,0,0,0,0,0,0,0,0,0,0,0,0,0,0,0,0,0,0,0,0,0,0,0,0,0,0,0,0,0,0,0,0,0,0,0,0,0,0,0,0,0,0,0,0,0,0,0,0,0,0,0,0,0,0,0,0,0,0,0,0,0,0,0,0,0,0,0,0,0,0,0,0,0,0,0,0,0,0,0,0,0,0,0,0,0,0,0,0,0,0,0,0,0,0,0,0,0,0,0,0,0,0,0,0,0,0,0,0,0,0,0,0,0,0,0,0,0,0,0,0,0,0,0,0,0,0,0,0,0,0,0,0
00b35ea8173b4f5116e599d9f80e3611,8.2,0,29,239,33,7,29,30,150,229,131,2,0,8,2,1058,3,12,1,0,154,660,0,11,1,0,0,0,0,70,6,7,22,0,2,2,0,14,0,0,0,3,4,2,19,0,0,7,0,3,0,4,1,0,0,23,18,2,1,10,0,0,0,0,7,0,20,0,0,0,0,2,0,0,0,0,692,700,18,0,0,0,0,0,0,2,0,27,32,0,0,0,0,0,0,4,0,0,0,0,1,0,5,4,8,9,0,0,7,12,0,8,3,0,0,15,3,10,0,0,23,0,0,0,0,1,1,0,0,0,0,0,0,2,0,4,0,0,0,0,0,0,0,0,3,1,0,0,0,0,0,0,31,9,1,0,0,0,3,3,1,0,0,0,13,2,0,0,0,0,0,0,0,2,0,0,0,0,0,0,0,0,0,0,0,0,0,0,0,0,0,0,0,0,0,0,0,0,0,4,0,0,0,0,0,0,0,0,0,0,0,0,0,0,0,0,0,0,0,0,0,0,0,0,0,0,0,0,0,0,0,0,0,0,0,0,0,0,0,0,0,0,0,0,0,0,0,0,0,0,0,0,0,0,0,0,0,0,0,0,0,0,0,0,0,0,0,0,0,0,0,0,0,0,0,0,0,0,0,0,0,0,0,0,0,0,0,0,0,0
00b3975f09b5c3fa3ff7a62db0033850,5.2,0,22,295,28,12,37,1,9,8,31,2,0,44,0,10,2,5,1,0,1,0,0,5,1,2,1,0,0,2,0,0,3,0,1,2,0,16,0,4,0,0,0,0,1,0,0,1,0,1,0,0,0,0,0,1,4,0,0,0,0,0,0,0,1,3,0,1,0,0,0,0,0,0,1,0,2,16,0,0,0,0,0,0,0,0,0,0,0,0,0,0,0,0,0,0,0,0,0,0,0,0,2,0,2,4,0,0,0,0,0,0,0,0,0,0,0,0,0,0,0,0,10,0,0,0,0,0,0,0,0,0,0,0,0,0,0,0,0,0,0,0,0,0,0,0,0,0,0,0,0,0,0,0,0,0,1,0,5,12,0,0,0,1,2,2,0,0,0,0,0,0,0,0,0,0,0,0,0,0,0,0,0,0,0,18,0,11,0,0,0,0,0,0,0,0,0,0,0,0,0,1,0,6,0,0,2,0,0,0,0,0,0,0,0,0,0,0,0,0,0,0,1,0,0,0,0,0,0,2,0,1,0,0,0,0,0,0,0,0,0,0,0,0,0,0,0,0,0,0,0,0,0,0,0,0,0,2,0,0,0,0,0,0,0,0,0,0,0,0,0,0,0,0,0,0,0,0,0,0,0,0,0,0,0,0,0,0,0,0
00be655ad247b27495443d97ffc181d9,5.4,2,25,110,94,8,44,98,567,2257,468,1,0,3,2,476,16,79,0,2,43,20,2,9,0,0,0,4,1,134,87,12,97,9,669,2,0,2,61,30,0,27,15,3,140,9,0,4,0,2,28,1,0,0,0,9,10,3,3,123,0,0,0,0,2,17,17,3,0,0,0,0,0,0,1,0,2,2,0,0,0,0,0,0,0,12,25,0,0,0,20,0,2,4,2,3,0,111,0,0,33,112,0,4,11,13,0,0,2,0,4,0,20,8,0,1,2,37,5,0,46,0,0,0,0,0,0,0,0,3,5,6,1,0,1,0,23,22,0,0,0,0,0,0,0,0,0,0,0,1,0,0,0,0,0,0,0,0,17,17,0,0,0,0,0,0,0,0,0,0,0,0,0,9,0,0,0,0,0,0,0,0,0,0,0,0,0,0,0,0,0,0,0,0,0,0,0,0,0,0,0,0,0,0,0,0,0,0,0,0,0,0,0,0,0,0,0,0,0,0,0,0,0,0,0,0,0,0,0,0,0,0,0,129,0,0,0,0,0,0,0,0,0,0,0,0,0,0,0,0,0,0,0,0,0,0,0,0,0,0,0,0,0,0,0,0,0,0,0,0,0,0,0,0,0,0,0,0,0,0,0,0,0,0,0,0,0,0,0,0
1a58b97f09505a6969b10e9dc030c970,1.2,0,19,367,10,3,4,4,5,4,9,1,0,3,0,28,1,4,1,1,6,5,1,2,1,1,2,2,0,0,0,1,1,1,1,0,0,2,0,0,0,0,0,0,0,0,0,0,0,0,0,0,0,0,0,3,1,0,0,0,0,0,0,0,0,0,0,0,0,0,0,0,0,0,0,0,0,0,0,0,0,0,0,0,0,0,0,0,0,0,0,0,0,0,0,0,0,0,0,0,0,0,0,0,0,0,0,0,0,0,0,0,0,0,0,0,0,0,0,0,0,0,0,0,0,0,0,0,0,0,0,0,0,0,0,0,0,0,0,0,0,0,0,0,0,0,0,0,0,0,0,0,0,0,0,0,0,0,0,0,0,0,0,0,0,0,0,0,0,0,0,0,0,0,0,0,0,0,0,0,0,0,0,0,0,0,0,0,0,0,0,0,0,0,0,0,0,0,0,0,0,0,0,0,0,0,0,0,0,0,0,0,0,0,0,0,0,0,0,0,0,0,0,0,0,0,0,0,0,0,0,0,0,0,0,0,0,0,0,0,0,0,0,0,0,0,0,0,0,0,0,0,0,0,0,0,0,0,0,0,0,0,0,0,0,0,0,0,0,0,0,0,0,980,0,0,0,0,0,0,0,0,0,0,0,0,0,0,0,0
00c03e47023be97861f53b0a05d1c0c8,4.6,13,70,423,36,16,25,26,337,868,272,1,0,2,1,215,12,6,0,1,31,12,0,5,2,0,0,6,1,28,3,4,16,1,3,2,0,38,1,1,1,5,0,0,1,0,0,3,0,0,0,0,2,0,0,6,6,2,0,0,0,0,0,0,11,13,1,4,2,0,0,0,0,0,0,0,0,0,0,2,0,84,0,0,0,191,0,0,0,0,11,0,0,13,0,11,10,2,0,0,6,7,0,12,7,13,1,1,4,0,0,0,13,8,0,0,0,0,0,0,0,0,0,0,0,0,0,0,0,1,8,1,0,0,1,0,0,0,0,0,0,0,0,0,0,1,0,0,0,0,0,0,93,4,0,1,1,0,24,24,2,52,0,0,0,0,0,0,0,0,0,0,0,0,0,0,0,0,0,0,0,0,0,0,0,0,0,0,0,0,0,0,0,0,0,0,0,0,0,0,0,0,0,0,0,0,0,0,0,0,0,0,0,0,0,0,0,0,0,0,0,0,0,0,0,0,0,0,0,0,0,0,0,0,0,0,0,0,0,0,0,0,0,0,0,0,0,0,0,0,0,0,0,0,0,0,0,0,0,0,0,0,0,0,0,0,0,0,0,0,0,0,0,0,0,0,0,0,0,0,0,0,0,0,0,0,0,0,0,0
00c3a93bad6ae2d3b082aabe3098b904,2.2,0,207,0,230,0,0,0,0,0,0,0,0,0,0,0,0,0,0,0,0,0,0,0,0,18,0,0,0,0,0,0,371,0,0,0,0,84,0,0,0,0,0,0,69,0,0,1,0,0,0,0,0,0,0,0,0,0,0,0,0,0,0,0,5,107,0,49,0,0,0,0,0,0,0,0,0,0,0,0,0,0,0,0,0,0,0,0,0,0,91,0,0,0,0,0,0,0,0,0,284,0,0,0,0,0,0,0,0,0,0,0,0,0,0,0,0,0,0,0,0,0,0,0,0,0,0,0,0,4,0,0,0,0,0,0,0,0,0,0,0,2,0,0,0,0,0,6,0,0,0,0,0,0,0,0,0,0,0,0,0,0,0,0,0,0,0,0,0,0,0,0,0,0,0,0,0,0,0,0,0,1,0,0,0,0,0,0,0,0,0,0,0,0,0,0,0,0,0,0,0,0,0,0,0,0,0,0,0,0,0,0,0,0,0,0,0,0,0,0,0,0,0,0,0,0,0,0,0,0,0,0,0,0,0,0,0,0,0,0,0,0,0,0,0,0,0,0,0,0,0,0,0,0,0,0,0,0,0,0,0,0,0,0,0,0,0,0,0,0,2,0,0,0,0,0,0,0,0,0,0,0,0,0,0,0,0,0,0,0
00c4fbab0e10b68a77bb7e9289a0d54b,5.4,2,25,110,93,8,44,98,567,2257,468,1,0,3,2,479,16,80,0,2,43,20,2,9,0,0,0,4,1,137,87,12,97,9,669,2,0,2,61,30,0,27,15,3,140,9,0,4,0,2,28,1,0,0,0,9,10,3,3,126,0,0,0,0,2,17,17,3,0,0,0,0,0,0,1,0,2,2,0,0,0,0,0,0,0,12,25,0,0,0,20,0,2,4,2,3,0,111,0,0,33,112,0,4,11,13,0,0,2,0,4,0,20,8,0,1,2,37,5,0,46,0,0,0,0,0,0,0,0,3,5,6,1,0,1,0,23,22,0,0,0,0,0,0,0,0,0,0,0,1,0,0,0,0,0,0,0,0,17,17,0,0,0,0,0,0,0,0,0,0,0,0,0,9,0,0,0,0,0,0,0,0,0,0,0,0,0,0,0,0,0,0,0,0,0,0,0,0,0,0,0,0,0,0,0,0,0,0,0,0,0,0,0,0,0,0,0,0,0,0,0,0,0,0,0,0,0,0,0,0,0,0,0,129,0,0,0,0,0,0,0,0,0,0,0,0,0,0,0,0,0,0,0,0,0,0,0,0,0,0,0,0,0,0,0,0,0,0,0,0,0,0,0,0,0,0,0,0,0,0,0,0,0,0,0,0,0,0,0,0
00c60e1945d9584792f3691b82378bd0,1.4,16,13,122,18,2,7,2,6,4,4,1,1,0,1,27,2,3,0,0,5,4,0,0,0,0,0,0,0,0,0,0,3,0,1,0,0,0,1,0,1,0,0,0,1,0,0,0,0,0,0,0,0,0,0,3,1,0,0,0,0,0,0,0,0,1,0,1,0,0,0,0,0,0,0,0,0,0,0,0,0,6,0,0,0,2,0,0,0,0,1,0,0,6,0,0,2,0,0,0,0,0,0,0,0,1,1,0,1,0,0,0,0,0,0,0,1,0,0,0,0,0,0,0,0,0,0,0,0,0,0,0,0,0,0,0,0,0,0,0,0,1,0,0,0,0,0,0,0,0,0,0,0,1,0,0,0,0,0,0,0,0,0,0,0,0,0,0,0,0,0,0,0,0,0,0,0,0,0,0,0,0,0,0,0,0,0,0,0,0,0,0,0,0,0,0,0,0,0,0,0,0,0,0,0,0,0,0,0,0,0,0,0,0,0,0,0,0,0,0,0,0,0,0,0,0,0,0,0,0,0,0,0,0,0,0,0,0,0,0,0,0,0,0,0,0,0,0,0,0,0,0,0,0,0,0,0,0,0,0,0,0,0,0,0,0,0,0,0,0,0,0,0,0,0,0,0,0,0,0,0,0,0,0,0,0,0,0,0,0
00cc6e32ebbd811a8ec3a017c47411f0,2.6,14,84,437,288,30,109,332,1835,5506,1299,52,0,7,8,1152,83,130,0,2,267,174,2,14,1,5,11,15,1,43,65,146,269,25,105,12,3,61,2,3,0,74,0,0,0,21,0,2,5,5,15,0,0,0,0,6,32,0,0,0,0,0,0,0,2,114,26,18,6,0,0,0,0,0,1,0,18,15,16,0,3,1060,30,0,0,3,0,1,1,0,113,59,38,50,19,6,119,338,0,2,83,436,0,29,78,92,2,8,3,0,0,0,15,16,4,0,1,4,0,0,112,1,0,0,0,0,0,0,0,2,30,28,4,1,2,38,12,169,5,14,14,1,1,1,1,0,0,0,0,0,0,0,0,0,0,0,0,0,0,0,0,0,0,0,0,0,0,0,0,0,0,0,0,0,0,0,0,0,0,0,0,0,0,0,0,0,0,0,0,0,0,0,0,0,0,0,0,0,0,0,0,0,0,0,0,0,0,0,0,0,0,0,0,0,0,0,0,0,0,0,0,0,0,0,0,0,0,0,0,0,0,0,0,0,0,0,0,0,0,0,0,0,0,0,0,0,0,0,0,0,0,0,0,0,0,0,0,0,0,0,0,0,0,0,0,0,0,0,0,0,0,0,0,0,0,0,0,0,0,0,0,0,0,0,0,0,0,0,0,0
00cc33352ae8e526f7533119fb823cb1,1.4,1,7,108,6,0,2,5,0,0,0,0,0,0,0,0,0,2,0,0,0,0,0,0,0,0,1,2,0,0,0,0,0,0,0,0,0,2,0,0,0,0,0,0,0,0,0,0,0,0,0,0,0,0,0,0,0,0,0,0,0,0,0,0,0,0,0,0,0,0,0,0,0,0,0,0,0,0,0,0,0,0,0,0,0,0,0,0,0,0,0,0,0,0,0,0,0,0,0,0,0,0,0,0,0,0,0,0,1,0,0,0,0,0,0,0,0,0,0,0,0,0,0,0,0,0,0,0,0,0,0,0,0,0,0,0,0,0,0,0,0,0,0,0,0,0,0,0,0,0,0,0,0,0,0,0,0,0,0,0,0,0,0,0,0,0,0,0,0,0,0,0,0,0,0,0,0,0,0,0,0,0,0,0,0,0,0,0,0,0,0,0,0,0,0,0,0,0,0,0,0,0,0,0,1,0,0,0,0,0,0,0,0,0,0,0,0,0,0,0,0,0,0,0,0,0,0,0,0,0,1,0,0,0,0,0,0,0,0,0,0,0,0,0,0,0,0,0,0,0,0,0,0,0,0,0,0,0,0,0,0,0,0,0,0,0,0,0,0,0,0,0,0,0,0,0,0,0,0,0,0,0,0,0,0,0,0,0,0,0
00ce45f73fa3bdbb862357983ce8989d,1.4,0,1,211,8,0,17,2,12,4,12,1,0,0,1,36,0,3,0,0,2,2,0,0,0,0,0,0,0,0,8,13,2,0,0,0,0,7,0,1,0,0,0,0,0,0,0,0,0,0,2,0,0,0,0,3,2,0,0,0,0,0,0,0,0,0,3,0,0,0,0,0,0,0,0,0,0,0,0,0,0,0,0,0,0,2,0,0,0,0,0,0,0,0,0,4,0,0,0,0,0,0,0,0,1,1,0,0,1,0,0,0,1,0,0,0,0,0,0,0,0,0,0,0,0,0,0,0,0,0,0,2,0,0,0,0,4,60,0,0,0,0,0,0,0,1,0,0,0,0,0,0,0,0,0,0,0,0,0,0,0,0,0,0,0,0,0,0,0,0,0,0,0,0,0,0,0,0,0,0,0,0,0,0,0,0,0,0,0,0,0,0,0,0,0,0,0,0,0,0,0,0,0,0,0,0,0,0,0,0,0,0,0,0,0,0,0,0,0,0,0,0,0,0,0,0,0,0,0,0,0,0,0,0,0,0,0,0,0,0,0,0,0,0,0,0,0,0,0,0,0,0,0,0,0,0,0,0,0,0,0,0,0,0,0,0,0,0,0,0,0,0,0,0,0,0,0,0,0,0,0,0,0,0,0,0,0,0,0,0
00d5e8c917ee36e5a2544bbd4b8681d1,12.2,3,180,6195,285,83,4539,102,178,214,639,20,3,70,13,2505,3,24,5,6,266,521,3,84,6,13,23,15,7,338,31,56,38,3,75,476,10,79,5,440,1,12,1,1,6550,2,1,5,2,46,420,1,70,1,1,2,21,10,10,436,12,6,6,17,688,37,9,57,116,12,8,17,4,4,15,2,898,723,1,6,1336,992,613,119,1,59,3,8,8,5,28,34,134,134,105,8,93,0,6,0,33,9,0,4,17,17,31,225,3,3,18,15,19,24,6,5,3,6,3,0,0,6,6399,1,5,0,0,1,0,0,0,0,0,0,0,0,0,0,0,0,0,0,0,0,0,0,0,0,0,0,0,0,0,0,0,0,0,0,0,0,0,0,0,0,0,0,0,0,0,0,0,0,0,0,0,0,0,0,0,0,0,0,0,0,0,0,0,0,0,0,0,0,0,0,0,0,0,0,0,0,0,0,0,0,0,0,0,0,0,0,0,0,0,0,0,0,0,0,0,0,0,0,0,0,0,0,0,0,0,0,0,0,0,0,0,0,0,0,0,0,0,0,0,0,0,0,0,0,0,0,0,0,0,0,0,0,0,0,0,0,0,0,0,0,0,0,0,0,0,0,0,0,0,0,0,0,0,0,0,0,0,0,0,0,0,0,0,0,0,0
00d6ba82eed3ca0af8cf3a4342014bb1,6.6,14,45593,5764,14,11366,8,1,0,0,11359,1,0,11361,2,1642,2,9,9,1,5,5,0,2,0,1,5682,0,0,0,0,0,5680,0,5677,1,0,3,0,0,0,0,0,1,0,0,0,1,0,3,0,0,0,0,0,3,65,1417,1417,57633,0,0,0,0,7102,0,0,0,0,9,8,0,0,0,0,0,0,2,0,0,0,8,0,0,0,0,0,0,0,0,0,0,0,0,0,0,0,0,0,0,0,0,0,0,3,5,1,0,0,0,0,0,1,0,0,0,5677,0,0,0,0,0,2,0,0,0,0,0,0,0,0,0,0,0,0,1,0,0,0,0,0,0,0,0,0,0,0,0,0,0,0,0,0,0,0,0,0,0,0,4,0,0,0,0,0,0,0,0,0,0,0,0,0,0,0,0,0,0,8,0,0,0,0,0,0,0,0,0,0,0,0,0,0,0,0,0,0,0,0,0,0,0,0,0,0,0,0,0,0,0,0,0,0,0,0,1,0,0,0,0,0,0,0,8,0,0,0,0,0,0,0,0,0,0,0,0,0,0,0,0,0,0,0,0,0,0,0,0,0,0,0,0,0,0,0,0,0,0,0,0,0,0,0,0,0,0,0,0,0,0,0,0,0,0,0,0,0,0,0,0,0,0,0,0,0,0,0,0,0,0
00d7bcafe9e33ede2af6cf91cc33e176,7.4,22,290,6094,451,33,4571,365,836,1273,717,31,0,20,26,1933,20,25,0,9,273,1121,0,82,11,9,15,27,8,52,56,126,118,16,73,129,0,38,5,43,1,23,0,0,1,19,0,12,0,15,38,0,2,0,0,2,41,231,229,12248,0,0,0,1,1348,172,4,182,2,0,0,18,0,0,33,0,1331,942,0,17,80,208,48,8,2,261,9,22,22,11,150,109,160,173,105,21,40,20,22,7,78,58,0,21,48,62,2,10,13,11,59,45,55,64,13,6,8,60,6,2,0,9,0,0,0,0,0,0,0,1,8,7,0,0,1,0,0,0,0,0,0,0,0,0,0,0,0,5,0,0,0,0,93,10,0,1,1,0,37,37,2,48,6,0,0,0,0,0,0,0,0,0,0,0,0,0,0,0,0,0,0,0,0,0,0,0,0,0,0,0,0,0,0,0,0,0,0,0,0,0,0,0,0,0,0,0,0,0,0,0,0,0,0,0,0,0,0,0,0,0,0,0,0,0,0,0,0,0,0,0,0,0,0,0,0,0,0,0,0,0,0,0,0,0,0,0,0,0,0,0,0,0,0,0,0,0,0,0,0,0,0,0,0,0,0,0,0,0,0,0,0,0,0,0,0,0,0,0,0,0,0,0,0,0,0,0,0,0,0,0
00d9d5a0319cddef48add9257d4721df,6.0,12,52,281,28,17,14,26,323,860,242,1,0,2,0,351,7,3,0,0,30,11,0,2,2,0,0,3,0,28,3,4,16,1,3,0,0,24,1,1,1,5,0,0,1,0,0,3,0,0,0,0,2,0,0,3,1,209,207,9389,0,0,0,0,218,13,1,4,2,0,0,0,0,0,0,0,0,0,0,2,0,84,0,0,0,188,0,0,0,0,11,0,0,12,0,11,10,2,0,0,6,7,0,12,7,13,1,1,4,0,0,0,7,0,0,0,0,0,0,0,0,0,0,0,0,0,0,0,0,1,8,1,0,0,1,0,0,0,0,0,0,0,0,0,0,0,0,0,0,0,0,0,93,4,0,1,1,0,24,24,2,48,0,0,0,0,0,0,0,0,0,0,0,0,0,0,0,0,0,0,0,0,0,0,0,0,0,0,0,0,0,0,0,0,0,0,0,0,0,0,0,0,0,0,0,0,0,0,0,0,0,0,0,0,0,0,0,0,0,0,0,0,0,0,0,0,0,0,0,0,0,0,0,0,0,0,0,0,0,0,0,0,0,0,0,0,0,0,0,0,0,0,0,0,0,0,0,0,0,0,0,0,0,0,0,0,0,0,0,0,0,0,0,0,0,0,0,0,0,0,0,0,0,0,0,0,0,0,0,0
00d47e7738c972700d66c80d973ca1ba,1.4,2,25,450,19,6,6,6,17,12,19,2,0,3,3,74,3,5,1,1,8,7,1,2,1,1,2,2,1,0,0,1,4,1,4,10,0,11,0,3,0,0,0,0,0,0,0,0,0,0,6,0,6,0,0,3,6,0,0,0,0,0,0,0,0,0,0,0,0,0,0,0,0,0,0,0,0,0,0,0,0,4,0,0,0,1,0,0,0,0,0,0,0,0,0,0,0,0,0,0,0,0,0,0,2,2,0,1,1,0,0,0,7,0,0,0,2,1,0,0,0,0,4,0,0,0,0,0,0,0,0,0,0,0,0,0,0,0,0,0,0,0,0,0,0,0,0,0,0,0,0,0,0,0,0,0,0,0,0,0,0,0,0,0,0,0,0,0,0,0,0,0,0,0,0,0,0,0,0,0,0,0,0,0,0,0,0,0,0,0,0,0,0,0,0,0,0,0,0,0,0,0,0,0,0,0,0,0,0,0,0,0,0,0,0,0,0,0,0,0,0,0,0,0,0,0,0,0,0,0,0,0,0,0,0,0,0,0,0,0,0,0,0,0,0,0,0,0,0,0,0,0,0,0,0,0,0,0,0,0,0,0,0,0,0,0,0,0,0,0,0,0,0,0,0,0,0,0,0,0,0,0,0,0,0,0,0,0,0,0
00d058aaf79abc4cd49524b4394818dd,7.4,4,30,273,59,4,12,2,1,0,3,3,1,1,3,46,1,20,0,1,12,17,0,0,0,1,0,0,0,0,8,43,14,0,5,3,0,12,0,0,0,0,0,1,2,0,0,1,0,0,0,0,4,1,1,3,25,3,3,125,0,0,0,0,3,1,8,0,0,0,0,0,0,0,0,0,0,9,0,0,0,19,0,1,0,0,0,0,0,0,1,0,0,0,0,0,0,0,0,0,3,0,0,0,1,1,0,0,0,0,0,0,1,0,0,10,0,15,0,0,0,156,1,0,0,0,1,0,0,1,0,0,0,0,0,1,0,0,0,0,0,0,0,0,0,0,0,0,0,0,0,0,1,0,0,0,0,0,0,0,0,0,0,0,0,0,0,0,0,0,0,0,0,0,0,0,0,0,0,0,0,0,0,0,0,0,7,0,0,0,0,0,0,0,0,0,0,0,0,0,1,0,0,0,1,0,0,0,0,0,0,0,0,0,0,0,0,0,0,0,0,0,0,0,0,0,0,0,0,0,0,0,0,0,0,0,0,0,0,0,0,0,0,0,0,0,0,0,0,1,0,0,0,0,0,0,0,0,0,0,0,0,0,0,0,0,0,0,0,0,0,0,0,0,0,0,0,0,0,0,0,0,0,0,0,0,0,0,0,0
00e236527d4294fc5a75eb1cbc2eb141,2.6,17,27,459,1172,3,11,0,17,65,15,0,0,0,1,1730,0,1049,1,0,4,2,0,3,1,1,0,0,0,146,146,294,171,0,476,0,2,0,1,0,0,476,0,0,139,0,0,0,0,19,0,0,0,0,0,0,6,0,0,0,0,0,0,0,64279,1,730,0,0,5,4,0,12,0,0,7,0,0,0,291,3,76,12,1,0,0,0,0,0,0,0,0,2,17,0,0,313,0,0,0,654,0,0,0,0,1,0,0,1,0,0,0,1,0,0,5,0,2,137,0,0,0,0,0,0,0,0,0,4,0,1,0,0,0,0,0,0,0,0,0,0,0,0,0,0,0,0,0,0,0,1,0,154,0,0,0,0,0,1,0,0,0,0,0,1,1,0,0,0,0,0,0,0,0,0,0,0,0,0,1008,0,0,0,0,0,0,0,0,0,0,0,0,0,0,0,0,0,0,0,0,2,0,0,0,2,0,0,3,0,0,0,0,0,0,0,0,0,0,0,0,0,0,0,6,0,0,0,0,0,0,0,0,0,0,0,0,0,0,0,0,7,0,0,0,0,0,0,0,0,0,0,0,0,0,0,0,0,0,0,0,0,0,0,0,0,0,0,0,0,0,0,0,0,0,0,0,0,0,0,0,0,0,0,0,0,0,0,0,0,0
00ea535ecc3b6f358b73add6dfade641,3.6,0,6,155,16,1,19,3,4,14,4,0,0,1,0,8070,1,3,0,1,54,24816,1,2,1,1,1,0,0,0,4000,4004,4003,0,7995,2,0,11,1,0,0,1335,1,2664,1,0,0,2,0,1,0,1,0,0,0,2,1,0,0,0,0,0,0,0,0,0,2675,0,0,0,0,0,0,0,0,0,0,0,0,0,0,0,0,0,0,0,0,0,0,0,0,0,0,0,0,0,0,0,0,0,1334,1332,1,0,1,1,0,0,1,0,0,0,0,0,0,14658,1332,29319,0,0,0,0,0,0,0,0,0,0,0,0,0,0,0,0,0,0,0,0,0,0,0,0,0,0,0,0,0,0,0,0,0,1,0,0,1,0,0,0,0,0,0,0,0,0,0,0,0,0,0,1,0,0,0,0,0,0,0,0,0,0,0,0,0,0,0,0,0,0,0,0,0,0,0,0,0,0,0,0,0,0,0,0,0,0,0,0,0,0,0,0,0,0,0,0,0,0,0,0,0,0,0,0,0,0,0,0,2664,0,0,0,0,0,0,0,0,1,0,0,0,0,0,0,0,0,0,0,0,0,0,0,0,0,0,0,0,0,0,0,0,0,0,0,0,0,0,0,0,0,0,0,0,0,0,0,0,0,0,0,0,0,0,0,0,0,0,0,0,0,0,0
00ed79d8ffb56a853365fb673ece1680,6.6,0,3,27,10,1,4,40400,0,0,1,2,0,0,0,9,1,1,1,0,3,3,0,0,0,1,0,0,0,0,0,1,0,0,0,1,0,0,0,0,0,1,1,0,0,0,0,1,0,0,0,0,4,1,1,6,1,1,1,11,0,0,0,0,0,0,2,0,0,0,0,0,1,0,0,0,0,1,0,0,0,0,0,0,0,0,0,0,0,0,0,0,0,33,33,0,0,0,0,0,1,48,0,0,0,0,0,0,2,0,0,0,0,0,0,0,0,0,0,0,0,0,0,0,0,0,0,0,33,0,0,0,0,0,0,0,0,0,0,0,0,0,0,0,0,0,0,0,0,0,0,0,0,0,0,0,0,0,0,1,0,0,0,0,0,0,0,0,0,0,0,0,0,0,0,0,0,0,0,0,0,0,0,0,0,0,2,0,0,0,0,0,0,0,0,0,0,0,0,0,0,0,0,0,0,0,0,0,0,0,0,0,0,0,0,1,0,0,0,0,0,0,0,0,0,0,0,0,0,0,0,0,0,0,0,0,0,0,0,0,1,0,0,0,0,0,0,0,0,0,0,0,0,0,0,0,0,0,0,0,0,0,0,0,0,0,0,0,0,0,0,0,0,0,0,0,0,0,0,0,0,0,0,0,0,0,0,0,0,0
00f1a2c951baaeb34418c67607b70f50,2.4,1,19,408,23,3,9,3,2,1,7,3,0,3,1,777,2,8,1,1,741,1165,1,2,1,1,2,2,0,0,0,1,2,1,1,0,0,11,0,0,0,0,0,0,0,0,0,0,0,1,0,0,6,0,0,3,1,0,0,0,0,0,0,0,1,0,0,0,0,0,0,0,0,0,0,0,0,0,0,0,1,3,0,0,0,0,0,0,0,0,0,0,0,0,0,0,0,0,0,0,0,0,0,0,1,1,0,0,1,0,0,0,1,0,0,0,0,0,0,0,0,0,4,0,0,0,0,0,0,0,0,0,0,0,0,0,0,0,0,0,0,0,0,0,0,0,0,0,0,0,0,1,0,0,0,0,0,0,0,0,0,0,0,0,0,0,0,0,0,0,0,0,0,0,0,0,0,0,0,0,0,0,0,0,0,0,0,0,0,0,0,0,0,0,0,0,0,0,0,0,0,0,0,0,0,0,0,0,0,0,0,0,0,0,0,0,0,0,0,0,0,0,0,0,0,0,0,0,0,0,1,0,0,0,0,0,0,0,0,0,0,0,0,0,0,0,0,0,0,0,0,0,0,0,0,0,0,0,0,0,0,0,0,0,0,0,0,0,0,0,0,0,0,0,0,0,0,0,0,0,0,0,0,0,0,0,0,0,0,0
00f5b7dd67cbb43dc1f03caaf1b702f0,1.4,118,120,524,388,7,42,258,1230,4608,956,3,0,2,10,669,39,145,0,3,155,171,4,17,2,4,1,12,2,34,17,50,145,19,83,8,4,10,2,105,0,49,0,1,3,18,0,2,0,7,14,1,1,0,0,3,42,0,0,0,0,1,0,0,5271,34,23,21,0,0,0,0,0,0,2,0,16,15,0,1,3,427,7,16,0,245,0,0,0,1,37,0,113,168,50,6,183,222,1,0,44,216,0,4,37,46,0,8,2,54,0,0,12,16,0,0,21,21,0,0,0,0,0,0,0,5,5,0,3,3,22,13,2,0,1,1,6,10,0,0,0,1,0,0,0,0,0,0,0,0,0,0,0,4,0,0,0,2,0,0,0,0,0,0,0,0,0,0,0,2,0,0,0,1,0,0,0,0,0,0,0,0,0,0,0,0,0,0,0,0,0,0,0,0,0,0,0,0,0,0,0,0,0,0,1,0,0,0,0,0,0,0,0,0,0,0,0,0,0,0,0,33,0,0,0,0,0,0,0,0,0,0,0,0,0,0,0,0,0,0,0,0,0,0,0,0,0,1,4,0,0,0,0,0,0,0,0,0,0,0,0,0,0,0,0,0,0,0,0,0,0,0,0,0,0,0,0,0,0,0,0,0,0,0,0,0,0,0,0,0
00f5da8b1b4539508a418bda650f68b0,1.2,118,120,524,394,9,42,218,1232,4610,958,3,0,2,12,674,39,143,0,3,157,173,4,15,1,3,1,18,3,34,17,50,145,19,85,10,4,10,2,105,0,49,1,1,3,18,0,2,0,7,14,1,1,0,0,3,42,0,0,0,0,1,0,0,5888,34,23,21,0,0,0,0,0,0,2,0,16,15,0,1,3,456,26,19,0,322,0,0,0,1,37,0,120,171,53,6,304,222,1,0,44,216,0,4,37,45,0,8,2,54,0,0,18,16,0,0,21,23,0,0,0,0,0,0,0,5,5,0,3,3,19,13,2,0,1,1,6,10,0,0,0,1,0,0,0,0,0,0,0,0,0,0,0,4,0,0,0,2,0,0,0,0,0,0,0,0,0,0,0,2,0,0,0,1,0,0,0,0,0,0,0,0,0,0,0,0,0,0,0,0,0,0,0,0,0,0,0,0,0,0,0,0,0,0,1,0,0,0,0,0,0,0,0,0,0,0,0,0,0,0,0,42,0,0,0,0,0,0,0,0,0,0,0,0,0,0,0,0,0,0,0,0,0,0,0,0,0,1,4,0,0,0,0,0,0,0,0,0,0,0,0,0,0,0,0,0,0,0,0,0,0,0,0,0,0,0,0,0,0,0,0,0,0,0,0,0,0,0,0,0
00f8bbe855a32c75f4c0aaf65ff1b950,9.6,4,61,196,17,2,122,1,1,1,4,0,0,2,0,34,5,4,0,0,8,5,0,0,0,1,0,0,0,1,0,2,15,0,5,1,0,2,0,0,0,0,0,0,0,0,0,1,0,0,0,0,5,1,1,4,6,0,0,0,0,0,0,0,0,0,0,1,0,0,0,0,0,0,0,0,0,0,0,0,1,33,0,1,0,0,0,0,0,0,0,0,0,4,0,1,2,0,0,0,2,0,0,3,2,3,0,0,0,0,0,0,2,0,0,1,2,3,0,0,0,0,0,0,0,2,0,0,9,1,1,0,0,0,0,0,0,0,0,0,0,0,0,0,0,0,0,1,0,0,0,0,0,0,0,0,0,0,0,0,0,0,0,0,0,0,0,0,0,0,0,0,0,0,0,0,0,0,0,0,0,0,0,0,0,0,1,0,0,0,0,0,0,0,0,0,0,0,0,0,2,0,0,1,0,0,0,0,0,0,0,0,0,0,0,0,0,0,0,0,0,0,0,0,0,0,0,0,0,0,0,0,0,0,0,0,0,0,0,0,0,0,0,0,0,0,0,0,0,0,0,0,0,0,0,0,0,0,0,0,0,0,0,0,0,0,0,0,0,0,0,0,0,0,0,0,0,0,0,0,0,0,0,0,0,0,0,0,0,0
00f91c3f4a20d1c513aca8cdd3e16680,2.0,0,21,220,10,4,4,1,0,0,1,0,0,2,0,31,0,6,1,2,3,3,0,0,0,0,0,0,0,1,2,1,2,0,0,0,0,4,0,0,0,2,0,0,2,0,0,0,0,0,0,2,0,0,0,3,2,0,0,0,0,0,0,0,0,0,2,0,0,0,0,0,0,0,0,0,0,0,0,0,0,0,0,0,0,2,0,0,0,0,0,0,0,0,0,4,0,0,0,0,2,0,0,4,0,0,0,0,1,0,0,0,0,0,0,0,0,1,0,0,0,0,40,0,0,0,0,0,0,0,0,0,0,0,0,0,0,0,0,0,0,0,0,0,0,1,0,0,0,0,0,1,31,7,1,0,0,0,0,0,0,0,0,0,0,0,0,0,0,0,0,0,0,0,0,0,0,0,0,0,0,0,0,0,0,0,0,0,0,0,0,0,0,0,0,0,0,0,0,0,0,0,0,0,0,0,0,0,0,0,0,0,0,0,0,0,0,0,0,0,0,0,0,0,0,0,0,0,0,0,0,0,0,0,0,0,0,0,0,0,0,0,0,0,0,0,0,0,0,0,0,0,0,0,0,0,0,0,0,0,0,0,0,0,0,0,0,0,0,0,0,0,0,0,0,0,0,0,0,0,0,0,0,0,0,0,0,0,0,0
00f2070a27eddad8b76e740fc9dd1a61,2.6,14,84,437,281,30,109,333,1835,5506,1299,52,0,7,8,1148,83,136,0,2,267,174,2,14,1,5,11,18,1,43,65,146,270,26,102,12,3,61,2,3,0,70,0,0,0,22,0,2,5,5,15,0,0,0,0,6,32,0,0,0,0,0,0,0,2,114,26,18,6,0,0,0,0,0,1,0,18,15,16,0,3,1060,30,0,0,3,0,1,1,0,113,59,38,50,19,6,119,338,0,2,79,436,0,29,78,91,2,8,3,0,0,0,15,16,4,0,1,4,0,0,112,1,0,0,0,0,0,0,0,2,27,28,4,1,2,38,12,169,5,14,14,1,1,1,1,0,0,0,0,0,0,0,0,0,0,0,0,0,0,0,0,0,0,0,0,0,0,0,0,0,0,0,0,0,0,0,0,0,0,0,0,0,0,0,0,0,0,0,0,0,0,0,0,0,0,0,0,0,0,0,0,0,0,0,0,0,0,0,0,0,0,0,0,0,0,0,0,0,0,0,0,0,0,0,0,0,0,0,0,0,0,0,0,0,0,0,0,0,0,0,0,0,0,0,0,0,0,0,0,0,0,0,0,0,0,0,0,0,0,0,0,0,0,0,0,0,0,0,0,0,0,0,0,0,0,0,0,0,0,0,0,0,0,0,0,0,0,0,0,0
1a81407b77c5753ae7fc6d4c1057e68e,1.8,0,21,454,17,3,5,3,2,1,6,1,0,3,0,28,2,5,1,1,6,5,1,2,1,1,2,2,0,0,0,1,3,1,1,0,0,9,0,0,0,0,0,0,1,0,0,0,0,0,0,0,0,0,0,3,1,0,0,0,0,0,0,0,0,0,0,0,0,0,0,0,0,0,0,0,0,0,0,0,1,0,0,0,0,0,0,0,0,0,0,0,0,0,0,0,0,0,0,0,0,0,0,0,0,0,0,0,1,0,0,0,0,0,0,0,0,0,0,0,0,0,0,0,0,0,0,0,0,0,0,0,0,0,0,0,0,0,0,0,0,0,0,0,0,0,0,0,0,0,0,0,0,0,0,0,0,0,0,0,0,0,0,0,0,0,0,0,0,0,0,0,0,0,0,0,0,0,0,0,0,0,0,0,0,0,0,0,0,0,0,0,0,0,0,0,0,0,0,0,0,0,0,0,0,0,0,0,0,0,0,0,0,0,0,0,0,0,0,0,0,0,0,0,0,0,0,0,0,0,0,0,0,0,0,0,0,0,0,0,0,0,0,0,0,0,0,0,0,0,0,0,0,0,0,0,0,0,0,0,0,0,0,0,0,0,0,0,0,0,0,0,0,0,0,0,0,0,0,0,0,0,0,0,0,0,0,0,0,0
00faac7951328980fd09a2d46ca42cc4,4.0,35,255,1936,573,20,1122,519,745,1300,661,37,0,16,31,2331,63,141,1,11,302,1590,0,93,11,11,15,33,10,58,64,145,129,16,33,160,0,38,5,45,1,27,0,0,3,19,0,11,0,17,104,0,0,0,0,12,77,0,0,0,0,0,0,1,915,247,5,181,0,0,0,21,0,0,31,0,1588,1124,0,116,1166,1442,673,119,25,83,11,25,25,13,231,114,169,195,105,17,95,11,26,2,91,68,1,16,48,58,0,11,12,12,67,50,62,80,15,7,7,15,7,10,5,4,0,0,0,0,0,0,0,0,5,7,0,0,0,0,0,0,0,0,0,0,0,0,0,1,0,0,0,0,0,0,31,7,1,1,1,0,0,0,0,0,0,0,0,0,0,0,0,0,0,0,0,0,0,0,0,0,0,0,0,0,0,0,0,0,0,0,0,0,0,0,0,0,0,0,0,0,0,0,0,0,0,0,0,0,0,0,0,0,0,0,0,0,0,0,0,0,0,0,0,0,0,0,0,0,0,0,0,0,0,0,0,0,0,0,0,0,0,0,0,0,0,0,0,0,0,0,0,0,0,0,0,0,0,0,0,0,0,0,0,0,0,0,0,0,0,0,0,0,0,0,0,0,0,0,0,0,0,0,0,0,0,0,0,0,0,0,0,0
00fbcbd669f72cd2dc71ec3a4e971f14,2.8,0,23,393,16,9,3,2,2,1,10,0,0,7,1,30,1,5,1,2,6,4,1,2,1,1,2,2,0,0,0,1,1,1,1,0,0,6,0,0,0,0,0,0,0,0,0,0,0,0,0,0,0,0,0,3,0,0,0,0,0,0,0,0,0,0,0,0,0,0,0,0,0,0,0,0,0,0,0,0,0,3,0,0,0,0,0,0,0,0,0,0,0,0,0,0,0,0,0,0,0,0,0,0,0,1,1,0,0,0,0,0,0,0,0,0,0,0,0,0,0,0,0,0,0,0,0,0,0,0,0,0,0,0,0,0,0,0,0,0,0,0,0,0,0,0,0,0,0,0,0,0,0,0,0,0,0,0,0,0,0,0,0,0,0,0,0,0,0,0,0,0,0,0,0,0,0,0,0,0,0,0,0,0,0,0,0,0,0,0,0,0,0,0,0,0,0,0,0,0,0,0,0,0,0,0,0,0,0,0,0,0,0,0,0,0,0,0,0,0,0,0,0,0,0,0,0,0,0,0,0,0,0,0,0,0,0,0,0,0,0,0,0,0,0,0,0,0,0,0,0,0,0,0,0,0,0,0,0,0,0,0,0,0,0,0,0,0,0,0,0,0,0,0,0,0,0,0,0,0,0,0,0,0,0,0,0,0,0,0
00fbeabd68a647ef625408848c39946c,2.2,2,19,73,63,7,19,98,491,2239,366,0,0,2,2,254,13,63,0,1,38,14,1,5,0,0,0,4,1,14,15,9,69,11,132,2,0,0,8,0,1,16,2,3,25,11,0,0,0,0,0,1,0,0,0,3,4,0,0,0,0,0,0,0,0,16,17,4,0,0,0,0,0,0,2,0,0,0,0,0,0,0,0,0,0,1,0,0,0,0,17,0,0,2,0,2,0,111,0,0,17,112,0,2,9,11,0,0,0,0,4,0,7,8,0,1,1,5,0,0,0,0,0,0,0,0,0,0,0,1,5,3,1,0,0,0,0,0,0,0,0,0,0,0,0,0,1,1,2,1,0,0,0,0,0,0,0,0,0,0,0,0,0,0,0,0,0,0,0,0,0,0,0,0,0,0,0,0,0,0,0,0,0,0,0,0,0,0,0,0,0,0,0,0,0,0,0,0,0,0,0,0,0,0,0,0,0,0,0,0,0,0,0,0,0,0,0,0,0,0,0,0,0,0,0,0,0,0,0,0,0,0,0,0,0,0,0,0,0,0,0,0,0,0,0,0,0,0,0,0,0,0,0,0,0,0,0,0,0,0,0,0,0,0,0,0,0,0,0,0,0,0,0,0,0,0,0,0,0,0,0,0,0,0,0,0,0,0,0,0
0a0a3312bb6916597c63ac3cc9e52564,6.0,96,61,784,115,13,187,402,1317,3146,976,4,1,8,7,1071,35,53,1,3,152,675,3,26,2,21,16,8,2,54,36,66,196,35,206,10,2,78,2,9,6,28,0,1,148,42,0,4,1,1,10,0,0,0,0,14,22,0,0,0,0,0,0,0,433,140,101,17,0,0,0,6,0,0,1,0,450,299,9,11,1108,7246,662,142,27,59,0,1,1,6,143,11,52,133,50,8,8238,142,1,1,37,1299,3,30,27,41,0,2,3,6,1,4,19,16,0,1,0,4,0,0,12,8,0,0,0,0,0,0,0,2,16,14,2,0,1,1,4,6,1,0,0,1,0,0,1,1,1,1,1,0,0,0,0,5,0,1,1,0,0,0,0,0,0,0,0,0,0,0,0,0,0,0,0,0,0,0,74,1,0,0,0,0,0,0,0,0,2,0,0,0,0,0,0,0,0,0,0,0,0,0,0,0,0,3,0,0,0,0,0,0,0,0,0,0,0,0,0,0,0,0,0,9080,0,0,0,0,1,0,0,0,0,0,0,16,0,0,0,0,0,0,0,0,0,0,0,0,0,0,0,0,0,0,0,0,0,0,0,0,0,0,0,0,0,0,0,0,0,0,0,0,0,0,0,0,0,0,0,0,0,0,0,0,0,0,0,0,0,0,0,0
0a0b51cc7c2f01c59e8b45b7a53686cb,6.2,13,101,1031,40,25,20,29,328,863,253,1,0,12,0,394,12,9,0,3,30,11,0,7,2,0,0,3,0,36,4,4,17,1,3,0,0,56,1,1,1,5,0,0,1,0,0,3,0,0,0,0,2,0,0,3,1,224,222,9897,0,0,0,0,230,17,4,4,2,0,0,0,0,0,0,0,0,0,0,2,0,84,0,0,0,188,0,0,0,0,14,0,0,13,0,11,10,2,0,0,6,7,0,12,9,20,1,1,4,0,0,0,6,0,0,0,0,0,0,0,0,0,0,0,0,0,0,0,0,1,8,1,0,0,1,0,0,0,0,0,0,0,0,0,0,0,0,0,0,0,0,0,93,9,0,1,1,0,24,24,2,52,0,0,0,0,0,0,0,0,0,0,0,0,0,0,0,0,0,0,0,0,0,0,0,0,0,0,0,0,0,0,0,0,0,0,0,0,0,0,0,0,0,0,0,0,0,0,0,0,0,0,0,0,0,0,0,0,0,0,0,0,0,0,0,0,0,0,0,0,0,0,0,0,0,0,0,0,0,0,0,0,0,0,0,0,0,0,0,0,0,0,0,0,0,0,0,0,0,0,0,0,0,0,0,0,0,0,0,0,0,0,0,0,0,0,0,0,0,0,0,0,0,0,0,0,0,0,0,0
0a0e76d58e89e5b2a273be91cf798fe0,2.6,14,84,437,307,30,109,332,1835,5506,1298,52,0,7,8,1150,83,100,0,2,267,174,2,14,1,5,11,12,1,43,65,146,269,25,105,12,3,61,2,3,0,74,0,0,0,21,0,2,5,5,15,0,0,0,0,6,32,0,0,0,0,0,0,0,2,114,26,18,6,0,0,0,0,0,1,0,18,15,16,0,2,1060,30,0,0,3,0,1,1,0,113,59,38,50,19,6,117,338,0,2,83,436,0,29,78,91,2,8,3,0,0,0,15,16,4,0,1,4,0,0,112,1,0,0,0,0,0,0,0,2,27,28,4,1,2,38,12,169,5,14,14,1,1,1,1,0,0,0,0,0,0,0,0,0,0,0,0,0,0,0,0,0,0,0,0,0,0,0,0,0,0,0,0,0,0,0,0,0,0,0,0,0,0,0,0,0,0,0,0,0,0,0,0,0,0,0,0,0,0,0,0,0,0,0,0,0,0,0,0,0,0,0,0,0,0,0,0,0,0,0,0,0,0,0,0,0,0,0,0,0,0,0,0,0,0,0,0,0,0,0,0,0,0,0,0,0,0,0,0,0,0,0,0,0,0,0,0,0,0,0,0,0,0,0,0,0,0,0,0,0,0,0,0,0,0,0,0,0,0,0,0,0,0,0,0,0,0,0,0,0
0a1c40057d8d63a14f9057bbc9b79beb,5.4,2,25,110,96,8,44,98,567,2257,468,1,0,3,2,476,16,90,0,2,43,20,2,9,0,0,0,4,1,134,87,12,97,9,669,2,0,2,61,30,0,27,15,3,140,9,0,4,0,2,28,1,0,0,0,9,10,3,3,123,0,0,0,0,2,17,17,3,0,0,0,0,0,0,1,0,2,2,0,0,0,0,0,0,0,12,25,0,0,0,20,0,2,4,2,3,0,111,0,0,33,112,0,4,11,13,0,0,2,0,4,0,20,8,0,1,2,37,5,0,46,0,0,0,0,0,0,0,0,3,5,6,1,0,1,0,23,22,0,0,0,0,0,0,0,0,0,0,0,1,0,0,0,0,0,0,0,0,17,17,0,0,0,0,0,0,0,0,0,0,0,0,0,9,0,0,0,0,0,0,0,0,0,0,0,0,0,0,0,0,0,0,0,0,0,0,0,0,0,0,0,0,0,0,0,0,0,0,0,0,0,0,0,0,0,0,0,0,0,0,0,0,0,0,0,0,0,0,0,0,0,0,0,129,0,0,0,0,0,0,0,0,0,0,0,0,0,0,0,0,0,0,0,0,0,0,0,0,0,0,0,0,0,0,0,0,0,0,0,0,0,0,0,0,0,0,0,0,0,0,0,0,0,0,0,0,0,0,0,0
0a1d6f00dc010d134be073f367903d08,5.0,236,468,4792,2615,358,257,7,613,266,756,59,0,62,16,2559,196,576,0,4,412,530,4,68,0,0,0,48,16,3939,471,242,119,0,210,32,0,295,0,30,0,59,9,63,378,0,0,59,0,0,30,59,0,0,0,175,245,88,88,3939,0,59,0,0,102,66,5,2,2,0,0,0,0,0,0,0,134,98,0,1,0,768,0,58,0,16,0,0,0,0,124,3,0,236,0,3,0,3,0,0,116,3,0,0,121,182,1,0,1,0,4,0,97,128,64,116,61,439,0,0,0,62,5665,0,0,0,116,0,0,60,60,0,0,0,1,59,0,0,0,0,0,0,0,0,0,0,2,60,0,0,0,0,59,0,16,0,0,0,14,14,0,0,0,0,0,0,0,0,0,0,117,0,0,58,59,0,0,0,0,0,0,0,0,0,0,0,0,0,0,0,0,0,0,0,0,0,0,0,0,0,120,0,0,0,2,0,16,1,0,0,0,0,0,6,0,0,0,0,0,0,0,0,0,0,0,0,0,0,0,0,0,0,0,0,0,0,0,0,0,0,0,0,0,0,0,0,0,0,0,0,0,0,0,0,0,0,0,0,0,0,0,0,0,0,0,0,0,0,0,0,0,0,0,0,0,0,0,0,0,0,0,0,0,0,0,0,0,0,0,0
0a1da35b7467688cec0a3633e5cab07f,3.4,0,5,235,10,38,21,2,1,1,38,1,0,3,0,14,0,4,2,0,0,0,0,1,0,0,0,0,0,0,0,0,19,0,79,0,0,4,0,0,0,2,0,0,0,0,0,0,0,0,0,0,0,0,0,0,0,1,1,40,0,0,0,0,1,0,1,0,0,0,0,0,0,0,0,0,0,0,0,0,0,0,0,0,0,0,0,0,0,0,0,0,0,0,0,0,0,0,0,0,2,0,0,0,0,0,0,2,0,0,0,0,0,0,0,2,0,81,0,0,0,0,0,0,0,0,0,0,0,0,0,0,0,0,0,0,0,0,0,0,0,0,0,0,2,0,0,0,0,0,0,0,0,0,0,0,0,0,0,0,0,0,0,0,0,0,0,0,0,0,0,0,0,0,0,0,0,0,0,0,0,0,0,0,0,0,0,0,0,0,0,0,0,0,0,0,0,0,0,0,0,0,0,0,0,0,0,0,0,0,0,0,0,0,0,0,0,0,0,0,0,0,0,0,0,0,0,0,0,0,0,0,0,0,1,0,0,0,0,0,0,0,0,0,0,0,0,0,0,0,0,0,0,0,0,0,0,0,0,0,0,0,0,0,0,0,0,0,0,0,0,0,0,0,0,0,0,0,0,0,0,0,0,0,0,0,0,0,0,0
0a1f0ae5b7b516b53eca0dd232988230,1.2,0,0,4,0,0,0,0,0,0,0,0,0,0,0,1,0,0,0,0,0,0,0,0,0,0,0,0,0,0,0,0,1,0,0,0,0,0,0,0,0,0,0,0,1,0,0,0,0,0,0,0,0,0,0,1,0,0,0,0,0,0,0,0,0,0,0,0,0,0,0,0,0,0,0,0,0,0,0,0,0,0,0,0,0,0,0,0,0,0,0,0,0,0,0,0,0,0,0,0,0,0,0,0,0,0,0,0,0,0,0,0,0,0,0,0,0,0,0,0,0,1,0,0,0,0,0,0,0,0,0,0,0,0,0,0,0,0,0,0,0,0,0,0,0,0,0,0,0,0,0,0,0,0,0,0,0,0,0,0,0,0,0,0,0,0,0,0,0,0,0,0,0,0,0,0,0,0,0,0,0,0,0,0,0,0,0,0,0,0,0,0,0,0,0,0,0,0,0,0,0,0,0,0,0,0,0,0,0,0,0,0,0,0,0,0,0,0,0,0,0,0,0,0,0,0,0,0,0,0,0,0,0,0,0,0,0,0,0,0,0,0,0,0,0,0,0,0,0,0,0,0,0,0,0,0,0,0,0,0,0,0,0,0,0,0,0,0,0,0,0,0,0,0,0,0,0,0,0,0,0,0,0,0,0,0,0,0,0,0
0a02ffbf85491e7f9fdb4eb7e6ba3570,2.6,14,84,437,302,30,109,338,1837,5507,1301,52,0,7,8,1156,83,170,0,2,267,174,2,15,1,5,11,18,1,43,66,146,272,26,106,12,3,61,2,3,0,74,0,0,0,22,0,2,5,5,15,0,0,0,0,6,32,0,0,0,0,0,0,0,1,115,26,18,6,0,0,0,0,0,1,0,18,15,16,0,4,1088,30,0,0,3,0,1,1,0,114,59,38,50,19,6,119,338,0,2,83,438,0,29,78,91,2,8,3,0,0,0,15,16,4,0,1,4,0,0,112,1,0,0,0,0,0,0,0,2,27,28,4,1,2,38,12,169,5,14,14,1,1,1,1,0,0,0,0,0,0,0,0,0,0,0,0,0,0,0,0,0,0,0,0,0,0,0,0,0,0,0,0,0,0,0,0,0,0,0,0,0,0,0,0,0,0,0,0,0,0,0,0,0,0,0,0,0,0,0,0,0,0,0,0,0,0,0,0,0,0,0,0,0,0,0,0,0,0,0,0,0,0,0,0,0,0,0,0,0,0,0,0,0,0,0,0,0,0,0,0,0,0,0,0,0,0,0,0,0,0,0,0,0,0,0,0,0,0,0,0,0,0,0,0,0,0,0,0,0,0,0,0,0,0,0,0,0,0,0,0,0,0,0,0,0,0,0,0,0
0a2e0bf2dd57cd72007ddc76d04f94d8,4.8,0,1,27,14,0,2,1,0,0,0,0,0,0,0,743,1,1,0,0,740,1185,0,0,0,1,0,0,0,0,0,0,0,0,0,0,0,0,0,0,0,0,0,0,0,0,0,1,0,0,0,0,6,1,1,6,1,0,0,0,0,0,0,0,0,0,0,0,0,0,0,0,0,0,0,0,0,0,0,0,0,0,0,0,0,0,0,0,0,0,0,0,0,79,79,0,0,0,0,0,0,0,0,0,0,0,0,0,1,0,0,0,0,0,0,0,0,0,0,0,0,0,0,0,0,0,0,0,79,0,0,0,0,0,0,0,0,0,0,0,0,0,0,0,0,0,0,0,0,0,0,0,0,0,0,0,0,0,0,0,0,0,0,0,0,0,0,0,0,0,0,0,0,0,0,0,0,0,0,0,0,0,0,0,0,0,0,0,0,0,0,0,0,0,0,0,0,0,0,0,0,0,0,0,0,0,0,0,0,0,0,0,0,0,0,0,0,0,0,0,0,0,0,0,0,0,0,0,0,0,0,0,0,0,0,0,0,0,0,0,0,0,0,0,0,0,0,0,0,0,0,0,0,0,0,0,0,0,0,0,0,0,0,0,0,0,0,0,0,0,0,0,0,0,0,0,0,0,0,0,0,0,0,0,0,0,0,0,0,0
1af7587dd67005f91981695542fd1bd4,4.6,0,7,142,8,3,3,0,1,0,6,0,0,44,0,26,2,2,1,1,6,5,1,3,1,1,2,2,0,0,0,1,1,1,1,0,0,3,0,0,0,0,0,0,0,0,0,1,0,1,0,0,0,1,1,3,5,0,0,0,0,0,0,0,0,0,0,0,0,0,0,0,0,0,1,0,0,0,0,0,0,0,0,0,0,0,0,0,0,0,0,0,0,0,0,0,0,0,0,0,0,0,2,0,0,0,0,0,4,0,0,0,0,0,0,0,0,0,0,0,0,2,10,0,0,0,0,0,0,0,0,0,0,0,0,0,0,0,0,0,0,0,0,0,0,0,0,0,0,0,0,1,0,0,0,0,0,0,5,12,0,0,0,0,2,2,0,0,0,0,0,0,0,0,0,0,0,0,0,0,0,0,0,0,0,0,0,0,1,0,0,0,0,0,0,0,0,0,0,0,0,0,0,0,0,0,0,0,0,0,0,0,0,0,0,0,0,0,0,5,0,0,0,0,0,0,0,0,0,0,0,0,0,0,0,0,0,0,0,0,0,0,0,0,0,0,0,0,0,0,0,0,0,0,0,0,0,0,0,0,0,0,0,0,0,0,0,0,0,0,0,0,0,0,0,0,0,0,0,0,0,0,0,0,0,0,0,0,0,0
0a2f678939992a4236051797c0d86fe9,10.2,5,130,4512,3204,38,2239,53,197,230,480,8,2,30,7,22767,3,4115,6,5,183,299,4,58,5,11,32,6,5,205,10672,10669,16061,9,21371,237,10,351,5,297,1,3558,5,7111,5201,4,3,3,0,31,274,1,408,0,0,2,12,6,6,248,11,2,2,3,468,17,7127,27,36,5,4,2,1,1,5,0,428,349,1,6,1239,792,526,104,0,50,1,4,4,8,15,12,106,110,106,3,85,0,2,0,3556,3562,1,1,3,3,21,160,2,1,6,5,0,0,0,39088,3553,78172,0,0,0,0,5194,1,0,0,0,0,0,0,0,0,3,0,0,0,0,0,0,0,0,0,0,0,0,0,0,0,0,0,0,0,0,0,0,0,0,0,0,0,0,0,0,0,0,0,0,0,0,1,0,0,0,0,0,0,0,0,0,0,0,0,0,0,0,0,0,0,0,0,0,0,0,0,0,0,0,0,0,0,0,0,0,0,1,0,0,0,0,0,0,0,0,0,0,0,0,0,0,0,0,0,0,0,1,1,7106,0,0,0,0,0,0,0,0,0,0,0,0,0,0,0,0,0,0,0,0,0,0,0,0,0,0,0,0,0,0,0,0,0,0,0,0,0,0,0,0,0,0,0,0,0,0,0,0,0,0,0,0,0,0,0,0,0,0,0,0,0,0,0
0a03b1eafeb4c4a6f6b04f507562b1fb,6.4,50,149,1334,633,144,348,50,765,660,739,103,0,250,9,355,19,130,6,0,96,58,10,19,0,7,9,4,1,5,93,242,83,0,65,26,16,3393,4,12,20,18,3,0,10,0,14,0,2,23,6,2,0,0,0,1,23,0,0,0,0,2,4,2,5,18,27,37,0,1,16,41,1,1,25,0,2,0,8,2,0,8971,99,28,0,75,0,1,1,0,6,0,13,60,13,10,7,0,0,2,2,0,2,5,32,44,2,1,2,0,0,0,13,8,0,12,31,50,0,0,162,3,15,0,0,2,0,0,0,2,17,58,0,0,0,42,24,92,1,0,0,1,0,1,1,1,10,57,10,0,0,0,0,1,0,0,2,0,15,21,0,0,0,0,3,3,4,0,0,0,1,17,0,3,0,10,0,15,1,26,8,0,0,0,2,10,0,55,1,1,1,1,1,1,2,0,0,2,0,0,0,0,0,0,2,1,2,3,18,16,2,0,0,0,0,0,0,0,0,0,0,0,0,0,0,0,0,0,0,0,0,0,0,0,0,0,0,0,0,0,0,0,0,0,0,0,0,0,0,0,0,0,0,0,0,0,0,0,0,0,0,0,0,0,0,0,0,0,0,0,0,0,0,0,0,0,0,0,0,0,0,0,0,0,0,0,0,0,0,0
0a03b918736591eada58029dd071cc80,2.4,0,16513,434125,6,0,6,0,2,0,1,0,0,0,0,20,0,4,0,0,5,5,0,1,1,1,0,0,0,0,0,0,3,0,0,0,0,11,1,0,0,0,0,1,1,0,0,1,0,0,1,0,0,0,0,3,1,1,1,40,0,0,0,0,0,0,0,0,0,0,0,0,0,0,0,0,0,0,0,0,0,0,0,0,0,0,0,1,1,0,0,0,5,1,1,0,0,0,0,0,0,0,0,0,2,2,0,0,0,0,0,0,2,0,0,0,0,0,0,0,0,0,0,0,0,0,0,0,0,0,0,0,0,0,0,0,0,0,0,0,0,0,0,0,0,0,0,0,0,0,0,0,0,0,0,0,0,0,0,0,0,0,0,0,0,0,0,0,0,0,0,0,0,0,0,0,0,0,0,0,0,0,0,0,0,0,0,0,0,0,0,0,0,0,0,0,0,0,0,0,0,0,0,0,0,0,0,0,0,0,0,0,0,0,0,0,0,0,0,0,0,0,0,0,0,0,0,0,0,0,0,0,0,0,0,0,0,0,0,0,0,0,0,0,0,0,0,0,0,0,0,0,0,0,0,0,0,0,0,0,0,0,0,0,0,0,0,0,0,0,0,0,0,0,0,0,0,0,0,0,0,0,0,0,0,0,0,0,0,0
0a3bf266e4ad04f95543975e3c625dee,2.6,14,84,437,272,30,109,332,1835,5506,1299,52,0,7,8,1151,83,130,0,2,267,174,2,14,1,5,11,18,1,43,65,146,269,25,105,12,3,61,2,3,0,74,0,0,0,21,0,2,5,5,15,0,0,0,0,6,32,0,0,0,0,0,0,0,1,114,26,18,6,0,0,0,0,0,1,0,18,15,16,0,3,1060,30,0,0,3,0,1,1,0,113,59,38,50,19,6,119,338,0,2,83,436,0,29,78,91,2,8,3,0,0,0,15,16,4,0,1,4,0,0,112,1,0,0,0,0,0,0,0,2,27,28,4,1,2,38,12,169,5,14,14,1,1,1,1,0,0,0,0,0,0,0,0,0,0,0,0,0,0,0,0,0,0,0,0,0,0,0,0,0,0,0,0,0,0,0,0,0,0,0,0,0,0,0,0,0,0,0,0,0,0,0,0,0,0,0,0,0,0,0,0,0,0,0,0,0,0,0,0,0,0,0,0,0,0,0,0,0,0,0,0,0,0,0,0,0,0,0,0,0,0,0,0,0,0,0,0,0,0,0,0,0,0,0,0,0,0,0,0,0,0,0,0,0,0,0,0,0,0,0,0,0,0,0,0,0,0,0,0,0,0,0,0,0,0,0,0,0,0,0,0,0,0,0,0,0,0,0,0,0
0a3c29c21df7a85a11092ca654e11350,5.4,2,25,110,117,8,44,98,567,2257,468,1,0,3,2,479,16,29,0,2,43,20,2,9,0,0,0,4,1,137,87,12,97,9,669,2,0,2,61,30,0,27,15,3,140,9,0,4,0,2,28,1,0,0,0,9,10,3,3,126,0,0,0,0,2,17,17,3,0,0,0,0,0,0,1,0,2,2,0,0,0,0,0,0,0,12,25,0,0,0,20,0,2,4,2,3,0,111,0,0,33,112,0,4,11,13,0,0,2,0,4,0,20,8,0,1,2,37,5,0,46,0,0,0,0,0,0,0,0,3,5,6,1,0,1,0,23,22,0,0,0,0,0,0,0,0,0,0,0,1,0,0,0,0,0,0,0,0,17,17,0,0,0,0,0,0,0,0,0,0,0,0,0,9,0,0,0,0,0,0,0,0,0,0,0,0,0,0,0,0,0,0,0,0,0,0,0,0,0,0,0,0,0,0,0,0,0,0,0,0,0,0,0,0,0,0,0,0,0,0,0,0,0,0,0,0,0,0,0,0,0,0,0,129,0,0,0,0,0,0,0,0,0,0,0,0,0,0,0,0,0,0,0,0,0,0,0,0,0,0,0,0,0,0,0,0,0,0,0,0,0,0,0,0,0,0,0,0,0,0,0,0,0,0,0,0,0,0,0,0
0a3ce6edebc77bd1a5cbab31b156b620,1.6,228,13,1472,18,4,1358,2,5,4,4,1,1,0,1,27,2,2,0,0,5,4,0,0,0,0,0,0,0,0,0,0,3,0,1,0,0,0,1,0,1,0,0,0,1,0,0,0,0,0,0,0,0,0,0,3,1,0,0,0,0,0,0,0,0,1,0,1,0,0,0,0,0,0,0,0,0,0,0,0,0,6,0,0,0,2,0,0,0,0,1,0,0,6,0,0,2,0,0,0,0,0,0,0,0,1,1,0,1,0,0,0,0,0,0,0,1,0,0,0,0,0,0,0,0,0,0,0,0,0,0,0,0,0,0,0,0,0,0,0,0,1,0,0,0,0,0,0,0,0,0,0,0,1,0,0,0,0,0,0,0,0,0,0,0,0,0,0,0,0,0,0,0,0,0,0,0,0,0,0,0,0,0,0,0,0,0,0,0,0,0,0,0,0,0,0,0,0,0,0,0,0,0,0,0,0,0,0,0,0,0,0,0,0,0,0,0,0,0,0,0,0,0,0,0,0,0,0,0,0,0,0,0,0,0,0,0,0,0,0,0,0,0,0,0,0,0,0,0,0,0,0,0,0,0,0,0,0,0,0,0,0,0,0,0,0,0,0,0,0,0,0,0,0,0,0,0,0,0,0,0,0,0,0,0,0,0,0,0,0
0baa3ee7e87c3ddce1c5e1c529cb12fb,6.4,79,132,1079,239,121,60,447,1424,2801,1239,5,17,172,7,3462,32,73,0,1,103,792,1,33,1,1994,19,5,1,65,363,80,363,31,692,37,3,3,16,42,2,38,35,4,41,38,0,0,5,1998,17,3,0,0,0,0,26,2,2,80,0,1,0,1,4275,166,81,1101,6,2,1,35,2,2,3,0,914,594,8,10,1250,11339,2297,1525,5,77,0,2,2,6,158,11,123,203,123,6,129,125,0,2,49,256,3,18,41,49,0,2,0,10,1,0,9,8,0,0,42,63,2,0,135,0,18,0,0,2,0,0,6,3,9,9,3,0,0,3,15,12,5,0,0,1,0,0,0,0,0,5,0,0,0,0,54,0,0,1,1,0,9,17,0,0,0,11,2,2,2,0,0,1,0,16,0,35,0,2,0,6,2,28,2,0,0,0,32,21,0,55,1,1,1,1,1,1,1,1,1,0,0,0,0,0,0,0,0,0,0,0,0,1,0,0,0,0,0,0,0,0,0,0,0,0,11,0,0,0,0,0,0,0,0,11,10,0,2,0,0,0,0,0,0,0,0,0,0,0,0,0,0,1,0,0,0,0,0,0,0,0,0,0,0,0,0,0,0,0,0,0,0,0,0,0,0,0,0,0,0,0,0,0,0,0,0,0,0,0,0,0,0,0
0bae9b8b476e8662ec3f041b70387742,5.8,108,180,2501,179,127,70,450,1400,2796,1213,6,14,202,9,1378,32,131,0,1,99,709,1,34,1,13,13,4,1,55,348,88,352,35,437,31,5,8,12,17,2,38,33,4,39,42,0,1,6,17,13,3,0,0,0,2,25,0,0,0,0,1,0,1,2628,163,78,1069,6,5,0,31,1,1,2,0,769,496,8,8,1159,11475,2094,1263,2,26,0,1,1,5,153,9,56,163,56,7,118,125,0,1,49,256,3,22,37,45,0,2,0,10,1,0,11,8,0,0,33,64,2,0,135,0,23,0,0,2,0,0,6,6,10,9,3,0,0,3,12,12,6,0,0,1,0,0,0,0,0,5,0,0,0,0,107,0,0,1,1,0,12,23,0,0,0,11,2,2,3,0,0,1,1,25,0,33,0,2,0,9,1,27,2,0,0,0,27,21,0,55,1,1,1,2,2,2,0,0,0,0,0,0,0,0,0,0,0,0,0,0,0,0,0,0,0,0,0,0,0,0,0,0,0,0,11,0,0,0,0,0,0,0,0,11,10,0,2,0,0,0,0,0,0,0,0,0,0,0,0,0,0,1,0,0,0,0,0,0,0,0,0,0,0,0,0,0,0,0,0,0,0,0,0,0,0,0,0,0,0,0,0,0,0,0,0,0,0,0,0,0,0,0
0bae5975acce058f46e8fb1cf2649280,5.8,228,180,2512,180,80,68,449,1386,2790,1153,6,19,152,9,3231,32,77,0,1,98,708,1,32,1,1780,18,4,1,67,315,118,363,35,489,37,4,8,12,17,2,38,28,5,37,42,0,1,5,1784,13,3,0,0,0,2,24,0,0,0,0,1,0,1,4006,165,93,90,6,0,0,18,0,0,2,0,776,503,8,8,1055,1863,2391,2297,3,59,0,1,1,5,154,9,55,282,55,7,108,125,0,1,59,266,3,22,44,52,0,3,0,10,1,0,11,8,0,0,48,91,2,0,135,0,23,0,0,2,0,0,6,6,7,9,3,0,0,3,8,12,5,0,0,1,0,0,0,0,0,5,0,0,0,0,107,1,0,1,1,0,10,23,0,0,0,20,2,2,1,0,0,1,1,0,0,28,0,0,0,4,0,0,2,0,0,0,60,21,0,13,0,0,0,0,0,0,0,0,0,0,0,0,0,0,0,3,0,0,0,0,0,0,0,0,0,0,0,0,0,0,0,0,0,0,20,0,0,0,0,0,0,0,0,36,24,0,2,0,0,0,0,0,0,0,0,0,0,0,0,0,0,1,0,0,0,0,0,1,0,0,0,0,0,0,0,0,0,0,0,0,0,0,0,0,0,0,0,0,0,0,0,0,0,0,0,0,0,0,0,0,0,0
0bb9cb526ca940b4bfd28ce1c75689ed,5.4,270,156,9252,233,78,6096,444,1396,2795,1162,6,19,195,9,2983,32,117,0,2,111,720,16,33,1,1502,81,7,1,59,317,118,356,35,878,30,4,4,13,17,2,38,29,5,54,42,0,2,5,1510,13,5,0,0,0,2,26,0,0,0,0,1,0,1,3797,165,93,89,6,0,0,18,0,0,2,0,770,498,8,8,1032,1907,3197,2375,4,59,0,1,1,5,153,9,55,324,55,7,108,125,0,1,63,270,3,22,38,47,1,2,0,10,1,0,11,16,0,0,38,101,2,0,135,0,23,0,0,2,0,0,6,6,7,9,3,0,1,3,8,12,5,0,0,1,0,0,0,0,0,5,0,0,0,0,107,1,0,1,1,0,7,17,0,0,0,19,2,2,1,0,0,1,1,0,0,29,0,0,0,4,0,0,2,0,0,0,58,23,0,13,0,0,0,0,0,0,0,0,0,0,0,0,0,0,0,3,0,0,0,0,0,0,0,0,0,0,0,0,0,0,0,0,0,0,19,0,0,0,0,0,0,0,0,31,24,0,2,0,0,0,0,0,0,0,0,0,0,0,0,0,0,2,0,0,0,0,0,1,0,0,0,0,0,0,0,0,0,0,0,0,0,0,0,0,0,0,0,0,0,0,0,0,0,0,0,0,0,0,0,0,0,0
0bb2867c12232e902b63362a775aa603,5.8,210,181,2516,237,80,67,432,1388,2790,1155,6,19,164,9,3093,36,68,0,1,98,690,1,37,1,1686,18,4,1,67,316,122,352,32,483,37,4,8,12,17,2,38,28,5,37,39,0,1,5,1690,13,3,0,0,0,2,24,0,0,0,0,1,0,1,3684,162,92,476,6,2,0,18,0,0,2,0,751,492,8,8,1066,5679,2193,2295,3,59,0,1,1,5,151,9,55,264,55,7,118,127,0,1,59,258,4,22,44,56,0,2,0,10,1,0,11,8,0,0,48,91,2,0,135,0,23,0,0,2,0,0,6,6,7,9,3,0,0,3,8,12,5,0,0,1,0,0,0,0,0,5,0,0,0,0,107,1,0,1,1,0,10,23,0,0,0,17,2,2,1,0,0,1,1,0,0,28,0,0,0,4,0,0,2,0,0,0,49,21,0,13,0,0,0,0,0,0,0,0,0,0,0,0,0,0,0,3,0,0,0,0,0,0,0,0,0,0,0,0,0,0,0,0,0,0,17,0,0,0,0,0,0,0,0,27,19,0,2,0,0,0,0,0,0,0,0,0,0,0,0,0,0,1,0,0,0,0,0,1,0,0,0,0,0,0,0,0,0,0,0,0,0,0,0,0,0,0,0,0,0,0,0,0,0,0,0,0,0,0,0,0,0,0
0bbeaaf877b5a9cca3b90cdda4f484f4,6.6,187,194,1968,292,82,94,512,1483,2845,1229,12,19,154,16,3067,34,98,0,3,172,820,1,46,3,1274,17,10,3,63,334,158,384,36,493,70,4,8,12,19,2,44,28,6,38,43,0,3,5,1280,17,4,0,0,0,7,35,0,0,0,0,1,0,1,3338,187,92,111,14,0,0,24,0,0,10,0,1037,689,8,12,940,1727,2033,2047,6,65,2,5,5,7,176,29,74,258,56,9,122,125,4,1,81,276,4,26,52,61,0,4,2,12,13,10,23,24,4,2,42,142,4,0,135,4,23,0,0,2,0,0,4,6,8,9,3,0,0,3,8,12,5,0,0,1,0,0,0,0,0,5,0,0,0,0,107,2,0,1,1,0,10,23,0,0,0,17,2,2,1,0,0,1,1,0,0,28,0,0,0,4,0,0,2,0,0,0,51,21,0,13,0,0,0,0,0,0,0,0,0,0,0,0,0,0,0,3,0,0,0,0,0,0,0,0,0,0,0,0,0,0,0,0,0,0,17,0,0,0,0,0,0,0,0,29,21,0,2,0,0,0,0,0,0,0,0,0,0,0,0,0,0,1,0,0,0,0,0,1,0,0,0,0,0,0,0,0,0,0,0,0,0,0,0,0,0,0,0,0,0,0,0,0,0,0,0,0,0,0,0,0,0,0
0bce46bed2e595d499bee89f294584b6,6.6,196,220,2659,327,82,87,520,1355,2810,1120,14,19,166,15,4091,32,54,0,3,165,1203,1,54,3,2330,18,10,3,71,328,152,368,31,486,77,4,10,12,12,2,44,28,5,37,38,0,3,5,2336,11,3,0,0,0,4,33,0,0,0,0,1,0,1,3564,242,92,114,6,2,0,24,0,0,8,0,1112,742,8,4,1027,1721,2140,2266,2,59,2,4,4,10,225,32,28,221,10,9,53,123,4,1,79,264,2,22,53,61,0,5,2,12,13,10,23,24,4,2,50,95,4,0,135,4,23,0,0,2,0,0,6,6,7,9,3,0,0,3,8,12,5,0,0,1,0,0,0,0,0,5,0,0,0,0,107,1,0,1,1,0,10,23,0,0,0,13,2,2,1,0,0,1,1,0,0,28,0,0,0,4,0,0,2,0,0,0,37,21,0,13,0,0,0,0,0,0,0,0,0,0,0,0,0,0,0,3,0,0,0,0,0,0,0,0,0,0,0,0,0,0,0,0,0,0,13,0,0,0,0,0,0,0,0,21,15,0,2,0,0,0,0,0,0,0,0,0,0,0,0,0,0,1,0,0,0,0,0,1,0,0,0,0,0,0,0,0,0,0,0,0,0,0,0,0,0,0,0,0,0,0,0,0,0,0,0,0,0,0,0,0,0,0
0bd61f046f4d99491fa3588dba294e04,5.8,336,180,2542,215,80,66,440,1382,2788,1148,6,19,152,9,1696,32,62,0,1,97,708,1,35,1,201,18,5,1,67,315,118,361,35,489,37,4,8,12,17,2,38,28,5,37,42,0,1,5,204,13,3,0,0,0,2,23,0,0,0,0,0,0,1,3958,163,93,90,6,2,0,18,0,0,1,0,774,501,8,8,878,2011,3635,2216,5,59,0,1,1,9,152,9,55,390,55,7,108,125,0,1,59,264,3,22,44,52,0,2,0,10,1,0,11,8,0,0,48,91,2,0,135,0,23,0,0,2,0,0,6,6,7,9,3,0,0,3,8,12,5,0,0,0,0,0,0,0,0,5,0,0,0,0,107,1,0,1,1,0,10,23,0,0,0,28,2,2,1,0,0,1,1,0,0,28,0,0,0,4,0,0,2,0,0,0,95,21,0,13,0,0,0,0,0,0,0,0,0,0,0,0,0,0,0,3,0,0,0,0,0,0,0,0,0,0,0,0,0,0,0,0,0,0,28,2,0,0,0,0,0,0,0,55,43,0,2,0,0,0,0,0,0,0,0,0,0,0,0,0,0,1,0,0,0,0,0,1,0,0,0,0,0,0,0,0,0,0,0,0,0,0,0,0,0,0,0,0,0,0,0,0,0,0,0,0,0,0,0,0,0,0
0bd84ba05815c8254909e2d7ef98a8bb,6.4,282,180,2543,171,80,66,487,1383,2787,1158,6,19,152,9,1767,32,76,0,1,97,708,1,30,1,252,17,4,1,59,312,118,383,40,494,30,4,8,11,17,2,38,28,5,37,47,0,1,5,255,13,3,0,0,0,2,24,0,0,0,0,0,0,1,3903,172,93,89,6,2,0,18,0,0,1,0,774,501,8,8,990,2158,3255,2291,7,59,0,1,1,5,161,9,55,336,55,7,118,123,0,1,59,288,3,22,38,46,0,2,0,10,1,0,11,8,0,0,38,91,2,0,135,0,23,0,0,3,1,0,6,6,7,9,3,0,0,3,8,12,5,0,0,0,0,0,0,0,0,5,0,0,0,0,107,1,0,1,1,0,10,23,0,0,0,27,2,2,1,0,0,1,1,0,0,28,0,0,0,4,0,0,2,0,0,0,84,21,0,13,0,0,0,0,0,0,0,0,0,0,0,0,0,0,0,3,0,0,0,0,0,0,0,0,0,0,0,0,0,0,0,0,0,0,27,2,0,0,0,0,0,0,0,41,34,0,2,0,0,0,0,0,0,0,0,0,0,0,0,0,0,1,0,0,0,0,0,1,0,0,0,0,0,0,0,0,0,0,0,0,0,0,0,0,0,0,0,0,0,0,0,0,0,0,0,0,0,0,0,0,0,0
0bdf86dda27dd2f8de0fa1aee63e7896,6.6,252,235,2795,303,76,92,523,1416,2851,1173,14,17,146,17,3444,41,115,0,3,157,849,1,51,3,1574,18,10,3,73,279,154,359,34,442,79,4,10,10,20,2,44,22,5,31,43,0,3,5,1580,33,3,0,0,0,6,41,0,0,0,0,1,0,1,3335,185,91,98,6,0,0,24,0,0,9,0,1201,797,8,13,891,2135,2747,2535,5,67,2,5,5,12,169,31,75,324,57,10,118,123,5,2,81,266,3,24,54,62,0,5,2,14,15,10,23,24,4,2,50,95,4,2,136,2,18,0,0,2,0,0,6,6,7,9,3,0,0,3,8,12,5,0,0,1,0,0,0,0,0,5,0,0,0,0,107,1,0,1,1,0,7,17,0,0,0,17,2,2,1,0,0,1,1,0,0,22,0,0,0,4,0,0,2,0,0,0,51,21,0,13,0,0,0,0,0,0,0,0,0,0,0,0,0,0,0,3,0,0,0,0,0,0,0,0,0,0,0,0,0,0,0,0,0,0,17,0,0,0,0,0,0,0,0,29,21,0,2,0,0,0,0,0,0,0,0,0,0,0,0,0,0,1,0,0,0,0,0,1,0,0,0,0,0,0,0,0,0,0,0,0,0,0,0,0,0,0,0,0,0,0,0,0,0,0,0,0,0,0,0,0,0,0
0be4dad8049d03b3d86674e029f4fab4,6.4,342,2221,4506,204,86,67,465,1562,2881,1305,6,34,132,9,2139,34,72,0,1,113,713,1,30,1,427,17,4,1,59,303,118,395,34,894,31,5,4,10,17,2,38,25,6,37,41,0,1,6,430,13,4,0,0,0,2,23,0,0,0,0,0,0,1,3680,168,122,217,6,0,0,18,0,0,1,0,795,520,8,9,935,3075,6956,2095,43,82,0,1,1,6,157,17,60,401,60,7,130,125,0,2,59,278,3,22,38,48,0,2,0,10,1,0,11,8,0,0,38,94,2,0,135,0,23,0,0,3,1,0,6,6,7,9,3,0,0,3,8,12,6,0,0,0,0,0,0,0,0,5,0,0,0,0,107,3,0,1,1,0,10,23,0,0,0,30,2,2,1,0,0,1,1,0,0,25,0,0,0,4,0,0,2,0,0,0,92,21,0,13,0,0,0,0,0,0,0,0,0,0,0,0,0,0,0,3,0,0,0,0,0,0,0,0,0,0,0,0,0,0,0,0,0,0,30,0,0,0,0,0,0,0,0,50,40,0,2,0,0,0,0,0,0,0,0,0,0,0,0,0,0,1,0,0,0,0,0,1,0,0,0,0,0,0,0,0,0,0,0,0,0,0,0,0,0,0,0,0,0,0,0,0,0,0,0,0,0,0,0,0,0,0
0be5ab4a3013f446d50fd626a903e600,4.6,116,148,1687,176,73,66,318,1023,2477,803,6,19,141,9,2379,23,71,0,1,56,172,1,32,1,1319,18,4,1,62,283,90,316,30,676,34,4,4,10,6,2,30,25,5,34,35,0,1,5,1323,6,3,0,0,0,4,13,0,0,0,0,1,0,0,1890,84,88,79,6,0,0,5,0,0,2,0,483,303,8,2,437,820,858,687,0,56,0,0,0,3,68,0,8,123,10,5,33,123,0,2,43,223,2,12,33,43,0,2,0,6,0,0,11,8,0,0,32,89,0,0,135,0,23,0,0,2,0,0,6,6,6,3,1,0,0,1,8,12,5,0,0,1,0,0,0,0,0,5,0,0,0,0,107,1,0,1,1,0,8,16,0,0,0,3,2,2,0,0,0,1,1,0,0,25,0,0,0,0,0,0,0,0,0,0,3,21,0,13,0,0,0,0,0,0,0,0,0,0,0,0,0,0,0,3,0,0,0,0,0,0,0,0,0,0,0,0,0,0,0,0,0,0,3,0,0,0,0,0,0,0,0,3,0,0,2,0,0,0,0,0,0,0,0,0,0,0,0,0,0,0,0,0,0,0,0,1,0,0,0,0,0,0,0,0,0,0,0,0,0,0,0,0,0,0,0,0,0,0,0,0,0,0,0,0,0,0,0,0,0,0
0be919847b075017f97c6d6bece8c986,6.0,252,156,2508,225,80,96,452,1385,2792,1153,6,20,164,9,3343,32,65,0,1,98,709,1,29,1,1930,17,4,1,59,279,118,351,34,486,30,4,12,9,17,2,38,24,5,33,41,0,1,5,1934,13,3,0,0,0,2,23,0,0,0,0,1,0,1,3612,165,96,92,6,0,0,18,0,0,2,0,783,507,8,8,731,1789,2744,2037,5,61,0,1,1,5,154,9,56,307,56,7,98,127,0,1,59,269,3,22,38,46,0,2,0,10,1,0,11,8,0,0,38,91,2,0,135,2,23,0,0,2,0,0,6,6,7,9,3,0,0,3,8,12,5,0,0,1,0,0,0,0,0,5,0,0,0,0,107,1,0,1,1,0,10,23,0,0,0,42,2,2,1,0,0,1,1,0,0,24,0,0,0,4,0,0,2,0,0,0,96,21,0,13,0,0,0,0,0,0,0,0,0,0,0,0,0,0,0,3,0,0,0,0,0,0,0,0,0,0,0,0,0,0,0,0,0,0,42,2,0,0,0,0,0,0,0,53,16,0,2,0,0,0,0,0,0,0,0,0,0,0,0,0,0,1,0,0,0,0,0,1,0,0,0,0,0,0,0,0,0,0,0,0,0,0,0,0,0,0,0,0,0,0,0,0,0,0,0,0,0,0,0,0,0,0
0bedec3410caeb16658e2589fa13cdbd,3.6,94,132,1636,104,50,50,29,656,465,527,2,16,66,8,399,2,25,0,1,42,21,1,12,1,14,2,4,1,0,232,40,120,1,225,9,5,6,7,10,0,1,25,4,28,1,0,1,4,18,7,3,0,0,0,4,13,0,0,0,0,1,0,0,2044,25,68,40,8,0,0,18,0,0,4,0,6,0,8,2,2,333,4541,2675,1,23,0,0,0,0,20,0,10,103,13,4,18,2,0,2,1,28,2,8,8,12,0,0,0,0,0,0,10,8,0,0,5,79,0,0,135,0,15,0,0,2,0,0,4,6,8,0,0,0,0,0,8,12,4,0,0,1,0,0,0,0,0,5,0,0,0,0,107,2,0,0,0,0,7,19,0,0,0,5,2,2,1,0,0,0,0,0,0,24,0,0,0,4,0,0,2,0,0,0,12,2,0,13,0,0,0,0,0,0,0,0,0,0,0,0,0,0,0,0,0,0,0,0,0,0,0,0,0,0,0,0,0,0,0,0,0,0,5,0,0,0,0,0,0,0,0,5,4,0,2,0,0,0,0,0,0,0,0,0,0,0,0,0,0,0,0,0,0,0,0,0,0,0,0,0,0,0,0,0,0,0,0,0,0,0,0,0,0,0,0,0,0,0,0,0,0,0,0,0,0,0,0,0,0,0
0bf61af99670d037b903b3a4f72ac68e,6.2,307,201,1713,291,88,78,540,1508,2878,1281,13,25,139,13,5048,32,68,0,3,168,927,1,51,3,3051,24,11,3,75,353,152,421,36,588,78,3,7,17,44,2,44,28,6,40,43,0,2,5,3057,21,4,0,0,0,0,47,0,0,0,0,1,0,1,5293,193,103,191,6,1,0,24,0,0,9,0,1297,879,8,12,882,3013,5073,1923,134,123,2,6,6,9,177,37,133,441,115,8,116,123,4,2,81,290,3,20,53,61,0,4,2,12,15,10,21,24,4,2,50,102,4,0,135,4,18,0,0,2,0,0,8,3,7,9,3,0,0,3,8,12,5,0,0,1,0,0,0,13,0,5,0,0,0,0,54,3,0,1,1,0,7,17,0,0,0,18,2,2,1,0,0,1,1,0,0,28,0,0,0,4,0,0,2,0,0,0,55,21,0,13,0,0,0,0,0,0,0,0,0,0,0,0,0,0,0,3,0,0,0,0,0,0,0,0,0,0,0,0,0,0,0,0,0,0,18,1,0,0,0,0,0,0,0,29,24,0,2,0,0,0,0,0,0,0,0,0,0,0,0,0,0,1,0,0,0,0,0,1,0,0,0,0,0,0,0,0,0,0,0,0,0,0,0,0,0,0,0,0,0,0,0,0,0,0,0,0,0,0,0,0,0,0
00a9fa6325d6ac3a75e1f000ed1f0736,5.8,387,199,2523,184,92,68,445,1485,2862,1247,6,25,152,9,3200,32,77,0,1,106,724,1,37,1,1593,18,5,1,67,305,118,366,30,566,38,5,8,11,17,2,38,24,6,36,37,0,1,6,1597,13,4,0,0,0,2,40,0,0,0,0,1,0,1,5447,164,105,157,6,2,0,18,0,0,2,0,831,559,8,8,703,4070,7769,1317,190,75,0,1,1,5,152,13,56,444,56,7,111,123,0,2,59,266,3,22,44,52,0,2,0,10,1,0,11,8,0,0,48,94,2,0,135,0,23,0,0,2,0,0,8,6,7,9,3,0,0,3,8,12,6,0,0,1,0,0,0,17,0,5,0,0,0,0,107,3,0,1,1,0,10,23,0,0,0,26,2,2,1,0,0,1,1,0,0,24,0,0,0,4,0,0,2,0,0,0,76,21,0,13,0,0,0,0,0,0,0,0,0,0,0,0,0,0,0,3,0,0,0,0,0,0,0,0,0,0,0,0,0,0,0,0,0,0,26,0,0,0,0,0,0,0,0,42,33,0,2,0,0,0,0,0,0,0,0,0,0,0,0,0,0,1,0,0,0,0,0,1,0,0,0,0,0,0,0,0,0,0,0,0,0,0,0,0,0,0,0,0,0,0,0,0,0,0,0,0,0,0,0,0,0,0
00b49c2fa022fc1a8102a9bf90c32241,5.2,108,151,1708,178,126,64,274,1396,2795,1204,6,15,159,9,901,20,78,0,1,58,511,1,25,1,13,12,4,1,43,345,76,252,17,644,20,5,4,11,17,2,29,33,4,39,20,0,1,6,16,13,3,0,0,0,2,24,0,0,0,0,0,0,0,2010,133,80,553,6,5,0,18,1,1,1,0,348,238,8,8,813,5931,2149,1410,5,29,0,1,1,5,128,2,51,158,54,5,109,121,0,1,33,179,3,12,20,29,0,2,0,8,1,0,11,8,0,0,21,62,0,0,135,0,23,0,0,2,0,0,6,6,9,6,1,0,0,0,11,12,6,0,0,0,0,0,0,0,0,5,0,0,0,0,107,0,0,1,1,0,8,17,0,0,0,13,2,2,3,0,0,0,1,25,0,33,0,1,0,9,1,22,2,0,0,0,31,21,0,55,1,1,1,2,2,2,0,0,0,0,0,0,0,0,0,0,0,0,0,0,0,0,0,0,0,0,0,0,0,0,0,0,0,0,13,0,0,0,0,0,0,0,0,13,12,0,2,0,0,0,0,0,0,0,0,0,0,0,0,0,0,1,0,0,0,0,0,0,0,0,0,0,0,0,0,0,0,0,0,0,0,0,0,0,0,0,0,0,0,0,0,0,0,0,0,0,0,0,0,0,0,0
1b7f84283c919c32828cfd09d216b425,2.0,0,17,471,11,5,3,2,5,3,8,2,1,3,1,29,1,4,1,4,6,5,1,2,1,1,2,2,0,0,0,1,1,1,1,0,0,6,0,0,0,0,0,0,0,0,0,0,0,0,0,0,0,0,0,3,1,0,0,0,0,0,0,0,1,0,0,0,0,0,0,0,0,0,0,0,0,0,0,0,0,1,0,0,0,0,0,0,0,0,0,0,0,0,0,0,0,0,0,0,0,0,0,0,0,0,0,0,0,0,0,0,0,0,0,0,0,0,0,0,0,0,0,0,0,0,0,0,0,0,0,0,0,0,0,0,0,0,0,0,0,0,0,0,0,0,0,0,0,0,0,0,0,0,0,0,0,0,0,0,0,0,0,0,0,0,0,0,0,0,0,0,0,0,0,0,0,0,0,0,0,0,0,0,0,0,0,0,0,0,0,0,0,0,0,0,0,0,0,0,0,0,0,0,0,0,0,0,0,0,0,0,0,0,0,0,0,0,0,0,0,0,0,0,0,0,0,0,0,0,0,0,0,0,0,0,0,0,0,0,0,0,0,0,0,0,0,0,0,0,0,0,0,0,0,0,0,0,0,0,0,0,0,0,0,0,0,0,0,0,0,0,0,0,0,0,0,0,0,0,0,0,0,0,0,0,0,0,0,0
00b052eb8b739e859198e49463395209,3.8,202,321,1427,121,69,48,30,701,490,587,3,17,151,9,1975,5,97,0,11,47,18,1,9,1,1341,3,4,1,210,292,78,139,1,217,17,2,4,9,10,0,4,29,4,35,1,0,0,4,1345,7,3,0,0,0,0,13,0,0,0,0,1,0,0,2962,23,61,55,8,0,0,18,0,0,4,0,8,0,8,2,0,274,1920,2121,0,55,0,0,0,0,14,0,4,208,8,3,31,2,0,1,4,28,2,4,11,18,0,0,0,0,0,0,8,8,0,0,12,129,0,0,135,0,422,0,0,2,0,0,7,3,10,0,0,0,0,0,8,12,4,0,0,1,0,0,0,0,0,5,0,0,0,0,54,216,0,0,0,0,10,23,0,0,0,18,2,2,1,0,0,0,1,0,0,29,0,0,0,4,0,0,2,0,0,0,54,21,0,13,0,0,0,0,0,0,0,0,0,0,0,0,0,0,0,0,0,0,0,0,0,0,0,0,0,0,0,0,0,0,0,0,0,0,18,0,0,0,0,0,0,0,0,28,22,0,4,0,0,0,0,0,0,0,0,0,0,0,0,0,0,0,0,0,0,0,0,0,0,0,0,0,0,0,0,0,0,0,0,0,0,0,0,0,0,0,0,0,0,0,0,0,0,0,0,0,0,0,0,0,0,0
00b945b6c83384b722c78da77bb5d555,5.8,188,178,2488,230,80,70,465,1339,2784,1108,6,19,152,9,3022,33,69,0,1,108,1088,1,33,1,1600,18,5,1,65,279,116,349,33,484,37,4,8,10,10,2,38,24,5,33,40,0,1,5,1604,7,3,0,0,0,5,26,0,0,0,0,1,0,1,2330,223,93,90,6,2,0,18,0,0,2,0,795,515,8,2,541,1445,1779,1395,0,53,0,0,0,4,214,10,10,197,10,7,23,127,0,1,57,261,2,20,43,51,0,2,0,10,1,0,11,8,0,0,48,91,2,0,135,0,23,0,0,2,0,0,6,6,7,9,3,0,0,3,8,12,5,0,0,1,0,0,0,0,0,5,0,0,0,0,107,1,0,1,1,0,10,23,0,0,0,7,2,2,1,0,0,1,1,0,0,24,0,0,0,4,0,0,2,0,0,0,20,21,0,13,0,0,0,0,0,0,0,0,0,0,0,0,0,0,0,3,0,0,0,0,0,0,0,0,0,0,0,0,0,0,0,0,0,0,7,0,0,0,0,0,0,0,0,11,8,0,2,0,0,0,0,0,0,0,0,0,0,0,0,0,0,1,0,0,0,0,0,1,0,0,0,0,0,0,0,0,0,0,0,0,0,0,0,0,0,0,0,0,0,0,0,0,0,0,0,0,0,0,0,0,0,0
00bb579229f33e757e131be1bfe5feb1,4.8,146,171,2468,215,79,67,441,1008,2463,795,6,19,137,9,2413,23,63,0,1,53,201,1,32,1,1221,18,4,1,59,308,90,363,39,488,34,4,8,12,5,2,32,28,5,37,46,0,1,5,1225,5,3,0,0,0,4,12,0,0,0,0,1,0,1,1779,91,87,270,6,4,0,5,0,0,2,0,615,394,8,2,309,2783,1261,807,0,53,0,0,0,4,79,0,5,150,7,5,23,129,0,1,39,248,2,12,35,44,0,2,0,8,0,0,11,8,0,0,32,89,0,0,135,0,23,0,0,2,0,0,6,6,6,6,1,0,0,1,8,12,5,0,0,1,0,0,0,0,0,5,0,0,0,0,107,1,0,1,1,0,8,16,0,0,0,3,2,2,0,0,0,1,1,0,0,28,0,0,0,0,0,0,0,0,0,0,3,21,0,13,0,0,0,0,0,0,0,0,0,0,0,0,0,0,0,0,0,0,0,0,0,0,0,0,0,0,0,0,0,0,0,0,0,0,3,0,0,0,0,0,0,0,0,3,0,0,2,0,0,0,0,0,0,0,0,0,0,0,0,0,0,0,0,0,0,0,0,1,0,0,0,0,0,0,0,0,0,0,0,0,0,0,0,0,0,0,0,0,0,0,0,0,0,0,0,0,0,0,0,0,0,0
00c90b32e7596dfaf9e41e6a48d45afd,6.6,155,810,3118,289,67,77,475,1359,2811,1113,10,19,157,13,3903,32,89,0,2,130,743,1,36,2,2352,17,8,2,61,285,134,351,34,676,50,4,5,9,11,2,41,24,5,33,41,0,2,5,2357,9,3,0,0,0,2,27,0,0,0,0,1,0,1,3201,167,93,102,6,0,0,21,0,0,5,0,990,647,8,5,868,1531,1535,1959,0,56,1,2,2,6,151,20,20,173,11,9,63,129,2,1,68,264,2,21,42,50,0,3,1,11,9,5,17,16,2,1,39,93,3,0,135,2,23,0,0,2,0,0,6,6,7,9,3,0,0,3,8,12,5,0,0,1,0,0,0,0,0,5,0,0,0,0,107,1,0,1,1,0,10,23,0,0,0,11,2,2,1,0,0,1,1,0,0,24,0,0,0,4,0,0,2,0,0,0,29,21,0,13,0,0,0,0,0,0,0,0,0,0,0,0,0,0,0,3,0,0,0,0,0,0,0,0,0,0,0,0,0,0,0,0,0,0,11,0,0,0,0,0,0,0,0,18,11,0,2,0,0,0,0,0,0,0,0,0,0,0,0,0,0,1,0,0,0,0,0,1,0,0,0,0,0,0,0,0,0,0,0,0,0,0,0,0,0,0,0,0,0,0,0,0,0,0,0,0,0,0,0,0,0,0
00d79c3199bb9b8b8673901df9b00340,6.6,109,974,3416,246,136,81,441,1417,2815,1233,10,15,188,11,1533,32,90,0,2,131,763,1,44,2,14,14,7,2,67,347,108,350,30,640,58,5,5,12,18,2,41,33,5,40,37,0,2,6,19,15,4,0,0,0,3,29,0,0,0,0,1,0,1,2457,168,80,1116,6,1,0,34,1,1,5,0,937,621,8,9,1171,12408,2332,1793,6,30,1,3,3,7,155,21,64,171,55,8,128,125,2,2,60,242,4,23,48,56,0,3,1,11,7,5,17,16,2,1,44,67,3,0,135,2,23,0,0,2,0,0,6,6,9,9,3,0,0,3,11,12,6,0,0,1,0,0,0,0,0,5,0,0,0,0,107,0,0,1,1,0,12,23,0,0,0,12,2,2,2,0,0,1,1,16,0,33,0,2,0,7,1,28,2,0,0,0,27,21,0,55,1,1,1,1,1,1,0,0,0,0,0,0,0,0,0,0,0,0,0,0,0,0,0,0,0,0,0,0,0,0,0,0,0,0,12,0,0,0,0,0,0,0,0,12,11,0,2,0,0,0,0,0,0,0,0,0,0,0,0,0,0,1,0,0,0,0,0,0,0,0,0,0,0,0,0,0,0,0,0,0,0,0,0,0,0,0,0,0,0,0,0,0,0,0,0,0,0,0,0,0,0,0
00dbfd6adc6edfd60f3a9996598b6b8a,5.8,294,154,1735,184,74,68,451,1399,2806,1160,6,20,144,9,3268,36,88,0,1,98,708,1,39,1,1800,18,4,1,67,289,118,361,35,697,37,4,4,10,17,2,38,25,5,34,42,0,1,5,1804,13,3,0,0,0,2,24,0,0,0,0,1,0,1,4146,166,96,93,6,0,0,18,0,0,2,0,775,502,8,8,979,2342,3283,2419,5,62,0,1,1,5,155,9,58,351,58,7,108,125,0,2,59,269,3,22,44,56,0,2,0,10,1,0,11,8,0,0,48,91,2,0,135,0,23,0,0,2,1,0,6,6,7,9,3,0,0,3,8,12,5,0,0,1,0,0,0,0,0,5,0,0,0,0,107,1,0,1,1,0,10,23,0,0,0,20,2,2,1,0,0,1,1,0,0,25,0,0,0,4,0,0,2,0,0,0,60,21,0,13,0,0,0,0,0,0,0,0,0,0,0,0,0,0,0,3,0,0,0,0,0,0,0,0,0,0,0,0,0,0,0,0,0,0,20,0,0,0,0,0,0,0,0,34,24,0,2,0,0,0,0,0,0,0,0,0,0,0,0,0,0,1,0,0,0,0,0,1,0,0,0,0,0,0,0,0,0,0,0,0,0,0,0,0,0,0,0,0,0,0,0,0,0,0,0,0,0,0,0,0,0,0
00dc972f3182aafd97eecfbe7ac9bbe0,7.2,152,162,1740,182,126,71,442,1411,2804,1213,6,17,186,9,3258,36,82,0,1,100,710,1,42,1,1846,13,5,1,67,377,88,361,34,695,37,5,4,12,17,2,38,35,4,41,41,0,1,6,1850,13,3,0,0,0,2,26,4,4,158,0,1,0,1,4119,165,81,1253,6,2,1,32,2,2,2,0,735,479,8,8,1049,13557,2030,1373,5,28,0,1,1,9,154,9,63,216,63,7,133,125,0,2,59,264,3,22,42,54,0,2,0,10,1,0,11,8,0,0,42,63,2,0,135,0,18,0,0,2,0,0,8,6,9,9,3,0,0,3,11,12,6,0,0,1,0,0,0,0,0,5,0,0,0,0,107,0,0,1,1,0,9,17,0,0,0,10,2,2,2,0,0,1,0,16,0,35,0,2,0,6,2,24,2,0,0,0,29,21,0,55,1,1,1,1,1,1,1,1,1,0,0,0,0,0,0,3,0,0,0,0,0,2,0,0,0,0,0,0,0,0,0,0,0,0,10,0,0,0,0,0,0,0,0,10,9,0,2,0,0,0,0,0,0,0,0,0,0,0,0,0,0,1,0,0,0,0,0,0,0,0,0,0,0,0,0,0,0,0,0,0,0,0,0,0,0,0,0,0,0,0,0,0,0,0,0,0,0,0,0,0,0,0
00deceee4c462e8cc5fa14b5b783ec0d,6.4,252,184,2517,172,80,73,455,1392,2790,1166,8,19,152,11,3314,32,70,0,2,126,752,1,35,2,1766,18,5,1,71,316,118,364,35,486,38,4,9,12,17,2,38,28,5,37,42,0,2,5,1769,13,3,0,0,0,2,24,0,0,0,0,1,0,1,4160,170,92,126,6,4,0,18,0,0,2,0,943,618,8,9,1055,2089,2866,2413,7,60,1,2,2,7,158,13,55,306,55,7,98,125,0,1,59,266,3,22,45,53,0,2,1,11,1,0,11,8,0,0,48,91,2,0,135,0,23,0,0,3,1,0,6,6,7,9,3,0,0,3,8,12,5,0,0,1,0,0,0,0,0,5,0,0,0,0,107,1,0,1,1,0,10,23,0,0,0,19,2,2,1,0,0,1,1,0,0,28,0,0,0,4,0,0,2,0,0,0,58,21,0,13,0,0,0,0,0,0,0,0,0,0,0,0,0,0,0,3,0,0,0,0,0,0,0,0,0,0,0,0,0,0,0,0,0,0,19,0,0,0,0,0,0,0,0,31,24,0,2,0,0,0,0,0,0,0,0,0,0,0,0,0,0,1,0,0,0,0,0,1,0,0,0,0,0,0,0,0,0,0,0,0,0,0,0,0,0,0,0,0,0,0,0,0,0,0,0,0,0,0,0,0,0,0
00e37490d0005ec097c3fb4513f8a7f8,6.4,217,204,2658,268,80,84,471,1394,2827,1159,10,19,140,12,3789,41,96,0,2,134,780,1,36,2,2106,17,7,2,63,319,136,359,33,489,52,4,9,11,19,2,41,28,5,37,40,0,2,5,2111,31,3,0,0,0,5,34,0,0,0,0,1,0,1,4112,175,93,103,6,2,0,21,0,0,5,0,989,654,8,9,1129,1936,2463,2478,4,62,1,3,3,7,163,21,64,279,55,8,108,125,3,1,70,266,3,23,43,51,0,3,1,11,7,5,17,16,2,1,39,93,3,2,136,0,18,0,0,2,0,0,6,6,7,9,3,0,0,3,8,12,5,0,0,1,0,0,0,0,0,5,0,0,0,0,107,1,0,1,1,0,7,17,0,0,0,17,2,2,1,0,0,1,1,0,0,28,0,0,0,4,0,0,2,0,0,0,49,21,0,13,0,0,0,0,0,0,0,0,0,0,0,0,0,0,0,3,0,0,0,0,0,0,0,0,0,0,0,0,0,0,0,0,0,0,17,2,0,0,0,0,0,0,0,27,19,0,2,0,0,0,0,0,0,0,0,0,0,0,0,0,0,1,0,0,0,0,0,1,0,0,0,0,0,0,0,0,0,0,0,0,0,0,0,0,0,0,0,0,0,0,0,0,0,0,0,0,0,0,0,0,0,0
1b37a6c232e0740146a0538151df97ad,1.4,0,0,0,1,0,1,0,0,0,0,0,1,0,0,0,0,0,0,0,0,0,0,0,0,0,0,0,0,0,0,1,0,0,0,0,1,0,0,0,0,0,0,0,0,0,0,0,0,0,0,0,0,0,0,1,0,1,1,11,0,0,0,0,0,0,0,0,0,0,0,0,0,0,0,0,0,0,0,0,0,0,0,0,0,0,0,0,0,0,0,0,0,0,0,0,0,0,0,0,0,0,0,0,0,0,0,0,0,0,0,0,0,0,0,0,0,0,0,0,0,1,0,0,0,0,0,0,0,0,0,0,0,0,0,0,0,0,0,0,0,0,0,0,0,0,0,0,0,0,0,0,0,0,0,0,0,0,0,0,0,0,0,0,0,0,0,0,0,0,0,0,0,0,0,0,0,0,0,0,0,0,0,0,0,0,0,0,0,0,0,0,0,0,0,0,0,0,0,0,0,0,0,0,0,0,0,0,0,0,0,0,0,0,0,0,0,0,0,0,0,0,0,0,0,0,0,0,0,0,0,0,0,0,0,0,0,0,0,0,0,0,0,0,0,0,0,0,0,0,0,0,0,0,0,0,0,0,0,0,0,0,0,0,0,0,0,0,0,0,0,0,0,0,0,0,0,0,0,0,0,0,0,0,0,0,0,0,0,0
00eb943684d07070874dceb9b5d006c1,5.8,297,291,2058,434,79,138,671,1517,2850,1274,30,19,154,31,4160,32,83,0,10,290,1622,1,97,10,1793,24,22,7,75,345,188,394,34,491,109,2,14,16,50,2,47,28,5,37,41,0,9,4,1799,23,3,0,0,0,0,49,0,0,0,0,1,0,1,2747,277,92,303,6,2,0,27,0,0,28,0,1548,1064,8,19,772,1678,3329,2389,5,126,9,24,24,13,248,103,151,442,115,14,105,128,21,11,103,274,3,26,69,77,0,11,9,19,53,40,45,56,8,3,51,97,5,0,135,6,23,0,0,2,0,0,6,3,7,9,3,0,0,3,8,12,4,0,0,1,0,0,0,0,0,5,0,0,0,0,54,1,0,1,1,0,10,23,0,0,0,17,2,2,1,0,0,1,1,0,0,28,0,0,0,4,0,0,2,0,0,0,54,21,0,13,0,0,0,0,0,0,0,0,0,0,0,0,0,0,0,3,0,0,0,0,0,0,0,0,0,0,0,0,0,0,0,0,0,0,17,0,0,0,0,0,0,0,0,29,22,0,2,0,0,0,0,0,0,0,0,0,0,0,0,0,0,1,0,0,0,0,0,1,0,0,0,0,0,0,0,0,0,0,0,0,0,0,0,0,0,0,0,0,0,0,0,0,0,0,0,0,0,0,0,0,0,0
00f27e55e024ab2fc9b42c9931e0ecfb,6.6,274,222,2725,353,81,87,500,1414,2817,1175,14,19,141,16,2864,32,80,0,3,144,814,1,46,3,1180,17,11,3,61,328,158,352,31,481,70,4,10,11,20,2,44,28,5,37,40,0,3,5,1186,17,3,0,0,0,4,31,0,0,0,0,1,0,1,3427,174,92,617,6,6,0,24,0,0,8,0,1016,678,8,12,943,7081,2969,2440,7,64,2,6,6,6,158,31,74,345,56,10,108,126,5,3,81,255,4,24,48,56,0,4,2,14,13,10,23,24,4,2,40,95,4,0,135,4,18,0,0,2,0,0,6,6,7,9,3,0,0,3,8,12,5,0,0,1,0,0,0,0,0,5,0,0,0,0,107,1,0,1,1,0,7,17,0,0,0,20,2,2,1,0,0,1,1,0,0,28,0,0,0,4,0,0,2,0,0,0,64,21,0,13,0,0,0,0,0,0,0,0,0,0,0,0,0,0,0,3,0,0,0,0,0,0,0,0,0,0,0,0,0,0,0,0,0,0,20,0,0,0,0,0,0,0,0,38,28,0,2,0,0,0,0,0,0,0,0,0,0,0,0,0,0,1,0,0,0,0,0,1,0,0,0,0,0,0,0,0,0,0,0,0,0,0,0,0,0,0,0,0,0,0,0,0,0,0,0,0,0,0,0,0,0,0
00f7034ed04ff985cc365eb83fb503cc,6.2,109,177,1845,260,128,80,499,1409,2809,1216,10,14,191,12,1584,32,145,0,2,131,778,1,39,2,14,13,7,2,59,356,106,371,34,654,51,5,5,12,18,2,41,33,4,39,41,0,2,6,19,15,3,0,0,0,2,29,0,0,0,0,1,0,1,2496,176,78,1195,6,5,0,34,1,1,5,0,984,647,8,9,975,12650,1863,1131,2,30,1,3,3,7,163,21,66,173,57,8,129,127,2,1,60,271,3,23,43,50,0,3,1,11,7,5,17,16,2,1,34,66,3,0,135,2,23,0,0,2,0,0,6,6,10,9,3,0,0,3,12,12,6,0,0,1,0,0,0,0,0,5,0,0,0,0,107,0,0,1,1,0,12,23,0,0,0,10,2,2,3,0,0,1,1,25,0,33,0,2,0,9,1,27,2,0,0,0,25,21,0,55,1,1,1,2,2,2,0,0,0,0,0,0,0,0,0,0,0,0,0,0,0,0,0,0,0,0,0,0,0,0,0,0,0,0,10,0,0,0,0,0,0,0,0,10,9,0,2,0,0,0,0,0,0,0,0,0,0,0,0,0,0,1,0,0,0,0,0,0,0,0,0,0,0,0,0,0,0,0,0,0,0,0,0,0,0,0,0,0,0,0,0,0,0,0,0,0,0,0,0,0,0,0
00fcc8e4830ec13a36b3f9b92bda7772,5.8,378,181,2550,159,80,68,445,1390,2791,1167,6,19,152,9,3047,36,58,0,2,99,719,1,29,1,1555,17,4,1,59,312,118,360,35,486,30,4,8,11,17,2,38,28,5,37,42,0,1,5,1559,13,3,0,0,0,2,24,0,0,0,0,1,0,1,3974,165,92,92,6,2,0,18,0,0,2,0,917,596,8,8,947,1922,4218,2495,5,73,0,1,1,5,154,9,55,432,55,7,98,123,0,1,59,266,3,24,42,50,0,2,0,16,1,0,11,8,0,0,38,91,2,0,135,0,23,0,0,2,0,0,6,6,7,9,3,0,0,3,8,12,5,0,0,1,0,0,0,0,0,5,0,0,0,0,107,1,0,1,1,0,10,23,0,0,0,20,2,2,1,0,0,1,1,0,0,28,0,0,0,4,0,0,2,0,0,0,59,21,0,13,0,0,0,0,0,0,0,0,0,0,0,0,0,0,0,3,1,0,0,0,0,0,0,0,0,0,0,0,0,0,0,0,0,0,20,0,0,0,0,0,0,0,0,36,23,0,2,0,0,0,0,0,0,0,0,0,0,0,0,0,0,1,0,0,0,0,0,1,0,0,0,0,0,0,0,0,0,0,0,0,0,0,0,0,0,0,0,0,0,0,0,0,0,0,0,0,0,0,0,0,0,0
00ffa2b797a9e0e0f6a0b1294c0855b3,6.4,270,176,2508,171,80,69,445,1385,2790,1153,6,19,164,9,3102,32,58,0,1,101,711,1,28,1,1667,17,5,1,59,313,118,355,34,485,30,4,8,11,17,2,38,28,5,37,41,0,1,5,1671,13,3,0,0,0,2,24,0,0,0,0,1,0,1,4084,164,92,89,6,2,0,18,0,0,2,0,780,506,8,8,1007,2268,3186,2501,7,60,0,1,1,5,154,9,55,324,55,7,98,125,0,1,59,266,3,22,38,46,0,2,0,10,1,0,11,8,0,0,38,91,2,0,135,0,23,0,0,3,1,0,6,6,7,9,3,0,0,3,8,12,5,0,0,1,0,0,0,0,0,5,0,0,0,0,107,1,0,1,1,0,10,23,0,0,0,19,2,2,1,0,0,1,1,0,0,28,0,0,0,4,0,0,2,0,0,0,58,21,0,13,0,0,0,0,0,0,0,0,0,0,0,0,0,0,0,3,0,0,0,0,0,0,0,0,0,0,0,0,0,0,0,0,0,0,19,0,0,0,0,0,0,0,0,32,24,0,2,0,0,0,0,0,0,0,0,0,0,0,0,0,0,1,0,0,0,0,0,1,0,0,0,0,0,0,0,0,0,0,0,0,0,0,0,0,0,0,0,0,0,0,0,0,0,0,0,0,0,0,0,0,0,0
0a0af2d05da8e2ce6af15a24d39a6b01,6.6,354,205,2598,232,93,79,479,1438,2842,1211,10,21,165,12,3780,33,89,0,2,138,1189,1,43,2,2166,18,7,2,67,340,134,368,30,521,58,5,9,13,17,2,41,28,6,40,37,0,2,6,2171,15,4,0,0,0,5,33,0,0,0,0,1,0,1,3535,235,100,119,6,2,0,21,0,0,5,0,917,606,8,3,651,1817,4950,2115,16,66,1,3,3,5,226,24,65,419,56,8,43,123,2,2,68,258,2,21,48,56,0,4,1,11,7,5,17,16,2,1,49,100,3,0,135,2,23,0,0,2,0,0,8,6,7,9,3,0,0,3,8,12,6,0,0,1,0,0,0,0,0,5,0,0,0,0,107,2,0,1,1,0,10,23,0,0,0,16,2,2,1,0,0,1,1,0,0,28,0,0,0,4,0,0,2,0,0,0,37,21,0,13,0,0,0,0,0,0,0,0,0,0,0,0,0,0,0,3,0,0,0,0,0,0,0,0,0,0,0,0,0,0,0,0,0,0,16,0,0,0,0,0,0,0,0,21,13,0,2,0,0,0,0,0,0,0,0,0,0,0,0,0,0,1,0,0,0,0,0,1,0,0,0,0,0,0,0,0,0,0,0,0,0,0,0,0,0,0,0,0,0,0,0,0,0,0,0,0,0,0,0,0,0,0
0a01cc2489af0acee0a31bbe638254fa,5.8,153,197,2571,191,79,75,461,1393,2795,1163,8,19,139,12,3205,32,69,0,2,124,772,1,43,2,1652,18,7,2,69,317,124,360,34,485,40,4,9,12,16,2,38,28,5,37,41,0,2,5,1656,13,3,0,0,0,2,24,0,0,0,0,1,0,1,2649,171,92,144,6,4,0,18,0,0,5,0,984,644,8,3,697,2222,1416,1733,0,56,1,3,3,10,155,20,56,207,55,8,43,127,2,1,59,262,3,21,45,53,0,3,1,11,9,5,17,16,1,0,48,91,2,0,135,0,23,0,0,2,0,0,6,6,7,9,3,0,0,3,8,12,5,0,0,1,0,0,0,0,0,5,0,0,0,0,107,1,0,1,1,0,7,17,0,0,0,11,2,2,1,0,0,1,1,0,0,28,0,0,0,4,0,0,2,0,0,0,29,21,0,13,0,0,0,0,0,0,0,0,0,0,0,0,0,0,0,3,0,0,0,0,0,0,0,0,0,0,0,0,0,0,0,0,0,0,11,0,0,0,0,0,0,0,0,18,11,0,2,0,0,0,0,0,0,0,0,0,0,0,0,0,0,1,0,0,0,0,0,1,0,0,0,0,0,0,0,0,0,0,0,0,0,0,0,0,0,0,0,0,0,0,0,0,0,0,0,0,0,0,0,0,0,0
0a3fb468962f4147e48f1704f8da2712,3.8,88,191205,979,168,32,38,167,1013,2472,755,4,13,62,6,908,20,80,0,1,55,84,1,24,1,198,7,5,1,56,270,58,218,16,550,25,2,3,10,10,2,24,25,4,33,15,0,1,2,202,7,3,0,0,0,2,11,0,0,0,0,1,0,0,832,55,78,230,2,0,0,18,0,0,2,0,153,101,8,2,63,2409,727,313,9,22,0,0,0,3,42,0,4,93,7,3,49,117,0,1,26,158,2,6,22,32,0,2,0,0,0,0,9,8,0,0,15,39,0,0,135,0,15,0,0,2,0,0,6,3,7,3,1,0,0,0,8,12,2,0,0,1,0,0,0,0,0,5,0,0,0,0,54,1,0,1,1,0,8,19,0,0,0,10,2,2,1,0,0,1,1,0,0,25,0,0,0,4,0,0,2,0,0,0,25,2,0,13,0,0,0,0,0,0,0,0,0,0,0,0,0,0,0,0,0,0,0,0,0,0,0,0,0,0,0,0,0,0,0,0,0,0,10,0,0,0,0,0,0,0,0,15,9,0,2,0,0,0,0,0,0,0,0,0,0,0,0,0,0,0,0,0,0,0,0,0,0,0,0,0,0,0,0,0,0,0,0,0,0,0,0,0,0,0,0,0,0,0,0,0,0,0,0,0,0,0,0,0,0,0
1b182b1dc2924325dd9f0ac14ff2eb66,4.2,0,1,22,7,1,2,0,1,0,3,0,0,1,0,25,2,2,1,1,6,5,1,2,1,1,2,2,0,0,0,1,1,1,1,0,0,3,0,0,0,0,0,0,0,0,0,1,0,0,0,0,0,1,0,3,1,0,0,0,0,0,0,0,0,0,0,0,0,0,0,0,0,0,0,0,0,0,0,0,0,0,0,0,0,0,0,0,0,0,0,0,0,0,0,0,0,0,0,0,0,0,0,0,0,0,0,0,3,0,0,0,0,0,0,0,0,0,0,0,0,2,0,0,0,0,0,0,0,0,0,0,0,0,0,0,0,0,0,0,0,0,2,0,0,0,0,0,0,0,0,1,0,0,0,0,0,0,0,0,0,0,0,0,0,0,0,0,0,0,0,0,0,0,0,0,0,0,0,0,0,0,0,0,0,0,0,0,0,0,0,0,0,0,0,0,0,0,0,0,0,0,0,0,0,0,0,0,0,0,0,0,0,0,1,0,0,0,0,5,0,0,0,0,0,0,0,0,0,0,0,0,0,0,0,0,0,0,0,0,0,0,0,0,0,0,0,0,0,0,0,0,0,0,0,0,0,0,0,0,0,0,0,0,0,0,0,0,0,0,0,0,0,0,0,0,0,0,0,0,0,0,0,0,0,0,0,0,0,0
0a4bdd6bfcb84f80e19dc1fe650a4d7f,5.2,289,139,5939,236,87,3937,465,1462,2862,1224,5,27,183,7,2711,30,203,0,2,119,678,16,39,1,967,82,8,1,65,351,122,410,42,1009,38,3,3,16,10,2,38,29,7,58,49,0,1,5,974,7,6,0,0,0,0,36,0,0,0,0,0,0,1,5139,163,110,326,6,0,0,18,0,0,1,0,826,555,8,2,743,5108,6092,1277,193,70,0,0,0,9,152,8,10,302,10,5,45,131,0,2,61,286,3,16,40,49,1,2,0,10,1,0,9,16,0,0,48,109,2,0,135,0,18,0,0,3,1,0,8,3,7,9,3,0,1,3,8,12,5,0,0,0,0,0,0,18,0,5,0,0,0,0,54,4,0,1,1,0,7,17,0,0,0,35,2,2,1,0,0,1,1,0,0,29,0,0,0,4,0,0,2,0,0,0,113,23,0,13,0,0,0,0,0,0,0,0,0,0,0,0,0,0,0,3,0,0,0,0,0,0,0,0,0,0,0,0,0,0,0,0,0,0,35,0,0,0,0,0,0,0,0,66,51,0,2,0,0,0,0,0,0,0,0,0,0,0,0,0,0,2,0,0,0,0,0,1,0,0,0,0,0,0,1,0,0,0,0,0,0,0,0,0,0,0,0,0,0,0,0,0,0,0,0,0,0,0,0,0,0,0
0a4c6e4550852d157f0e328e4e8d8460,5.8,200,177,2496,184,80,66,432,1336,2784,1106,6,19,152,9,3167,32,82,0,1,98,648,1,33,1,1806,18,4,1,65,316,120,350,31,485,37,4,8,12,10,2,38,28,5,37,38,0,1,5,1810,7,3,0,0,0,2,23,0,0,0,0,1,0,1,2839,155,92,240,6,4,0,18,0,0,2,0,736,477,8,2,591,3188,2112,1936,0,53,0,0,0,10,142,8,10,209,10,7,33,127,0,1,57,256,3,20,43,51,0,2,0,10,1,0,11,8,0,0,48,91,2,0,135,0,23,0,0,2,0,0,6,6,7,9,3,0,0,3,8,12,5,0,0,1,0,0,0,0,0,5,0,0,0,0,107,1,0,1,1,0,10,23,0,0,0,11,2,2,1,0,0,1,1,0,0,28,0,0,0,4,0,0,2,0,0,0,29,21,0,13,0,0,0,0,0,0,0,0,0,0,0,0,0,0,0,3,0,0,0,0,0,0,0,0,0,0,0,0,0,0,0,0,0,0,11,0,0,0,0,0,0,0,0,18,11,0,2,0,0,0,0,0,0,0,0,0,0,0,0,0,0,1,0,0,0,0,0,1,0,0,0,0,0,0,0,0,0,0,0,0,0,0,0,0,0,0,0,0,0,0,0,0,0,0,0,0,0,0,0,0,0,0
0a7a8275dad78ab5020d9aa5ad9cdce2,5.2,140,2434,6280,188,74,69,420,1158,2606,923,6,19,142,9,2562,33,76,0,1,78,266,1,34,1,1245,18,4,1,63,285,107,359,38,686,34,4,4,10,6,2,38,25,5,34,43,0,1,5,1249,5,3,0,0,0,5,14,0,0,0,0,1,0,1,1878,92,88,85,6,0,0,18,0,0,2,0,729,457,8,2,409,1116,1294,820,0,54,0,0,0,4,78,1,12,151,12,7,23,129,0,2,57,264,2,20,43,51,0,2,0,8,1,0,11,8,0,0,32,91,2,0,135,0,23,0,0,2,0,0,6,6,6,6,3,0,0,3,8,12,5,0,0,1,0,0,0,0,0,5,0,0,0,0,107,1,0,1,1,0,8,16,0,0,0,3,2,2,0,0,0,1,1,0,0,25,0,0,0,2,0,0,2,0,0,0,3,21,0,13,0,0,0,0,0,0,0,0,0,0,0,0,0,0,0,3,0,0,0,0,0,0,0,0,0,0,0,0,0,0,0,0,0,0,3,0,0,0,0,0,0,0,0,3,0,0,2,0,0,0,0,0,0,0,0,0,0,0,0,0,0,0,0,0,0,0,0,1,0,0,0,0,0,0,0,0,0,0,0,0,0,0,0,0,0,0,0,0,0,0,0,0,0,0,0,0,0,0,0,0,0,0
0a8c912c5db653624cde8ece85a2d08c,4.6,146,2192,4401,175,65,64,320,1022,2477,794,6,19,141,9,2298,22,72,0,1,55,154,1,33,1,1272,18,4,1,62,275,90,315,28,665,34,4,4,10,5,2,30,24,5,33,33,0,1,5,1276,5,3,0,0,0,2,17,0,0,0,0,1,0,0,1643,82,88,79,6,0,0,5,0,0,2,0,455,290,8,2,336,802,1207,1012,0,53,0,0,0,3,64,0,5,150,7,5,33,127,0,1,43,224,2,12,33,43,0,2,0,6,0,0,11,8,0,0,32,89,0,0,135,0,23,0,0,2,0,0,6,6,6,3,1,0,0,1,8,12,5,0,0,1,0,0,0,0,0,5,0,0,0,0,107,1,0,1,1,0,8,16,0,0,0,3,2,2,0,0,0,1,1,0,0,24,0,0,0,0,0,0,0,0,0,0,3,21,0,13,0,0,0,0,0,0,0,0,0,0,0,0,0,0,0,3,0,0,0,0,0,0,0,0,0,0,0,0,0,0,0,0,0,0,3,0,0,0,0,0,0,0,0,3,0,0,2,0,0,0,0,0,0,0,0,0,0,0,0,0,0,0,0,0,0,0,0,1,0,0,0,0,0,0,0,0,0,0,0,0,0,0,0,0,0,0,0,0,0,0,0,0,0,0,0,0,0,0,0,0,0,0
0a9d415e28725be34cccd9dc6b83749c,6.8,164,174,2460,158,80,68,489,1340,2784,1119,6,19,152,9,2903,33,59,0,1,99,674,1,27,1,1449,17,4,1,53,307,108,387,40,485,30,4,8,11,10,2,38,28,5,37,47,0,1,5,1453,7,3,0,0,0,5,25,0,0,0,0,1,0,1,2195,166,92,498,6,8,0,18,0,0,2,0,775,496,8,2,499,5174,1426,1369,2,53,0,0,0,4,156,8,10,173,10,7,43,131,0,1,47,281,2,20,37,45,0,2,0,10,1,0,11,8,0,0,38,91,2,0,135,0,23,0,0,3,1,0,6,6,7,9,3,0,0,3,8,12,5,0,0,1,0,0,2,0,0,5,0,0,0,0,107,1,0,1,1,0,10,23,0,0,0,9,2,2,1,0,0,1,1,0,0,28,0,0,0,4,0,0,2,0,0,0,22,21,0,13,0,0,0,0,0,0,0,0,0,0,0,0,0,0,0,0,0,0,0,0,0,0,0,0,0,0,0,0,0,0,0,0,0,0,9,0,0,0,0,0,0,0,0,14,8,0,2,0,0,0,0,0,0,0,0,0,0,0,0,0,0,1,0,0,0,0,0,1,0,0,0,0,0,0,0,0,0,0,0,0,0,0,0,0,0,0,0,0,0,0,0,0,0,0,0,0,0,0,0,0,0,0
0a11fc70555f00311308e3ef98038794,6.0,270,154,2507,175,79,96,498,1387,2790,1153,6,19,127,9,1746,32,69,0,1,98,711,1,30,1,213,17,4,1,59,278,118,382,42,481,30,4,12,9,17,2,38,24,5,33,49,0,1,5,217,13,3,0,0,0,2,24,0,0,0,0,1,0,1,3800,174,93,89,6,0,0,18,0,0,2,0,792,513,8,8,869,2183,2982,2124,5,59,0,1,1,5,163,9,55,324,55,7,108,129,0,1,59,293,3,22,38,46,0,2,0,10,1,0,11,8,0,0,38,91,2,0,135,2,18,0,0,2,0,0,6,6,7,9,3,0,0,3,8,12,5,0,0,1,0,0,0,0,0,5,0,0,0,0,107,1,0,1,1,0,7,17,0,0,0,27,2,2,1,0,0,1,1,0,0,24,0,0,0,4,0,0,2,0,0,0,91,21,0,13,0,0,0,0,0,0,0,0,0,0,0,0,0,0,0,3,0,0,0,0,0,0,0,0,0,0,0,0,0,0,0,0,0,0,27,2,0,0,0,0,0,0,0,55,41,0,2,0,0,0,0,0,0,0,0,0,0,0,0,0,0,1,0,0,0,0,0,1,0,0,0,0,0,0,0,0,0,0,0,0,0,0,0,0,0,0,0,0,0,0,0,0,0,0,0,0,0,0,0,0,0,0
0a13a2fa022c95c729f18b1b7f31b980,5.8,167,2534,6564,243,74,101,569,1384,2813,1141,14,19,156,19,3780,32,72,0,5,183,859,1,49,5,1993,17,10,3,63,285,116,387,39,688,38,4,8,9,12,2,38,25,5,34,46,0,5,5,1996,7,3,0,0,0,2,26,0,0,0,0,1,0,1,2596,184,93,162,6,0,0,18,0,0,11,0,1160,766,8,6,719,1517,1656,1413,0,62,4,8,8,7,164,46,12,175,12,10,33,131,8,6,63,294,2,23,44,52,0,5,4,14,23,15,23,24,0,0,38,91,2,0,135,0,23,0,0,2,0,0,6,6,7,9,3,0,0,3,8,12,5,0,0,1,0,0,0,0,0,5,0,0,0,0,107,1,0,1,1,0,10,23,0,0,0,9,2,2,1,0,0,1,1,0,0,25,0,0,0,4,0,0,2,0,0,0,22,21,0,13,0,0,0,0,0,0,0,0,0,0,0,0,0,0,0,3,0,0,0,0,0,0,0,0,0,0,0,0,0,0,0,0,0,0,9,0,0,0,0,0,0,0,0,14,8,0,2,0,0,0,0,0,0,0,0,0,0,0,0,0,0,1,0,0,0,0,0,1,0,0,0,0,0,0,0,0,0,0,0,0,0,0,0,0,0,0,0,0,0,0,0,0,0,0,0,0,0,0,0,0,0,0
0a16eee54b1cd6645c5a459d1e490980,3.6,94,132,1637,108,50,50,29,653,464,522,2,16,66,8,395,2,20,0,1,42,21,1,12,1,12,2,4,1,0,232,40,120,1,225,9,5,6,7,10,0,1,25,4,28,1,0,1,4,16,7,3,0,0,0,5,12,0,0,0,0,1,0,0,1773,25,68,40,8,0,0,18,0,0,4,0,6,0,8,2,1,323,1618,1766,0,21,0,0,0,0,20,0,5,98,8,4,17,2,0,2,1,28,2,8,8,12,0,0,0,0,0,0,10,8,0,0,5,79,0,0,135,0,15,0,0,2,0,0,4,6,8,0,0,0,0,0,8,12,4,0,0,1,0,0,0,0,0,5,0,0,0,0,107,2,0,0,0,0,7,19,0,0,0,4,2,2,1,0,0,0,0,0,0,24,0,0,0,4,0,0,2,0,0,0,12,2,0,13,0,0,0,0,0,0,0,0,0,0,0,0,0,0,0,0,0,0,0,0,0,0,0,0,0,0,0,0,0,0,0,0,0,0,4,0,0,0,0,0,0,0,0,4,4,0,2,0,0,0,0,0,0,0,0,0,0,0,0,0,0,0,0,0,0,0,0,0,0,0,0,0,0,0,0,0,0,0,0,0,0,0,0,0,0,0,0,0,0,0,0,0,0,0,0,0,0,0,0,0,0,0
0a29ac2656c70e1ae2d801054a17acb9,6.6,217,202,2627,289,81,79,469,1392,2803,1158,10,19,165,12,3183,36,62,0,3,131,788,1,37,2,1531,17,7,2,63,319,136,362,32,485,50,4,9,11,18,2,41,28,5,37,39,0,2,5,1536,15,3,0,0,0,3,27,0,0,0,0,1,0,1,3152,175,92,106,6,2,0,21,0,0,5,0,1133,748,8,9,876,2007,2333,2023,1,76,1,3,3,7,160,21,64,279,55,8,98,123,2,1,70,266,4,25,47,55,0,3,1,17,7,5,17,16,2,1,39,93,3,0,135,2,23,0,0,2,0,0,6,6,7,9,3,0,0,3,8,12,5,0,0,1,0,0,0,0,0,5,0,0,0,0,107,1,0,1,1,0,10,23,0,0,0,16,2,2,1,0,0,1,1,0,0,28,0,0,0,4,0,0,2,0,0,0,51,21,0,13,0,0,0,0,0,0,0,0,0,0,0,0,0,0,0,3,1,0,0,0,0,0,0,0,0,0,0,0,0,0,0,0,0,0,16,0,0,0,0,0,0,0,0,32,23,0,2,0,0,0,0,0,0,0,0,0,0,0,0,0,0,1,0,0,0,0,0,1,0,0,0,0,0,0,0,0,0,0,0,0,0,0,0,0,0,0,0,0,0,0,0,0,0,0,0,0,0,0,0,0,0,0
1b861b8d155052fcf7c58dcbf8e6b712,6.6,5,138,578,385,6,68,160,135,68,129,22,0,6,18,1858,3,134,0,7,321,682,0,49,7,7,6,12,4,55,30,72,28,0,69,83,0,114,4,36,0,12,0,0,30,0,0,7,0,40,18,0,105,0,0,5,33,2,2,77,35,0,0,0,796,54,0,128,0,0,0,12,0,0,19,0,1262,967,0,9,1252,1213,503,99,1,56,7,17,17,11,42,68,141,141,105,7,108,1,13,2,47,0,1,6,25,25,30,230,7,7,44,30,24,32,8,4,5,8,4,0,0,8,0,0,0,0,0,0,0,0,0,0,0,0,0,0,0,0,0,0,0,0,0,0,0,0,0,0,0,0,0,0,0,0,0,0,0,0,0,0,0,0,0,0,0,0,0,0,0,0,0,0,0,0,0,0,0,0,0,0,0,0,0,0,0,0,0,0,0,0,0,0,0,0,0,0,0,0,0,0,0,0,0,0,0,0,0,0,0,0,0,0,0,0,0,0,0,0,0,0,0,0,0,0,0,0,0,0,0,0,0,0,0,0,0,0,0,0,0,0,0,0,0,0,0,0,0,0,0,0,0,0,0,0,0,0,0,0,0,0,0,0,0,0,0,0,0,0,0,0,0,0,0,0,0,0,0,0,0,0,0,0,0,0,0,0,0,0,0,0
0a45e43750228a2186c70bd97450d104,3.6,97,135,1663,153,68,62,28,706,580,597,2,15,93,7,490,13,84,0,1,48,24,1,13,1,14,5,4,1,0,255,40,118,1,234,9,9,6,9,10,0,1,27,26,27,1,0,1,4,18,7,2,0,0,0,5,25,0,0,0,0,1,0,0,2139,27,73,44,16,0,0,18,0,0,4,0,6,0,10,4,0,527,5869,2471,3,27,0,0,0,0,20,0,3,99,6,5,18,2,0,2,1,44,2,8,8,14,0,0,0,0,0,0,10,8,0,0,8,77,0,0,135,0,15,0,0,2,0,0,6,6,10,0,0,0,0,0,8,12,4,0,0,1,0,0,0,1,0,5,0,0,0,0,107,1,0,0,0,0,8,19,0,0,0,5,2,2,1,0,0,0,0,2,0,26,0,0,0,4,0,0,2,0,0,0,15,7,0,13,0,0,0,0,0,0,0,0,0,0,0,0,0,0,0,0,0,0,1,0,0,0,0,0,0,0,0,0,0,0,0,0,0,0,5,0,0,0,0,0,0,0,0,5,5,0,2,0,0,0,0,0,0,0,0,0,0,0,0,0,0,0,0,0,0,0,0,0,0,0,0,0,0,0,8,0,0,0,0,0,0,0,0,0,0,0,0,0,0,0,0,0,0,0,0,0,0,0,0,0,0,0
0a82f469f65c4950948f60d6814992ca,5.8,234,174,2440,168,80,67,451,1390,2790,1165,6,19,152,9,3305,32,71,0,1,98,708,1,33,1,1872,18,4,1,67,316,118,364,36,487,37,4,8,12,17,2,38,28,5,37,43,0,1,5,1876,13,3,0,0,0,2,24,0,0,0,0,1,0,1,3524,165,92,90,6,8,0,18,0,0,2,0,776,503,8,8,933,1847,2481,2076,0,59,0,1,1,5,154,9,55,288,55,7,98,125,0,1,59,266,3,22,44,52,0,2,0,10,1,0,11,8,0,0,48,91,2,0,135,0,23,0,0,2,0,0,6,6,7,9,3,0,0,3,8,12,5,0,0,1,0,0,0,0,0,5,0,0,0,0,107,1,0,1,1,0,10,23,0,0,0,15,2,2,1,0,0,1,1,0,0,28,0,0,0,4,0,0,2,0,0,0,42,21,0,13,0,0,0,0,0,0,0,0,0,0,0,0,0,0,0,3,0,0,0,0,0,0,0,0,0,0,0,0,0,0,0,0,0,0,15,0,0,0,0,0,0,0,0,23,16,0,2,0,0,0,0,0,0,0,0,0,0,0,0,0,0,1,0,0,0,0,0,1,0,0,0,0,0,0,0,0,0,0,0,0,0,0,0,0,0,0,0,0,0,0,0,0,0,0,0,0,0,0,0,0,0,0
0a84d2fcde5aee9282e3009e03944294,5.8,222,177,2500,173,80,67,445,1385,2790,1153,6,19,164,9,3184,32,67,0,1,98,707,1,29,1,1772,17,5,1,59,312,118,354,35,489,30,4,8,11,17,2,38,28,5,37,42,0,1,5,1776,13,3,0,0,0,2,24,0,0,0,0,1,0,1,3673,165,92,89,6,4,0,18,0,0,2,0,767,497,8,8,959,2033,2274,2165,3,59,0,1,1,5,154,9,55,276,55,7,98,123,0,1,59,264,3,22,38,46,0,2,0,10,1,0,11,8,0,0,38,91,2,0,135,0,23,0,0,2,0,0,6,6,7,9,3,0,0,3,8,12,5,0,0,1,0,0,0,0,0,5,0,0,0,0,107,1,0,1,1,0,10,23,0,0,0,17,2,2,1,0,0,1,1,0,0,28,0,0,0,4,0,0,2,0,0,0,49,21,0,13,0,0,0,0,0,0,0,0,0,0,0,0,0,0,0,3,0,0,0,0,0,0,0,0,0,0,0,0,0,0,0,0,0,0,17,0,0,0,0,0,0,0,0,28,19,0,2,0,0,0,0,0,0,0,0,0,0,0,0,0,0,1,0,0,0,0,0,1,0,0,0,0,0,0,0,0,0,0,0,0,0,0,0,0,0,0,0,0,0,0,0,0,0,0,0,0,0,0,0,0,0,0
0a99fe54a7a31ad3e321de4a46a2fa5c,6.2,320,202,2605,189,93,76,562,1483,2906,1241,7,24,152,11,4625,58,93,0,1,158,1692,1,27,1,2281,18,4,1,63,340,124,434,35,574,31,9,8,12,17,4,39,28,6,41,46,0,1,6,2286,13,4,0,0,0,2,59,0,0,0,0,1,0,1,3559,252,106,500,6,2,0,18,0,0,2,0,1876,1337,8,8,864,6166,4400,2176,32,91,0,1,1,5,240,29,86,406,75,7,120,129,0,4,60,293,4,56,63,71,0,5,0,10,1,0,11,8,0,0,40,98,5,0,135,0,23,0,0,2,0,0,8,7,7,9,3,0,0,16,8,12,6,0,0,1,0,0,8,1,0,5,0,0,0,0,107,3,0,1,1,0,10,23,0,0,0,19,2,2,1,0,0,1,1,0,0,28,0,0,0,4,0,0,2,0,0,0,48,21,0,13,0,0,0,0,0,0,0,0,0,0,0,0,0,0,0,3,0,0,0,0,0,0,0,0,0,0,0,0,0,0,0,0,0,0,19,2,3,0,0,0,0,0,0,27,18,0,2,0,0,0,0,0,0,0,0,0,0,0,0,0,0,1,0,0,0,0,0,1,0,0,0,0,0,0,0,0,0,0,0,0,0,0,0,0,0,0,0,0,0,0,0,0,0,0,0,0,0,0,0,0,0,0
0a424dadee6e9dc1e10f38e04b9b0085,7.2,217,195,2559,216,81,77,474,1396,2803,1161,10,19,165,12,3488,32,62,0,2,130,777,1,45,2,1859,18,8,2,71,321,136,370,37,484,57,4,9,12,18,2,41,28,5,37,44,0,2,5,1864,15,3,0,0,0,3,28,0,0,0,0,1,0,1,3514,175,92,104,6,4,0,21,0,0,5,0,991,654,8,10,930,2181,2153,2172,6,62,1,3,3,12,161,21,64,279,55,8,118,127,2,1,70,266,3,23,49,57,0,3,1,11,7,5,17,16,2,1,49,93,3,0,135,2,23,0,0,3,1,0,6,6,7,9,3,0,0,3,8,12,5,0,0,1,0,0,0,0,0,5,0,0,0,0,107,1,0,1,1,0,10,23,0,0,0,17,2,2,1,0,0,1,1,0,0,28,0,0,0,4,0,0,2,0,0,0,50,21,0,13,0,0,0,0,0,0,0,0,0,0,0,0,0,0,0,3,0,0,0,0,0,0,0,0,0,0,0,0,0,0,0,0,0,0,17,0,0,0,0,0,0,0,0,27,20,0,2,0,0,0,0,0,0,0,0,0,0,0,0,0,0,1,0,0,0,0,0,1,0,0,0,0,0,0,0,0,0,0,0,0,0,0,0,0,0,0,0,0,0,0,0,0,0,0,0,0,0,0,0,0,0,0
0a929cccbeb5f0cc311d267f08757d8c,5.8,224,171,2479,160,79,66,484,1341,2784,1117,6,19,139,9,3731,34,62,0,1,111,685,1,33,1,2285,18,4,1,65,311,120,386,40,482,37,4,8,11,10,2,38,28,5,35,47,0,1,5,2289,7,3,0,0,0,2,20,0,0,0,0,1,0,1,2702,165,92,89,6,2,0,18,0,0,2,0,785,503,8,2,654,1515,2397,1673,0,53,0,0,0,4,151,8,10,233,10,7,43,131,0,1,57,282,2,22,45,53,0,2,0,10,1,0,11,8,0,0,48,91,2,0,135,0,23,0,0,2,0,0,6,6,7,9,3,0,0,3,8,12,5,0,0,1,0,0,0,0,0,5,0,0,0,0,107,1,0,1,1,0,7,17,0,0,0,7,2,2,1,0,0,1,1,0,0,26,0,0,0,4,0,0,2,0,0,0,16,21,0,13,0,0,0,0,0,0,0,0,0,0,0,0,0,0,0,3,0,0,0,0,0,0,0,0,0,0,0,0,0,0,0,0,0,0,7,0,0,0,0,0,0,0,0,11,6,0,2,0,0,0,0,0,0,0,0,0,0,0,0,0,0,1,0,0,0,0,0,1,0,0,0,0,0,0,0,0,0,0,0,0,0,0,0,0,0,0,0,0,0,0,0,0,0,0,0,0,0,0,0,0,0,0
0a3191dd711e8287ee08b14fc888d6ba,5.8,194,2137,4404,186,66,68,449,1402,2804,1163,6,19,156,10,3237,32,100,0,1,98,707,1,34,1,1815,18,5,1,67,281,118,355,35,675,37,4,4,10,17,2,38,24,5,33,42,0,1,5,1819,13,3,0,0,0,2,25,0,0,0,0,1,0,1,3591,166,93,90,6,0,0,18,0,0,2,0,770,500,8,10,880,1978,2126,2054,1,61,0,1,1,5,155,9,56,249,56,8,108,123,0,1,59,266,3,22,44,52,0,3,0,10,1,0,11,8,0,0,48,91,2,0,135,0,23,0,0,2,0,0,6,6,7,9,3,0,0,3,8,12,5,0,0,1,0,0,0,0,0,5,0,0,0,0,107,1,0,1,1,0,10,23,0,0,0,16,2,2,1,0,0,1,1,0,0,24,0,0,0,4,0,0,2,0,0,0,45,21,0,13,0,0,0,0,0,0,0,0,0,0,0,0,0,0,0,3,0,0,0,0,0,0,0,0,0,0,0,0,0,660,0,0,0,0,16,0,0,0,0,0,0,0,0,28,17,0,2,0,0,0,0,0,0,0,0,0,0,0,0,0,0,1,0,0,0,0,0,1,0,0,0,0,0,0,0,0,0,0,0,0,0,0,0,0,0,0,0,0,0,0,0,0,0,0,0,0,0,0,0,0,0,0
0a7125a5e533bd1e6c00d2ee9fc25bf7,5.4,139,131243,1013,170,32,42,442,1355,2765,1079,4,13,62,6,2429,32,80,0,1,93,701,1,34,1,1092,14,5,1,61,277,74,338,35,574,29,2,3,10,16,2,34,25,4,33,42,0,0,2,1096,13,3,0,0,0,0,18,0,0,0,0,1,0,1,2297,159,78,697,6,0,0,18,0,0,2,0,758,485,8,2,602,7165,2275,1386,2,22,0,1,1,4,148,8,56,196,56,5,44,125,0,1,43,254,2,16,40,48,0,3,0,10,1,0,9,8,0,0,42,41,2,0,135,0,15,0,0,3,1,0,6,3,7,9,3,0,0,3,8,12,2,0,0,1,0,0,0,0,0,5,0,0,0,0,54,1,0,1,1,0,8,19,0,0,0,17,2,2,1,0,0,1,1,0,0,25,0,0,0,4,0,0,2,0,0,0,54,2,0,13,0,0,0,0,0,0,0,0,0,0,0,0,0,0,0,0,0,0,0,0,0,0,0,0,0,0,0,0,0,0,0,0,0,0,17,0,0,0,0,0,0,0,0,33,24,0,2,0,0,0,0,0,0,0,0,0,0,0,0,0,0,1,0,0,0,0,0,0,0,0,0,0,0,0,0,0,0,0,0,0,0,0,0,0,0,0,0,0,0,0,0,0,0,0,0,0,0,0,0,0,0,0
0a14344055ec588ac14c31263a91cfe3,5.8,222,179,2506,160,80,67,447,1390,2792,1165,6,20,152,9,3238,32,63,0,1,98,726,1,33,1,1775,18,4,1,67,317,118,361,32,496,37,4,8,12,17,2,38,28,5,37,39,0,1,5,1779,13,3,0,0,0,2,24,0,0,0,0,1,0,1,3910,165,97,93,6,4,0,18,0,0,2,0,811,522,8,8,1011,1821,2311,2238,3,63,0,1,1,5,154,9,56,277,56,7,108,123,0,1,59,266,3,22,44,52,0,3,0,10,1,0,11,8,0,0,48,91,2,0,135,0,23,0,0,2,0,0,6,6,7,9,3,0,0,3,8,12,5,0,0,1,0,0,0,0,0,5,0,0,0,0,107,1,0,1,1,0,10,23,0,0,0,17,2,2,1,0,0,1,1,0,0,28,0,0,0,4,0,0,2,0,0,0,50,21,0,13,0,0,0,0,0,0,0,0,0,0,0,0,0,0,0,3,0,0,0,0,0,0,0,0,0,0,0,0,0,0,0,0,0,0,17,0,0,0,0,0,0,0,0,30,20,0,2,0,0,0,0,0,0,0,0,0,0,0,0,0,0,1,0,0,0,0,0,1,0,0,0,0,0,0,0,0,0,0,0,0,0,0,0,0,0,0,0,0,0,0,0,0,0,0,0,0,0,0,0,0,0,0
0aa7ebe8d96b4ab04b5ca5e196ee4a62,6.6,260,828,3181,304,68,88,494,1415,2830,1164,14,19,158,15,3363,32,76,0,3,156,845,1,51,3,1581,18,10,3,73,294,154,363,33,677,77,4,6,10,19,2,44,24,5,33,40,0,3,5,1587,17,3,0,0,0,4,31,0,0,0,0,1,0,1,3252,182,93,114,6,0,0,24,0,0,8,0,1154,763,8,10,833,2083,2641,2207,5,65,2,5,5,8,165,31,73,330,55,9,98,125,4,1,81,266,4,24,54,62,0,4,2,12,15,10,23,24,4,2,50,95,4,0,135,4,23,0,0,2,0,0,6,6,7,9,3,0,0,3,8,12,5,0,0,1,0,0,0,0,0,5,0,0,0,0,107,1,0,1,1,0,10,23,0,0,0,17,2,2,1,0,0,1,1,0,0,24,0,0,0,4,0,0,2,0,0,0,51,21,0,13,0,0,0,0,0,0,0,0,0,0,0,0,0,0,0,3,0,0,0,0,0,0,0,0,0,0,0,0,0,0,0,0,0,0,17,0,0,0,0,0,0,0,0,28,21,0,2,0,0,0,0,0,0,0,0,0,0,0,0,0,0,1,0,0,0,0,0,1,0,0,0,0,0,0,0,0,0,0,0,0,0,0,0,0,0,0,0,0,0,0,0,0,0,0,0,0,0,0,0,0,0,0
0aaa45f023e907682fad829ad0bc9dc4,6.4,252,160,1747,178,74,74,455,1402,2806,1163,8,20,144,11,3438,32,67,0,2,126,752,1,38,2,1897,18,4,1,71,289,118,358,34,696,38,4,5,10,18,2,38,25,5,34,41,0,2,5,1900,14,3,0,0,0,2,24,0,0,0,0,1,0,1,3752,173,96,103,6,0,0,18,0,0,2,0,944,619,8,9,920,2179,2731,2215,5,70,1,2,2,7,160,13,60,311,60,7,98,125,0,2,59,266,3,22,45,53,0,3,1,11,1,0,11,8,0,0,48,91,2,0,135,0,23,0,0,3,1,0,6,6,7,9,3,0,0,3,8,12,5,0,0,1,0,0,0,0,0,5,0,0,0,0,107,1,0,1,1,0,10,23,0,0,0,17,2,2,1,0,0,1,1,0,0,25,0,0,0,4,0,0,2,0,0,0,50,21,0,13,0,0,0,0,0,0,0,0,0,0,0,0,0,0,0,3,0,0,0,0,0,0,0,0,0,0,0,0,0,0,0,0,0,0,17,0,0,0,0,0,0,0,0,29,20,0,2,0,0,0,0,0,0,0,0,0,0,0,0,0,0,1,0,0,0,0,0,1,0,0,0,0,0,0,0,0,0,0,0,0,0,0,0,0,0,0,0,0,0,0,0,0,0,0,0,0,0,0,0,0,0,0
0ab4e0a708c595e06ec1ad3886a54c34,6.4,258,180,2513,188,79,68,451,1385,2790,1150,6,19,139,9,3330,32,84,0,1,98,726,1,34,1,1874,18,4,1,67,317,118,363,35,489,37,4,8,12,17,2,38,28,5,37,42,0,1,5,1878,13,3,0,0,0,2,25,0,0,0,0,1,0,1,3819,166,93,90,6,0,0,18,0,0,2,0,811,522,8,8,1013,2131,3156,2303,6,59,0,1,1,5,155,9,55,312,55,7,118,123,0,1,59,266,3,22,44,52,0,2,0,10,1,0,11,8,0,0,48,91,2,0,135,0,23,0,0,3,1,0,6,6,7,9,3,0,0,3,8,12,5,0,0,1,0,0,0,0,0,5,0,0,0,0,107,1,0,1,1,0,7,17,0,0,0,17,2,2,1,0,0,1,1,0,0,28,0,0,0,4,0,0,2,0,0,0,50,21,0,13,0,0,0,0,0,0,0,0,0,0,0,0,0,0,0,3,0,0,0,0,0,0,0,0,0,0,0,0,0,0,0,0,0,0,17,0,0,0,0,0,0,0,0,27,20,0,2,0,0,0,0,0,0,0,0,0,0,0,0,0,0,1,0,0,0,0,0,1,0,0,0,0,0,0,0,0,0,0,0,0,0,0,0,0,0,0,0,0,0,0,0,0,0,0,0,0,0,0,0,0,0,0
0ab8d113272caee477e63232a3530320,5.8,186,171,2455,146,79,67,422,1385,2790,1151,6,19,139,9,2983,36,54,0,1,98,688,1,32,1,1614,17,4,1,59,313,120,339,32,477,30,4,8,11,17,2,38,28,5,37,39,0,1,5,1618,13,3,0,0,0,2,24,0,0,0,0,1,0,1,3483,160,92,577,6,4,0,18,0,0,2,0,729,477,8,8,1006,6695,1891,2143,3,59,0,1,1,5,149,9,55,240,55,7,98,123,0,1,59,252,4,22,38,50,0,2,0,10,1,0,11,8,0,0,38,91,2,0,135,0,18,0,0,2,0,0,6,6,7,9,3,0,0,3,8,12,5,0,0,1,0,0,0,0,0,5,0,0,0,0,107,1,0,1,1,0,7,17,0,0,0,17,2,2,1,0,0,1,1,0,0,28,0,0,0,4,0,0,2,0,0,0,50,21,0,13,0,0,0,0,0,0,0,0,0,0,0,0,0,0,0,3,0,0,0,0,0,0,0,0,0,0,0,0,0,0,0,0,0,0,17,0,0,0,0,0,0,0,0,28,20,0,2,0,0,0,0,0,0,0,0,0,0,0,0,0,0,1,0,0,0,0,0,1,0,0,0,0,0,0,0,0,0,0,0,0,0,0,0,0,0,0,0,0,0,0,0,0,0,0,0,0,0,0,0,0,0,0
0ab59ecab36a573f8b686abbbc1c0f6e,5.8,200,786,2994,227,74,70,441,1406,2809,1175,6,19,156,9,3549,37,110,0,2,100,735,1,29,1,2063,17,5,1,53,274,108,349,33,670,31,5,4,9,16,2,38,24,5,33,40,0,1,6,2067,13,3,0,0,0,4,26,0,0,0,0,1,0,1,3263,164,93,421,6,0,0,18,0,0,2,0,951,608,8,2,895,4642,2307,1979,0,67,0,1,1,4,156,8,55,254,55,7,37,127,0,2,47,254,2,22,41,49,0,2,0,16,1,0,11,8,0,0,38,91,2,0,135,0,23,0,0,2,0,0,6,6,7,9,3,0,0,3,8,12,6,0,0,1,0,0,0,0,0,5,0,0,0,0,107,1,0,1,1,0,10,23,0,0,0,13,2,2,1,0,0,1,1,0,0,24,0,0,0,4,0,0,2,0,0,0,36,21,0,13,0,0,0,0,0,0,0,0,0,0,0,0,0,0,0,0,1,0,0,0,0,0,0,0,0,0,0,0,0,0,0,0,0,0,13,0,0,0,0,0,0,0,0,20,14,0,2,0,0,0,0,0,0,0,0,0,0,0,0,0,0,1,0,0,0,0,0,1,0,0,0,0,0,0,0,0,0,0,0,0,0,0,0,0,0,0,0,0,0,0,0,0,0,0,0,0,0,0,0,0,0,0
0ab870bdade499251235a90ee50684ca,5.4,208,220,1988,256,82,103,528,1421,2814,1188,16,20,154,20,3457,32,93,0,5,187,908,1,61,5,1580,17,13,4,67,331,140,362,36,719,40,4,8,12,18,2,38,29,5,38,43,0,5,5,1584,13,3,0,0,0,2,32,0,0,0,0,1,0,1,2631,186,95,158,6,4,0,18,0,0,14,0,1275,853,8,12,785,1771,2079,2016,4,70,4,10,10,9,167,53,74,277,56,11,98,126,9,3,67,264,3,26,46,54,0,6,4,14,29,20,29,32,4,0,38,91,2,0,135,0,23,0,0,2,0,0,6,6,7,9,3,0,0,3,8,12,5,0,0,1,0,0,0,0,0,5,0,0,0,0,107,1,0,1,1,0,10,23,0,0,0,14,2,2,1,0,0,1,1,0,0,29,0,0,0,4,0,0,2,0,0,0,44,21,0,13,0,0,0,0,0,0,0,0,0,0,0,0,0,0,0,3,0,0,0,0,0,0,0,0,0,0,0,0,0,0,0,0,0,0,14,0,0,0,0,0,0,0,0,23,18,0,2,0,0,0,0,0,0,0,0,0,0,0,0,0,0,1,0,0,0,0,0,1,0,0,0,0,0,0,0,0,0,0,0,0,0,0,0,0,0,0,0,0,0,0,0,0,0,0,0,0,0,0,0,0,0,0
0aca3dacd2672d1e112a449969e80123,7.6,110,190,1886,248,128,82,411,1419,2818,1222,10,17,188,13,3450,40,118,0,3,132,774,1,44,2,1842,12,7,2,63,366,106,326,27,690,50,5,5,11,18,2,41,35,4,41,34,0,2,6,1847,15,3,0,0,0,3,33,4,4,150,0,1,0,1,3620,164,81,1010,6,2,1,38,2,2,5,0,1087,722,8,11,1155,11222,1681,847,4,45,1,3,3,7,150,21,67,175,58,9,132,123,2,2,70,234,4,25,45,57,0,3,1,17,7,5,17,16,2,1,33,65,3,0,135,2,23,0,0,2,0,0,6,6,9,9,3,0,0,3,15,12,6,0,0,1,0,0,0,0,0,5,0,0,0,0,107,0,0,1,1,0,12,23,0,0,0,20,2,2,2,0,0,1,0,16,0,35,0,2,0,6,2,23,2,0,0,0,59,21,0,55,1,1,1,1,1,1,1,1,1,0,0,0,0,0,0,3,1,0,0,0,0,2,0,0,0,0,0,0,0,0,0,0,0,0,20,0,0,0,0,0,0,0,0,20,19,0,2,0,0,0,0,0,0,0,0,0,0,0,0,0,0,1,0,0,0,0,0,0,0,0,0,0,0,0,0,0,0,0,0,0,0,0,0,0,0,0,0,0,0,0,0,0,0,0,0,0,0,0,0,0,0,0
0acdbab85d824090962512bcc576eb47,7.8,108,185,1836,250,127,82,471,1419,2817,1219,10,17,187,12,3180,32,93,0,2,134,785,1,46,2,1588,13,7,2,67,366,100,367,33,696,57,5,5,12,18,2,41,35,4,41,40,0,2,6,1593,15,3,0,0,0,3,31,0,0,0,0,1,0,1,3506,174,81,1117,6,2,1,35,2,2,5,0,982,647,8,9,1164,11896,2039,1139,7,31,1,3,3,7,161,21,66,172,57,8,112,125,2,2,60,256,3,23,47,55,0,4,1,11,7,5,17,16,2,1,43,65,3,0,135,2,18,0,0,3,1,0,6,6,9,9,3,0,0,3,11,12,6,0,0,1,0,0,0,0,0,5,0,0,0,0,107,0,0,1,1,0,9,17,0,0,0,9,2,2,2,0,0,1,0,16,0,35,0,2,0,6,2,23,2,0,0,0,26,21,0,55,1,1,1,1,1,1,1,1,1,0,0,0,0,0,0,0,0,0,0,0,0,0,0,0,0,0,0,0,0,0,0,0,0,0,9,0,0,0,0,0,0,0,0,9,9,0,2,0,0,0,0,0,0,0,0,0,0,0,0,0,0,1,0,0,0,0,0,0,0,0,0,0,0,0,0,0,0,0,0,0,0,0,0,0,0,0,0,0,0,0,0,0,0,0,0,0,0,0,0,0,0,0
0ad7b7e0c865d8370672221902a1e927,3.6,94,131,1632,113,50,48,29,649,464,518,2,16,66,8,369,1,33,0,1,47,23,1,12,1,12,2,4,1,0,232,40,120,1,225,9,5,6,7,10,0,1,25,4,28,1,0,1,4,16,7,3,0,0,0,2,8,0,0,0,0,1,0,0,2049,25,68,40,8,0,0,18,0,0,4,0,6,0,8,2,2,311,2824,2891,0,21,0,0,0,0,16,0,5,98,8,4,17,2,0,2,1,28,2,8,8,11,0,0,0,0,0,0,10,8,0,0,5,79,0,0,135,0,15,0,0,2,0,0,4,6,7,0,0,0,0,0,8,12,4,0,0,1,0,0,0,0,0,5,0,0,0,0,107,2,0,0,0,0,7,19,0,0,0,4,2,2,1,0,0,0,0,0,0,24,0,0,0,4,0,0,2,0,0,0,12,2,0,13,0,0,0,0,0,0,0,0,0,0,0,0,0,0,0,0,0,0,0,0,0,0,0,0,0,0,0,0,0,0,0,0,0,0,4,0,0,0,0,0,0,0,0,4,4,0,2,0,0,0,0,0,0,0,0,0,0,0,0,0,0,0,0,0,0,0,0,0,0,0,0,0,0,0,0,0,0,0,0,0,0,0,0,0,0,0,0,0,0,0,0,0,0,0,0,0,0,0,0,0,0,0
0adcb627d47709de40b22e045daeb96c,6.6,274,227,2746,271,82,88,491,1403,2815,1173,14,19,166,15,4562,32,62,0,3,159,823,1,49,3,2827,18,10,3,71,327,152,370,33,491,77,4,10,12,18,2,44,28,5,37,40,0,3,5,2833,17,3,0,0,0,4,30,0,0,0,0,1,0,1,3693,183,93,114,6,2,0,24,0,0,8,0,1104,734,8,4,969,1821,3036,2669,2,59,2,5,5,7,167,30,73,344,55,9,43,123,4,1,79,264,2,22,53,61,0,4,2,12,13,10,23,24,4,2,50,95,4,0,135,4,23,0,0,2,0,0,6,6,7,9,3,0,0,3,8,12,5,0,0,1,0,0,0,0,0,5,0,0,0,0,107,1,0,1,1,0,10,23,0,0,0,13,2,2,1,0,0,1,1,0,0,28,0,0,0,4,0,0,2,0,0,0,36,21,0,13,0,0,0,0,0,0,0,0,0,0,0,0,0,0,0,3,0,0,0,0,0,0,0,0,0,0,0,0,0,0,0,0,0,0,13,2,0,0,0,0,0,0,0,21,14,0,2,0,0,0,0,0,0,0,0,0,0,0,0,0,0,1,0,0,0,0,0,1,0,0,0,0,0,0,0,0,0,0,0,0,0,0,0,0,0,0,0,0,0,0,0,0,0,0,0,0,0,0,0,0,0,0
1b851438ec415474fed7ee8cfce3eb6d,1.6,0,0,0,0,0,0,0,0,0,0,0,0,0,0,0,0,0,0,0,0,0,0,0,0,0,0,0,0,0,0,0,0,0,0,0,0,0,0,0,0,0,0,0,0,0,0,0,0,0,0,0,0,0,0,3,0,0,0,0,0,0,0,0,0,0,0,0,0,0,0,0,0,0,0,0,0,0,0,0,0,0,0,0,0,0,0,0,0,0,0,0,0,0,0,0,0,0,0,0,0,0,0,0,0,0,0,0,1,0,0,0,0,0,0,0,0,0,0,0,0,0,0,0,0,0,0,0,0,0,0,0,0,0,0,0,0,0,0,0,0,0,0,0,0,0,0,0,0,0,0,0,0,0,0,0,0,0,0,0,0,0,0,0,0,0,0,0,0,0,0,0,0,0,0,0,0,0,0,0,0,0,0,0,0,0,0,0,0,0,0,0,0,0,0,0,0,0,0,0,0,0,0,0,0,0,0,0,0,0,0,0,0,0,0,0,0,0,0,0,0,0,0,0,0,0,0,0,0,0,0,0,0,0,0,0,0,0,0,0,0,0,0,0,0,0,0,0,0,0,0,0,0,0,0,0,0,0,0,0,0,0,0,0,0,0,0,0,0,0,0,0,0,0,0,0,0,0,0,0,0,0,0,0,0,0,0,0,0,0
0ae2869d875d4bf620c4d5171e795157,5.8,189,145,1729,158,80,74,457,1467,2819,1217,4,19,152,9,3309,34,59,0,1,126,1137,1,29,1,1822,17,4,1,59,320,122,353,30,483,30,4,6,12,17,2,38,28,6,38,37,0,1,5,1826,13,4,0,0,0,4,27,0,0,0,0,1,0,1,3946,233,92,92,14,0,0,18,0,0,4,0,799,521,8,8,993,1997,2141,2226,4,59,0,1,1,5,228,11,55,243,55,6,112,123,0,1,59,261,3,24,42,51,0,2,0,10,1,0,11,8,0,0,40,138,2,0,135,0,23,0,0,2,0,0,4,6,8,9,3,0,0,3,8,12,5,0,0,1,0,0,0,0,0,5,0,0,0,0,107,2,0,1,1,0,10,23,0,0,0,46,2,2,1,0,0,1,1,0,0,28,0,0,0,4,0,0,2,0,0,0,108,21,0,13,0,0,0,0,0,0,0,0,0,0,0,0,0,0,0,3,0,0,0,0,0,0,0,0,0,0,0,0,0,0,0,0,0,0,46,0,0,0,0,0,0,0,0,60,20,0,2,0,0,0,0,0,0,0,0,0,0,0,0,0,0,1,0,0,0,0,0,1,0,0,0,0,0,0,0,0,0,0,0,0,0,0,0,0,0,0,0,0,0,0,0,0,0,0,0,0,0,0,0,0,0,0
0aed53f0852414f6e1f04c2d67f74652,6.4,270,173,2437,158,80,67,444,1386,2790,1153,6,19,164,9,3194,36,59,0,1,98,726,1,39,1,1719,18,4,1,67,322,118,361,31,473,37,4,8,13,17,2,38,29,5,38,38,0,1,5,1723,13,3,0,0,0,2,24,0,0,0,0,1,0,1,3815,165,92,90,6,8,0,18,0,0,2,0,811,522,8,9,978,2342,3127,2345,5,59,0,1,1,10,154,9,55,324,55,7,98,123,0,1,59,266,3,22,44,56,0,2,0,10,1,0,11,8,0,0,48,91,2,0,135,0,23,0,0,3,1,0,6,6,7,9,3,0,0,3,8,12,5,0,0,1,0,0,0,0,0,5,0,0,0,0,107,1,0,1,1,0,10,23,0,0,0,19,2,2,1,0,0,1,1,0,0,29,0,0,0,4,0,0,2,0,0,0,58,21,0,13,0,0,0,0,0,0,0,0,0,0,0,0,0,0,0,3,0,0,0,0,0,0,0,0,0,0,0,0,0,0,0,0,0,0,19,0,0,0,0,0,0,0,0,31,24,0,2,0,0,0,0,0,0,0,0,0,0,0,0,0,0,1,0,0,0,0,0,1,0,0,0,0,0,0,0,0,0,0,0,0,0,0,0,0,0,0,0,0,0,0,0,0,0,0,0,0,0,0,0,0,0,0
0b1b93ae7e376af2ee28e514461f11c0,6.6,187,204,2648,235,81,79,500,1396,2803,1161,10,19,165,12,3187,32,81,0,2,139,1195,1,42,2,1533,18,7,2,71,321,136,370,34,490,57,4,9,12,18,2,41,28,5,37,41,0,2,5,1538,15,3,0,0,0,3,28,0,0,0,0,1,0,1,3614,242,93,105,6,2,0,21,0,0,5,0,1001,666,8,9,1005,2086,2094,2170,4,62,1,3,3,11,228,23,64,249,55,8,118,123,2,1,70,269,4,23,49,57,0,3,1,11,7,5,17,16,2,1,49,93,3,0,135,2,23,0,0,2,0,0,6,6,7,9,3,0,0,3,8,12,5,0,0,1,0,0,0,0,0,5,0,0,0,0,107,1,0,1,1,0,10,23,0,0,0,17,2,2,1,0,0,1,1,0,0,28,0,0,0,4,0,0,2,0,0,0,52,21,0,13,0,0,0,0,0,0,0,0,0,0,0,0,0,0,0,3,0,0,0,0,0,0,0,0,0,0,0,0,0,0,0,0,0,0,17,2,0,0,0,0,0,0,0,29,22,0,2,0,0,0,0,0,0,0,0,0,0,0,0,0,0,1,0,0,0,0,0,1,0,0,0,0,0,0,0,0,0,0,0,0,0,0,0,0,0,0,0,0,0,0,0,0,0,0,0,0,0,0,0,0,0,0
0b1cfe8bf8573410b561501cfc30ab69,5.8,294,179,2506,215,80,68,475,1386,2790,1154,6,19,164,9,2998,32,59,0,1,107,1128,1,30,1,1532,17,4,1,59,312,118,357,33,484,30,4,8,11,17,2,38,28,5,37,40,0,1,5,1536,13,3,0,0,0,2,25,0,0,0,0,1,0,1,3874,232,92,90,6,4,0,18,0,0,2,0,801,524,8,8,955,1883,3352,2314,4,61,0,1,1,5,221,11,55,348,55,7,98,125,0,1,59,269,3,22,38,46,0,2,0,10,1,0,11,8,0,0,38,91,2,0,135,0,23,0,0,2,0,0,6,6,7,9,3,0,0,3,8,12,5,0,0,1,0,0,0,0,0,5,0,0,0,0,107,1,0,1,1,0,10,23,0,0,0,20,2,2,1,0,0,1,1,0,0,28,0,0,0,4,0,0,2,0,0,0,60,21,0,13,0,0,0,0,0,0,0,0,0,0,0,0,0,0,0,3,0,0,0,0,0,0,0,0,0,0,0,0,0,0,0,0,0,0,20,0,0,0,0,0,0,0,0,32,24,0,2,0,0,0,0,0,0,0,0,0,0,0,0,0,0,1,0,0,0,0,0,1,0,0,0,0,0,0,0,0,0,0,0,0,0,0,0,0,0,0,0,0,0,0,0,0,0,0,0,0,0,0,0,0,0,0
0b1e286567a5a06a217fb3e22f8fd0a8,5.8,230,176,2494,152,80,67,448,1385,2790,1152,6,19,164,10,2899,32,76,0,1,98,707,1,34,1,1433,18,4,1,67,323,118,364,34,482,37,4,8,13,17,2,38,29,5,38,41,0,1,5,1437,13,3,0,0,0,2,24,0,0,0,0,1,0,1,4034,164,92,91,6,4,0,18,0,0,2,0,770,500,8,10,941,2162,2569,2275,4,59,0,1,1,5,153,9,56,285,56,8,118,123,0,1,59,266,3,22,44,52,0,2,0,10,1,0,11,8,0,0,48,91,2,0,135,0,23,0,0,2,0,0,6,6,7,9,3,0,0,3,8,12,5,0,0,1,0,0,0,0,0,5,0,0,0,0,107,1,0,1,1,0,10,23,0,0,0,62,2,2,1,0,0,1,1,0,0,29,0,0,0,4,0,0,2,0,0,0,151,21,0,13,0,0,0,0,0,0,0,0,0,0,0,0,0,0,0,3,0,0,0,0,0,0,0,0,0,0,0,0,0,0,0,0,0,0,62,0,0,0,0,0,0,0,0,85,31,0,2,0,0,0,0,0,0,0,0,0,0,0,0,0,0,1,0,0,0,0,0,1,0,0,0,0,0,0,0,0,0,0,0,0,0,0,0,0,0,0,0,0,0,0,0,0,0,0,0,0,0,0,0,0,0,0
0b3ad5a9a82fc4523a29ad63bc4d523f,5.8,244,185,2572,187,80,67,461,1389,2790,1166,6,19,164,11,3059,32,101,0,1,98,727,1,30,1,1590,17,4,1,59,313,118,362,32,483,30,4,8,11,17,2,38,28,5,37,39,0,1,5,1594,13,3,0,0,0,2,26,0,0,0,0,1,0,1,3922,167,92,89,6,4,0,18,0,0,2,0,822,530,8,11,998,2057,2479,2300,5,59,0,1,1,5,157,9,57,300,57,8,118,125,0,1,59,275,3,22,38,46,0,2,0,10,1,0,11,8,0,0,38,91,2,0,135,0,23,0,0,2,0,0,6,6,7,9,3,0,0,3,8,12,5,0,0,1,0,0,0,0,0,5,0,0,0,0,107,1,0,1,1,0,10,23,0,0,0,20,2,2,1,0,0,1,1,0,0,28,0,0,0,4,0,0,2,0,0,0,59,21,0,13,0,0,0,0,0,0,0,0,0,0,0,0,0,0,0,3,0,0,0,0,0,0,0,0,0,0,0,0,0,0,0,0,0,0,20,0,0,0,0,0,0,0,0,34,23,0,2,0,0,0,0,0,0,0,0,0,0,0,0,0,0,1,0,0,0,0,0,1,0,0,0,0,0,0,0,0,0,0,0,0,0,0,0,0,0,0,0,0,0,0,0,0,0,0,0,0,0,0,0,0,0,0
0b3e39d20066029b87e8e2ab3fb7a4b3,5.8,282,179,2516,163,80,67,446,1389,2790,1164,6,19,152,9,3141,32,60,0,1,98,727,1,32,1,1666,18,4,1,67,316,118,362,34,485,37,4,8,12,17,2,38,28,5,37,41,0,1,5,1670,13,3,0,0,0,2,24,0,0,0,0,1,0,1,4237,165,92,90,6,2,0,18,0,0,2,0,818,526,8,8,1150,2087,3294,2415,5,59,0,1,1,5,154,9,55,336,55,7,108,125,0,1,59,266,3,22,44,52,0,2,0,10,1,0,11,8,0,0,48,91,2,0,135,0,23,0,0,2,0,0,6,6,7,9,3,0,0,3,8,12,5,0,0,1,0,0,0,0,0,5,0,0,0,0,107,1,0,1,1,0,10,23,0,0,0,20,2,2,1,0,0,1,1,0,0,28,0,0,0,4,0,0,2,0,0,0,64,21,0,13,0,0,0,0,0,0,0,0,0,0,0,0,0,0,0,3,0,0,0,0,0,0,0,0,0,0,0,0,0,0,0,0,0,0,20,0,0,0,0,0,0,0,0,34,26,0,2,0,0,0,0,0,0,0,0,0,0,0,0,0,0,1,0,0,0,0,0,1,0,0,0,0,0,0,0,0,0,0,0,0,0,0,0,0,0,0,0,0,0,0,0,0,0,0,0,0,0,0,0,0,0,0
0b4ce15d51b42ac7d7ee0ef54177be76,5.8,234,153,1734,181,73,68,445,1403,2804,1172,6,19,131,9,3136,32,76,0,1,98,708,1,33,1,1678,18,5,1,67,290,118,355,33,682,37,4,4,10,17,2,38,25,5,34,40,0,1,5,1682,13,3,0,0,0,2,24,0,0,0,0,1,0,1,4296,165,93,90,6,0,0,18,0,0,2,0,775,502,8,8,1064,2042,2724,2481,5,62,0,1,1,5,155,9,59,292,59,7,108,125,0,2,59,266,3,22,44,52,0,3,0,10,1,0,11,8,0,0,48,91,2,0,135,0,23,0,0,2,0,0,6,6,7,9,3,0,0,3,8,12,5,0,0,1,0,0,0,0,0,5,0,0,0,0,107,1,0,1,1,0,7,17,0,0,0,21,2,2,1,0,0,1,1,0,0,25,0,0,0,4,0,0,2,0,0,0,66,21,0,13,0,0,0,0,0,0,0,0,0,0,0,0,0,0,0,3,0,0,0,0,0,0,0,0,0,0,0,0,0,0,0,0,0,0,21,0,0,0,0,0,0,0,0,35,28,0,2,0,0,0,0,0,0,0,0,0,0,0,0,0,0,1,0,0,0,0,0,1,0,0,0,0,0,0,0,0,0,0,0,0,0,0,0,0,0,0,0,0,0,0,0,0,0,0,0,0,0,0,0,0,0,0
0b5b7d7ac3a25ecf0c9848e287c65b54,5.8,252,153,1734,180,73,68,446,1399,2804,1158,6,19,131,9,3073,32,81,0,1,98,707,1,34,1,1619,18,4,1,67,290,118,356,34,683,37,4,4,10,17,2,38,25,5,34,41,0,1,5,1623,13,3,0,0,0,2,23,0,0,0,0,1,0,1,4186,164,93,90,6,0,0,18,0,0,2,0,767,497,8,8,1023,2175,2766,1938,5,60,0,1,1,5,154,9,59,310,59,7,108,123,0,2,59,266,3,22,44,52,0,2,0,10,1,0,11,8,0,0,48,91,2,0,135,0,18,0,0,2,0,0,6,6,7,9,3,0,0,3,8,12,5,0,0,1,0,0,0,0,0,5,0,0,0,0,107,1,0,1,1,0,7,17,0,0,0,22,2,2,1,0,0,1,1,0,0,25,0,0,0,4,0,0,2,0,0,0,66,21,0,13,0,0,0,0,0,0,0,0,0,0,0,0,0,0,0,3,0,0,0,0,0,0,0,0,0,0,0,0,0,0,0,0,0,0,22,0,0,0,0,0,0,0,0,36,26,0,2,0,0,0,0,0,0,0,0,0,0,0,0,0,0,1,0,0,0,0,0,1,0,0,0,0,0,0,0,0,0,0,0,0,0,0,0,0,0,0,0,0,0,0,0,0,0,0,0,0,0,0,0,0,0,0
0b5bd55f61cfe9ba0ad8e0066379d25d,5.8,198,2362,4671,183,74,68,444,1399,2804,1160,6,19,156,9,3051,32,87,0,1,98,708,1,34,1,1594,18,4,1,67,289,118,355,33,682,37,4,4,10,17,2,38,25,5,34,40,0,1,5,1598,13,3,0,0,0,2,24,0,0,0,0,1,0,1,4194,165,93,90,6,0,0,18,0,0,2,0,775,502,8,8,1123,1907,2198,2219,5,60,0,1,1,5,154,9,59,256,59,7,98,125,0,2,59,266,3,22,44,52,0,2,0,10,1,0,11,8,0,0,48,91,2,0,135,0,23,0,0,2,0,0,6,6,7,9,3,0,0,3,8,12,5,0,0,1,0,0,0,0,0,5,0,0,0,0,107,1,0,1,1,0,10,23,0,0,0,21,2,2,1,0,0,1,1,0,0,25,0,0,0,4,0,0,2,0,0,0,65,21,0,13,0,0,0,0,0,0,0,0,0,0,0,0,0,0,0,3,0,0,0,0,0,0,0,0,0,0,0,0,0,0,0,0,0,0,21,0,0,0,0,0,0,0,0,35,27,0,2,0,0,0,0,0,0,0,0,0,0,0,0,0,0,1,0,0,0,0,0,1,0,0,0,0,0,0,0,0,0,0,0,0,0,0,0,0,0,0,0,0,0,0,0,0,0,0,0,0,0,0,0,0,0,0
0b6c4db80edfd19ba6872c72ec9f6a70,6.4,258,1976,4154,176,65,69,443,1403,2804,1163,6,19,143,9,3012,32,68,0,1,101,710,1,29,1,1581,17,4,1,59,278,118,346,33,673,30,4,4,9,17,2,38,24,5,33,40,0,1,5,1585,13,3,0,0,0,2,24,0,0,0,0,1,0,1,4235,165,93,89,6,0,0,18,0,0,2,0,772,501,8,8,1056,2384,2841,2374,7,59,0,1,1,9,154,9,55,312,55,7,108,123,0,1,59,266,3,22,38,46,0,2,0,10,1,0,11,8,0,0,38,91,2,0,135,0,23,0,0,3,1,0,6,6,7,9,3,0,0,3,8,12,5,0,0,1,0,0,0,0,0,5,0,0,0,0,107,1,0,1,1,0,7,17,0,0,0,20,2,2,1,0,0,1,1,0,0,24,0,0,0,4,0,0,2,0,0,0,65,21,0,13,0,0,0,0,0,0,0,0,0,0,0,0,0,0,0,3,0,0,0,0,0,0,0,0,0,0,0,0,0,0,0,0,0,0,20,0,0,0,0,0,0,0,0,32,27,0,2,0,0,0,0,0,0,0,0,0,0,0,0,0,0,1,0,0,0,0,0,1,0,0,0,0,0,0,0,0,0,0,0,0,0,0,0,0,0,0,0,0,0,0,0,0,0,0,0,0,0,0,0,0,0,0
0b9abcd0347ea449c717bbaee08aa486,6.4,246,179,2557,173,79,68,446,1390,2790,1164,6,19,151,9,3350,32,71,0,1,98,707,1,35,1,1891,18,5,1,67,314,118,361,33,484,37,4,8,12,17,2,38,28,5,37,40,0,1,5,1895,13,3,0,0,0,2,24,0,0,0,0,1,0,1,4080,165,92,90,6,2,0,18,0,0,2,0,768,498,8,9,1098,2112,2740,2417,4,59,0,1,1,10,154,9,55,300,55,7,108,123,0,1,59,266,3,22,44,52,0,2,0,10,1,0,11,8,0,0,48,91,2,0,135,0,18,0,0,3,1,0,6,6,7,9,3,0,0,3,8,12,5,0,0,1,0,0,0,0,0,5,0,0,0,0,107,1,0,1,1,0,7,17,0,0,0,50,2,2,1,0,0,1,1,0,0,28,0,0,0,4,0,0,2,0,0,0,124,21,0,13,0,0,0,0,0,0,0,0,0,0,0,0,0,0,0,3,0,0,0,0,0,0,0,0,0,0,0,0,0,0,0,0,0,0,50,0,0,0,0,0,0,0,0,71,28,0,2,0,0,0,0,0,0,0,0,0,0,0,0,0,0,1,0,0,0,0,0,1,0,0,0,0,0,0,0,0,0,0,0,0,0,0,0,0,0,0,0,0,0,0,0,0,0,0,0,0,0,0,0,0,0,0
0b26e74579cab0f2954870be2a5ef807,5.8,306,173,2452,155,80,67,454,1385,2792,1153,6,20,152,9,3047,32,60,0,1,98,708,1,27,1,1589,17,4,1,59,321,118,364,34,492,30,4,8,12,17,2,38,29,5,38,41,0,1,5,1593,13,3,0,0,0,2,24,0,0,0,0,1,0,1,4212,167,95,92,6,4,0,18,0,0,2,0,774,501,8,8,1085,2155,3534,2441,5,61,0,1,1,5,156,9,56,361,56,7,108,125,0,1,59,272,3,22,38,46,0,2,0,10,1,0,11,8,0,0,38,91,2,0,135,0,23,0,0,2,0,0,6,6,7,9,3,0,0,3,8,12,5,0,0,1,0,0,0,0,0,5,0,0,0,0,107,1,0,1,1,0,10,23,0,0,0,22,2,2,1,0,0,1,1,0,0,29,0,0,0,4,0,0,2,0,0,0,68,21,0,13,0,0,0,0,0,0,0,0,0,0,0,0,0,0,0,3,0,0,0,0,0,0,0,0,0,0,0,0,0,0,0,0,0,0,22,0,0,0,0,0,0,0,0,38,28,0,2,0,0,0,0,0,0,0,0,0,0,0,0,0,0,1,0,0,0,0,0,1,0,0,0,0,0,0,0,0,0,0,0,0,0,0,0,0,0,0,0,0,0,0,0,0,0,0,0,0,0,0,0,0,0,0
0b34e7b01518584833b683720a02ceb6,5.8,312,175,2499,171,79,67,446,1385,2790,1151,6,19,139,9,3090,32,71,0,1,98,708,1,28,1,1650,17,4,1,59,313,118,356,35,489,30,4,8,11,17,2,38,28,5,37,42,0,1,5,1654,13,3,0,0,0,2,24,0,0,0,0,1,0,1,4209,165,92,89,6,4,0,18,0,0,2,0,768,498,8,8,1029,1829,3465,2449,5,59,0,1,1,5,154,9,55,366,55,7,108,123,0,1,59,266,3,22,38,46,0,2,0,10,1,0,11,8,0,0,38,91,2,0,135,0,18,0,0,2,0,0,6,6,7,9,3,0,0,3,8,12,5,0,0,1,0,0,0,0,0,5,0,0,0,0,107,1,0,1,1,0,7,17,0,0,0,22,2,2,1,0,0,1,1,0,0,28,0,0,0,4,0,0,2,0,0,0,65,21,0,13,0,0,0,0,0,0,0,0,0,0,0,0,0,0,0,3,0,0,0,0,0,0,0,0,0,0,0,0,0,0,0,0,0,0,22,0,0,0,0,0,0,0,0,35,25,0,2,0,0,0,0,0,0,0,0,0,0,0,0,0,0,1,0,0,0,0,0,1,0,0,0,0,0,0,0,0,0,0,0,0,0,0,0,0,0,0,0,0,0,0,0,0,0,0,0,0,0,0,0,0,0,0
0b35cec675f2fca8184ae0601fe3708c,6.6,261,240,2750,360,83,97,523,1434,2829,1195,18,19,155,18,3037,32,98,0,4,164,873,1,59,4,1207,18,14,4,69,345,172,379,34,485,97,4,11,13,22,2,47,29,5,38,41,0,4,5,1214,19,3,0,0,0,5,36,0,0,0,0,1,0,1,3150,186,92,155,6,4,0,27,0,0,11,0,1006,676,8,11,928,2112,2872,2146,8,67,3,8,8,6,167,43,82,339,55,10,98,127,8,5,92,266,4,25,59,67,0,5,3,13,19,15,29,32,6,3,51,97,5,0,135,6,23,0,0,2,0,0,6,6,7,9,3,0,0,3,8,12,5,0,0,1,0,0,0,0,0,5,0,0,0,0,107,1,0,1,1,0,10,23,0,0,0,19,2,2,1,0,0,1,1,0,0,29,0,0,0,4,0,0,2,0,0,0,62,21,0,13,0,0,0,0,0,0,0,0,0,0,0,0,0,0,0,3,0,0,0,0,0,0,0,0,0,0,0,0,0,0,0,0,0,0,19,0,0,0,0,0,0,0,0,34,28,0,2,0,0,0,0,0,0,0,0,0,0,0,0,0,0,1,0,0,0,0,0,1,0,0,0,0,0,0,0,0,0,0,0,0,0,0,0,0,0,0,0,0,0,0,0,0,0,0,0,0,0,0,0,0,0,0
0b67f0c46b9bd99851bd110acfb2432b,6.2,159,159,1548,273,75,67,473,1410,2800,1194,9,19,138,10,3440,32,66,0,2,131,838,1,41,2,1789,24,7,2,71,325,134,370,34,481,57,2,6,16,43,2,41,28,5,37,41,0,1,4,1794,19,3,0,0,0,1,28,0,0,0,0,1,0,1,4192,175,92,113,6,3,0,21,0,0,6,0,1044,691,8,11,1382,1637,2275,2609,6,110,1,4,4,7,164,21,124,283,115,7,105,123,2,1,70,266,3,19,48,56,0,3,1,11,7,5,15,16,2,1,49,93,3,0,135,2,23,0,0,2,0,0,6,3,7,9,3,0,0,3,8,12,4,0,0,1,0,0,0,0,0,5,0,0,0,0,54,1,0,1,1,0,7,17,0,0,0,52,2,2,1,0,0,1,1,0,0,28,0,0,0,4,0,0,2,0,0,0,128,21,0,13,0,0,0,0,0,0,0,0,0,0,0,0,0,0,0,3,0,0,0,0,0,0,0,0,0,0,0,0,0,0,0,0,0,0,52,0,0,0,0,0,0,0,0,69,29,0,2,0,0,0,0,0,0,0,0,0,0,0,0,0,0,1,0,0,0,0,0,1,0,0,0,0,0,0,0,0,0,0,0,0,0,0,0,0,0,0,0,0,0,0,0,0,0,0,0,0,0,0,0,0,0,0
0b75a6f3fed2df83d62f1f8b1ff430db,6.4,248,197,2605,219,88,78,498,1395,2799,1168,8,19,152,11,3325,32,83,0,2,127,758,1,31,2,1744,17,5,1,59,274,110,372,37,491,32,5,9,9,17,2,38,24,5,33,44,0,2,6,1748,13,3,0,0,0,2,23,0,0,0,0,1,0,1,3910,176,92,482,6,2,0,18,0,0,5,0,949,618,8,9,908,5373,2950,2518,7,61,1,3,3,7,164,21,55,301,55,8,122,125,2,2,51,277,3,23,40,48,0,3,1,11,7,5,11,8,0,0,38,91,2,0,135,0,23,0,0,3,1,0,6,6,7,9,3,0,0,3,8,12,6,0,0,1,0,0,0,0,0,5,0,0,0,0,107,1,0,1,1,0,10,23,0,0,0,20,2,2,1,0,0,1,1,0,0,24,0,0,0,4,0,0,2,0,0,0,58,21,0,13,0,0,0,0,0,0,0,0,0,0,0,0,0,0,0,0,0,0,0,0,0,0,0,0,0,0,0,0,0,0,0,0,0,0,20,0,0,0,0,0,0,0,0,32,22,0,2,0,0,0,0,0,0,0,0,0,0,0,0,0,0,1,0,0,0,0,0,1,0,0,0,0,0,0,0,0,0,0,0,0,0,0,0,0,0,0,0,0,0,0,0,0,0,0,0,0,0,0,0,0,0,0
0b0412e4cd4594d0eb1dce2aece370b5,6.4,258,180,2548,180,79,68,445,1385,2790,1150,6,19,139,9,2986,32,88,0,1,98,707,1,33,1,1533,18,5,1,67,315,120,363,35,489,37,4,8,12,17,2,38,28,5,37,42,0,1,5,1537,13,3,0,0,0,2,24,0,0,0,0,1,0,1,3953,165,93,540,6,2,0,18,0,0,2,0,772,501,8,8,917,6679,2906,2372,7,59,0,1,1,9,154,9,55,312,55,7,98,123,0,1,59,266,3,22,44,52,0,2,0,10,1,0,11,8,0,0,48,91,2,0,135,0,18,0,0,3,1,0,6,6,7,9,3,0,0,3,8,12,5,0,0,1,0,0,0,0,0,5,0,0,0,0,107,1,0,1,1,0,7,17,0,0,0,20,2,2,1,0,0,1,1,0,0,28,0,0,0,4,0,0,2,0,0,0,61,21,0,13,0,0,0,0,0,0,0,0,0,0,0,0,0,0,0,3,0,0,0,0,0,0,0,0,0,0,0,0,0,0,0,0,0,0,20,2,0,0,0,0,0,0,0,35,25,0,2,0,0,0,0,0,0,0,0,0,0,0,0,0,0,1,0,0,0,0,0,1,0,0,0,0,0,0,0,0,0,0,0,0,0,0,0,0,0,0,0,0,0,0,0,0,0,0,0,0,0,0,0,0,0,0
0b512b3a4c8a8880395da44be3ceb4e1,5.8,258,2050,5514,188,66,69,472,1396,2803,1149,6,19,156,9,3182,36,68,0,1,107,1128,1,36,1,1689,18,5,1,67,281,118,355,32,672,37,4,4,10,17,2,38,24,5,33,39,0,1,5,1693,13,3,0,0,0,2,25,0,0,0,0,1,0,1,4257,232,93,91,6,0,0,18,0,0,2,0,801,524,8,8,1073,1885,2879,2454,5,59,0,1,1,9,222,11,55,312,55,7,98,123,0,1,59,269,3,22,44,56,0,2,0,10,1,0,11,8,0,0,48,91,2,0,135,0,23,0,0,2,0,0,6,6,7,9,3,0,0,3,8,12,5,0,0,1,0,0,0,0,0,5,0,0,0,0,107,1,0,1,1,0,10,23,0,0,0,62,2,2,1,0,0,1,1,0,0,24,0,0,0,4,0,0,2,0,0,0,152,21,0,13,0,0,0,0,0,0,0,0,0,0,0,0,0,0,0,3,0,0,0,0,0,0,0,0,0,0,0,0,0,0,0,0,0,0,62,0,0,0,0,0,0,0,0,81,30,0,2,0,0,0,0,0,0,0,0,0,0,0,0,0,0,1,0,0,0,0,0,1,0,0,0,0,0,0,0,0,0,0,0,0,0,0,0,0,0,0,0,0,0,0,0,0,0,0,0,0,0,0,0,0,0,0
1bb0162a5807e80357699aeb50fe0b78,1.6,0,19,368,10,3,4,4,5,4,9,1,0,3,0,28,1,4,1,1,6,5,1,2,1,1,2,2,0,0,0,1,1,1,1,0,0,2,0,0,0,0,0,0,0,0,0,0,0,0,0,3212,0,0,0,3,1,0,0,0,0,0,0,0,0,0,0,0,0,0,0,0,0,0,0,0,0,0,0,0,0,0,0,0,0,0,0,0,0,0,0,0,0,0,0,0,0,0,0,0,0,0,0,0,0,0,0,0,0,0,0,0,0,0,0,0,0,0,1799,0,0,0,0,0,0,0,0,0,0,0,0,0,0,0,0,0,0,0,0,0,0,0,0,0,0,0,0,0,0,0,0,0,0,0,0,0,0,0,0,0,0,0,0,0,0,0,0,0,0,0,0,0,0,0,0,0,0,0,0,0,0,0,0,0,0,0,0,0,0,0,0,0,0,0,0,0,0,0,0,0,0,0,0,0,0,0,0,0,0,0,0,0,0,0,0,0,0,0,0,0,0,0,0,0,0,0,0,0,0,0,0,0,0,0,0,0,0,0,0,0,0,0,0,0,0,0,0,0,0,0,0,0,0,0,0,0,0,0,0,0,0,0,0,0,0,0,0,0,0,0,0,0,0,0,0,0,0,0,0,0,0,0,0,0,0,0,0,0,0,0
0b02447a860c55567fcd6ad66c6c268e,6.6,201,234,2713,303,81,97,532,1419,2821,1177,16,19,141,18,3297,32,108,0,4,182,1305,1,58,4,1412,18,13,4,73,337,154,370,32,481,80,4,11,13,20,2,44,29,5,38,39,0,4,5,1418,17,3,0,0,0,4,34,0,0,0,0,1,0,1,3620,250,92,144,6,4,0,24,0,0,11,0,1190,802,8,11,1317,1852,2411,2351,7,67,3,8,8,8,232,45,73,270,55,10,118,126,7,3,83,263,3,25,56,64,0,6,3,13,21,15,29,32,4,2,50,95,4,0,135,4,18,0,0,2,0,0,6,6,7,9,3,0,0,3,8,12,5,0,0,1,0,0,0,0,0,5,0,0,0,0,107,1,0,1,1,0,7,17,0,0,0,19,2,2,1,0,0,0,1,0,0,29,0,0,0,4,0,0,2,0,0,0,59,21,0,13,0,0,0,0,0,0,0,0,0,0,0,0,0,0,0,3,0,0,0,0,0,0,0,0,0,0,0,0,0,0,0,0,0,0,19,0,0,0,0,0,0,0,0,31,25,0,2,0,0,0,0,0,0,0,0,0,0,0,0,0,0,1,0,0,0,0,0,1,0,0,0,0,0,0,0,0,0,0,0,0,0,0,0,0,0,0,0,0,0,0,0,0,0,0,0,0,0,0,0,0,0,0
0b8303c28b8f7cd7087e04c1f2dd1871,5.4,110,136437,138136,162,69,54,450,1129,2586,901,5,17,130,7,1534,26,73,0,1,70,265,1,27,1,236,17,4,1,57,277,104,362,39,443,28,2,7,10,11,2,36,23,5,32,44,0,1,4,239,7,3,0,0,0,2,10,2,2,76,0,0,0,1,1033,96,91,65,6,0,0,18,0,0,1,0,730,461,8,8,224,845,986,553,5,59,0,0,0,5,79,2,5,116,7,4,85,125,0,2,59,287,3,12,33,41,0,2,0,8,1,0,9,8,0,0,22,90,1,0,135,0,23,0,0,2,0,0,6,3,7,6,2,0,0,1,8,12,4,0,0,0,0,0,0,0,0,5,0,0,0,0,54,1,0,1,1,0,10,23,0,0,0,11,2,2,1,0,0,1,1,0,0,23,0,0,0,4,0,0,2,0,0,0,29,21,0,13,0,0,0,0,0,0,0,0,0,0,0,0,0,0,0,3,0,0,0,0,0,0,0,0,0,0,0,0,0,0,0,0,0,0,11,0,0,0,0,0,0,0,0,18,11,0,2,0,0,0,0,0,0,0,0,0,0,0,0,0,0,0,0,0,0,0,0,1,0,0,0,0,0,0,0,0,0,0,0,0,0,0,0,0,0,0,0,0,0,0,0,0,0,0,0,0,0,0,0,0,0,0
0b18737a8240cab43a5a23c3beb21200,6.0,276,156,2508,159,80,96,462,1391,2791,1167,6,19,152,9,3244,32,57,0,1,98,722,1,26,1,1797,17,4,1,59,279,118,347,33,473,30,4,12,9,17,2,38,24,5,33,42,0,1,5,1801,13,3,0,0,0,2,23,0,0,0,0,1,0,1,3871,164,93,89,6,0,0,18,0,0,2,0,859,554,8,8,996,2032,2918,2294,3,59,0,1,1,9,152,9,55,330,55,7,108,125,0,1,59,266,3,22,38,46,0,2,0,12,1,0,11,8,0,0,38,91,2,0,135,2,23,0,0,2,0,0,6,6,7,9,3,0,0,3,8,12,5,0,0,1,0,0,0,0,0,5,0,0,0,0,107,1,0,1,1,0,10,23,0,0,0,17,2,2,1,0,0,1,1,0,0,24,0,0,0,4,0,0,2,0,0,0,51,21,0,13,0,0,0,0,0,0,0,0,0,0,0,0,0,0,0,3,0,0,0,0,0,0,0,0,0,0,0,0,0,0,0,0,0,0,17,2,0,0,0,0,0,0,0,28,21,0,2,0,0,0,0,0,0,0,0,0,0,0,0,0,0,1,0,0,0,0,0,1,0,0,0,0,0,0,0,0,0,0,0,0,0,0,0,0,0,0,0,0,0,0,0,0,0,0,0,0,0,0,0,0,0,0
0b93836ed74b1e838eba9e10d866a1db,6.6,319,2242,4578,248,75,78,466,1407,2819,1166,10,20,145,12,3230,36,78,0,2,130,765,1,44,2,1604,18,7,2,71,298,136,359,33,697,57,4,5,10,18,2,41,25,5,34,40,0,2,5,1609,15,3,0,0,0,2,27,0,0,0,0,1,0,1,4143,173,98,107,6,0,0,21,0,0,5,0,951,630,8,9,966,2168,3834,2454,5,67,1,3,3,7,159,21,69,386,60,8,98,127,2,2,70,264,3,23,49,61,0,3,1,11,9,5,17,16,2,1,49,93,3,0,135,2,23,0,0,2,0,0,6,6,7,9,3,0,0,3,8,12,5,0,0,1,0,0,0,0,0,5,0,0,0,0,107,1,0,1,1,0,10,23,0,0,0,22,2,2,1,0,0,1,1,0,0,25,0,0,0,4,0,0,2,0,0,0,68,21,0,13,0,0,0,0,0,0,0,0,0,0,0,0,0,0,0,3,0,0,0,0,0,0,0,0,0,0,0,0,0,0,0,0,0,0,22,0,0,0,0,0,0,0,0,35,28,0,2,0,0,0,0,0,0,0,0,0,0,0,0,0,0,1,0,0,0,0,0,1,0,0,0,0,0,0,0,0,0,0,0,0,0,0,0,0,0,0,0,0,0,0,0,0,0,0,0,0,0,0,0,0,0,0
0b446167ef31d99f746f870eb34b1da1,6.4,234,1977,4160,172,66,69,446,1401,2804,1164,6,19,156,9,3068,32,73,0,1,98,707,1,29,1,1647,17,5,1,59,279,118,348,35,675,30,4,4,9,17,2,38,24,5,33,42,0,1,5,1651,13,3,0,0,0,2,24,0,0,0,0,1,0,1,4081,165,93,89,6,0,0,18,0,0,2,0,766,496,8,8,941,2206,2464,2344,7,59,0,1,1,5,154,9,55,288,55,7,98,123,0,1,59,266,3,22,38,46,0,2,0,10,1,0,11,8,0,0,38,91,2,0,135,0,23,0,0,3,1,0,6,6,7,9,3,0,0,3,8,12,5,0,0,1,0,0,0,0,0,5,0,0,0,0,107,1,0,1,1,0,10,23,0,0,0,19,2,2,1,0,0,1,1,0,0,24,0,0,0,4,0,0,2,0,0,0,59,21,0,13,0,0,0,0,0,0,0,0,0,0,0,0,0,0,0,3,0,0,0,0,0,0,0,0,0,0,0,0,0,0,0,0,0,0,19,0,0,0,0,0,0,0,0,32,25,0,2,0,0,0,0,0,0,0,0,0,0,0,0,0,0,1,0,0,0,0,0,1,0,0,0,0,0,0,0,0,0,0,0,0,0,0,0,0,0,0,0,0,0,0,0,0,0,0,0,0,0,0,0,0,0,0
0b940034e5cfda10566b06153f688d81,6.6,284,829,3186,369,68,92,492,1419,2854,1179,14,19,146,15,3240,41,90,0,3,157,826,1,45,3,1424,17,10,3,65,293,154,355,32,676,72,4,6,9,20,2,44,24,5,33,39,0,3,5,1430,33,3,0,0,0,6,36,0,0,0,0,1,0,1,3814,183,93,113,6,0,0,24,0,0,8,0,1099,733,8,10,1144,1943,2926,2408,8,65,2,5,5,8,169,31,73,354,55,9,108,123,5,1,81,266,3,24,48,56,0,4,2,12,13,10,23,24,4,2,40,95,4,2,136,1,23,0,0,2,0,0,6,6,7,9,3,0,0,3,8,12,5,0,0,1,0,0,0,0,0,5,0,0,0,0,107,1,0,1,1,0,10,23,0,0,0,19,2,2,1,0,0,1,1,0,0,24,0,0,0,4,0,0,2,0,0,0,56,21,0,13,0,0,0,0,0,0,0,0,0,0,0,0,0,0,0,3,0,0,0,0,0,0,0,0,0,0,0,0,0,0,0,0,0,0,19,0,0,0,0,0,0,0,0,31,22,0,2,0,0,0,0,0,0,0,0,0,0,0,0,0,0,1,0,0,0,0,0,1,0,0,0,0,0,0,0,0,0,0,0,0,0,0,0,0,0,0,0,0,0,0,0,0,0,0,0,0,0,0,0,0,0,0
0b1656030a836fc96ed8cc0c35458a99,6.6,259,203,2618,240,81,79,474,1398,2804,1173,10,19,165,12,3295,36,77,0,3,131,788,1,35,2,1619,17,8,2,63,319,136,368,35,491,50,4,9,11,18,2,41,28,5,37,42,0,2,5,1624,15,3,0,0,0,2,27,0,0,0,0,1,0,1,4204,174,93,106,6,0,0,21,0,0,5,0,1132,747,8,9,923,1945,2894,2375,5,76,1,3,3,7,160,21,64,321,55,8,98,125,2,1,70,269,3,25,47,55,0,3,1,17,7,5,17,16,2,1,39,93,3,0,135,2,23,0,0,2,0,0,6,6,7,9,3,0,0,3,8,12,5,0,0,1,0,0,0,0,0,5,0,0,0,0,107,1,0,1,1,0,10,23,0,0,0,20,2,2,1,0,0,1,1,0,0,28,0,0,0,4,0,0,2,0,0,0,58,21,0,13,0,0,0,0,0,0,0,0,0,0,0,0,0,0,0,3,1,0,0,0,0,0,0,0,0,0,0,0,0,0,0,0,0,0,20,0,0,0,0,0,0,0,0,30,22,0,2,0,0,0,0,0,0,0,0,0,0,0,0,0,0,1,0,0,0,0,0,1,0,0,0,0,0,0,0,0,0,0,0,0,0,0,0,0,0,0,0,0,0,0,0,0,0,0,0,0,0,0,0,0,0,0
0b4121063b714401ba4e7ac38be1cf73,6.6,242,2245,4652,311,68,89,509,1414,2830,1164,14,19,146,15,3432,32,96,0,3,165,1245,1,45,3,1670,17,11,3,65,293,154,351,31,675,70,4,6,9,19,2,44,24,5,33,38,0,3,5,1676,17,3,0,0,0,4,32,0,0,0,0,1,0,1,3672,246,93,114,6,0,0,24,0,0,8,0,1124,754,8,10,937,1855,2682,2473,7,65,2,5,5,8,229,33,73,312,55,9,118,123,4,1,81,263,4,24,48,56,0,5,2,12,13,10,23,24,4,2,40,95,4,0,135,4,23,0,0,2,0,0,6,6,7,9,3,0,0,3,8,12,5,0,0,1,0,0,0,0,0,5,0,0,0,0,107,1,0,1,1,0,10,23,0,0,0,19,2,2,1,0,0,1,1,0,0,24,0,0,0,4,0,0,2,0,0,0,56,21,0,13,0,0,0,0,0,0,0,0,0,0,0,0,0,0,0,3,0,0,0,0,0,0,0,0,0,0,0,0,0,0,0,0,0,0,19,0,0,0,0,0,0,0,0,29,22,0,2,0,0,0,0,0,0,0,0,0,0,0,0,0,0,1,0,0,0,0,0,1,0,0,0,0,0,0,0,0,0,0,0,0,0,0,0,0,0,0,0,0,0,0,0,0,0,0,0,0,0,0,0,0,0,0
0b4804508c9a3a153a81ed187a5311dc,7.2,278,222,2700,291,82,87,500,1413,2816,1176,14,19,154,15,3224,32,88,0,3,144,817,1,43,3,1550,17,11,3,61,327,156,367,36,494,70,4,10,11,20,2,44,28,5,37,43,0,3,5,1556,17,3,0,0,0,4,31,0,0,0,0,1,0,1,3411,178,92,655,6,4,0,24,0,0,8,0,961,640,8,10,998,7424,3219,2338,7,64,2,6,6,6,162,31,73,348,55,9,98,126,5,3,81,266,3,24,48,56,0,4,2,12,13,10,23,24,4,2,40,95,4,0,135,4,23,0,0,4,2,0,6,6,7,9,3,0,0,3,8,12,5,0,0,1,0,0,0,0,0,5,0,0,0,0,107,1,0,1,1,0,10,23,0,0,0,17,2,2,1,0,0,1,1,0,0,28,0,0,0,4,0,0,2,0,0,0,52,21,0,13,0,0,0,0,0,0,0,0,0,0,0,0,0,0,0,3,0,0,0,0,0,0,0,0,0,0,0,0,0,0,0,0,0,0,17,0,0,0,0,0,0,0,0,29,22,0,2,0,0,0,0,0,0,0,0,0,0,0,0,0,0,1,0,0,0,0,0,1,0,0,0,0,0,0,0,0,0,0,0,0,0,0,0,0,0,0,0,0,0,0,0,0,0,0,0,0,0,0,0,0,0,0
0ba42b27a870cd05e14d9c4c23f3d024,7.2,349,2499,6470,258,75,78,475,1406,2819,1166,10,20,157,12,3381,32,97,0,2,130,795,1,36,2,1749,17,8,2,63,295,136,359,35,699,50,4,5,9,18,2,41,25,5,34,42,0,2,5,1754,15,3,0,0,0,2,28,0,0,0,0,1,0,1,4034,175,98,126,6,0,0,21,0,0,5,0,1024,671,8,9,907,2935,4320,2468,7,67,1,3,3,11,161,21,65,412,56,8,118,125,2,2,70,269,3,23,43,51,0,3,1,11,7,5,17,16,2,1,39,93,3,0,135,2,23,0,0,3,1,0,6,6,7,9,3,0,0,3,8,12,5,0,0,1,0,0,0,0,0,5,0,0,0,0,107,1,0,1,1,0,10,23,0,0,0,19,2,2,1,0,0,1,1,0,0,25,0,0,0,4,0,0,2,0,0,0,56,21,0,13,0,0,0,0,0,0,0,0,0,0,0,0,0,0,0,3,0,0,0,0,0,0,0,0,0,0,0,0,0,0,0,0,0,0,19,0,0,0,0,0,0,0,0,29,22,0,2,0,0,0,0,0,0,0,0,0,0,0,0,0,0,1,0,0,0,0,0,1,0,0,0,0,0,0,0,0,0,0,0,0,0,0,0,0,0,0,0,0,0,0,0,0,0,0,0,0,0,0,0,0,0,0
02c5678d2eb6c4e5febd0dcda494aeff,1.8,0,19,442,16,3,5,3,2,1,6,1,0,3,0,28,2,5,1,1,6,5,1,2,1,1,2,2,0,0,0,1,3,1,1,0,0,9,0,0,0,0,0,0,1,0,0,0,0,0,0,0,0,0,0,3,1,0,0,0,0,0,0,0,0,0,0,0,0,0,0,0,0,0,0,0,0,0,0,0,1,0,0,0,0,0,0,0,0,0,0,0,0,0,0,0,0,0,0,0,0,0,0,0,0,0,0,0,1,0,0,0,0,0,0,0,0,0,0,0,0,0,0,0,0,0,0,0,0,0,0,0,0,0,0,0,0,0,0,0,0,0,0,0,0,0,0,0,0,0,0,0,0,0,0,0,0,0,0,0,0,0,0,0,0,0,0,0,0,0,0,0,0,0,0,0,0,0,0,0,0,0,0,0,0,0,0,0,0,0,0,0,0,0,0,0,0,0,0,0,0,0,0,0,0,0,0,0,0,0,0,0,0,0,0,0,0,0,0,0,0,0,0,0,0,0,0,0,0,0,0,0,0,0,0,0,0,0,0,0,0,0,0,0,0,0,0,0,0,0,0,0,0,0,0,0,0,0,0,0,0,0,0,0,0,0,0,0,0,0,0,0,0,0,0,0,0,0,0,0,0,0,0,0,0,0,0,0,0,0
0ba58e71ace58ac77e9f0ccad744878d,3.6,97,130,1648,144,58,49,28,646,462,524,2,15,53,7,361,2,33,0,1,47,23,1,12,1,12,2,4,1,0,231,40,112,1,231,9,5,6,9,10,0,1,24,2,25,1,0,1,4,16,7,1,0,0,0,2,8,0,0,0,0,1,0,0,2143,25,65,43,8,0,0,18,0,0,4,0,6,0,8,2,0,473,2021,2905,0,19,0,0,0,0,16,0,3,99,6,5,13,2,0,2,1,28,2,8,8,11,0,0,0,0,0,0,10,8,0,0,5,76,0,0,135,0,10,0,0,2,0,0,6,6,7,0,0,0,0,0,8,12,4,0,0,1,0,0,0,0,0,5,0,0,0,0,107,0,0,0,0,0,4,13,0,0,0,4,2,2,1,0,0,0,0,0,0,23,0,0,0,4,0,0,2,0,0,0,12,2,0,13,0,0,0,0,0,0,0,0,0,0,0,0,0,0,0,0,0,0,0,0,0,0,0,0,0,0,0,0,0,0,0,0,0,0,4,0,0,0,0,0,0,0,0,4,4,0,2,0,0,0,0,0,0,0,0,0,0,0,0,0,0,0,0,0,0,0,0,0,0,0,0,0,0,0,0,0,0,0,0,0,0,0,0,0,0,0,0,0,0,0,0,0,0,0,0,0,0,0,0,0,0,0
0a140c5f828e3581e25f471bf7ee54fa,5.0,2,25,110,123,8,44,98,567,2257,468,1,0,3,2,477,16,26,0,2,43,20,2,9,0,0,0,4,1,134,87,12,97,9,669,2,0,2,61,30,0,27,15,3,140,9,0,4,0,2,28,1,0,0,0,9,10,3,3,123,0,0,0,0,2,17,17,3,0,0,0,0,0,0,1,0,2,2,0,0,0,0,0,0,0,12,25,0,0,0,20,0,2,4,2,3,0,111,0,0,33,112,0,4,11,13,0,0,2,0,4,0,20,8,0,1,2,37,5,0,46,0,0,0,0,0,0,0,0,3,5,6,1,0,1,0,23,22,0,0,0,0,0,0,0,0,0,0,0,1,0,0,0,0,0,0,0,0,17,17,0,0,0,0,0,0,0,0,0,0,0,0,0,9,0,0,0,0,0,0,0,0,0,0,0,0,0,0,0,0,0,0,0,0,0,0,0,0,0,0,0,0,0,0,0,0,0,0,0,0,0,0,0,0,0,0,0,0,0,0,0,0,0,0,0,0,0,0,0,0,0,0,0,129,0,0,0,0,0,0,0,0,0,0,0,0,0,0,0,0,0,0,0,0,0,0,0,0,0,0,0,0,0,0,0,0,0,0,0,0,0,0,0,0,0,0,0,0,0,0,0,0,0,0,0,0,0,0,0,0
0a147c2141282a0053f5774c85520b37,3.0,0,52,606,63,5,13,56,3,3,8,2,0,3,5,857,16,47,1,2,758,1503,2,8,2,2,2,2,1,4,0,12,17,1,1,1,0,11,0,0,0,2,0,1,1,0,0,1,0,4,0,0,6,0,0,3,16,0,0,0,0,0,0,0,1,0,0,0,0,0,0,0,0,0,0,0,14,13,0,0,0,3,0,1,0,0,0,0,0,0,0,0,0,0,0,2,0,0,0,0,0,0,0,0,16,16,1,0,2,2,0,0,2,0,0,0,14,0,0,0,0,0,4,0,0,0,0,0,0,0,0,1,0,0,0,0,0,0,0,0,0,0,0,0,0,0,0,0,0,0,0,1,0,0,0,0,0,0,0,0,0,0,0,0,0,0,0,0,0,0,0,0,0,0,0,0,0,0,0,0,0,0,0,0,0,0,0,0,0,0,0,0,0,0,0,0,0,0,0,0,0,0,0,0,0,0,0,0,0,0,0,0,0,0,0,0,0,0,0,0,0,0,0,0,0,0,0,0,0,0,1,0,0,0,0,0,0,0,0,0,0,0,0,0,0,0,0,0,2,0,0,0,0,0,0,0,0,0,0,0,0,0,0,0,0,0,0,0,0,0,0,0,0,0,0,0,0,0,0,0,0,0,0,0,0,0,0,0,0,0
0a332da03e16fc6c19b5b4597a223cc0,2.4,0,22,446,14,5,9,4,23,68,22,2,1,3,3,54,1,3,1,2,31,16,1,2,1,1,1,2,1,2,2,1,1,1,1,0,0,10,0,0,0,0,0,0,0,0,0,0,0,0,0,13232,0,0,0,3,1,0,0,0,0,0,0,0,0,0,0,0,0,0,0,0,0,0,0,0,0,0,0,0,0,0,0,0,0,0,0,0,0,0,0,0,0,0,0,0,0,0,0,0,0,0,0,0,0,0,0,0,0,2,0,2,0,0,0,0,0,0,0,0,0,0,0,0,0,0,0,0,0,0,0,0,0,0,0,0,0,0,0,0,0,0,0,0,0,0,0,0,0,0,0,1,0,0,0,0,0,0,0,0,0,0,0,0,0,0,0,0,0,0,0,0,0,0,0,0,0,0,0,0,0,0,0,0,0,0,0,0,0,0,0,0,0,0,0,0,0,0,0,0,0,0,0,0,0,0,0,0,0,0,0,0,0,0,0,0,0,0,0,0,0,0,0,0,0,0,0,0,0,0,0,0,0,0,0,0,0,0,0,0,0,0,0,0,0,0,0,0,0,0,0,0,0,0,0,0,0,0,0,0,0,0,0,0,0,0,0,0,0,0,0,0,0,0,0,0,0,0,0,0,0,0,0,0,0,0,0,0,0,0
0a357cd8decc1fbd41d0a32ba0bb5981,1.8,0,246,0,215,0,0,0,0,0,0,0,0,0,0,0,0,0,0,0,0,0,0,0,0,20,0,0,0,0,0,0,422,0,0,0,0,84,0,0,0,0,0,0,62,0,0,1,0,0,0,0,0,0,0,0,0,0,0,0,0,0,0,0,10,92,0,47,0,0,0,0,0,0,0,0,0,0,0,0,0,0,0,0,0,0,0,0,0,0,74,0,0,0,0,0,0,0,0,0,290,0,0,0,0,0,0,0,0,0,0,0,0,0,0,0,0,0,0,0,0,0,0,0,0,0,0,0,0,4,0,0,0,0,0,0,0,0,0,0,0,2,0,0,0,0,0,6,0,0,0,0,0,0,0,0,0,0,0,0,0,0,0,0,0,0,0,0,0,0,0,0,0,0,0,0,0,0,0,0,0,1,0,0,0,0,0,0,0,0,0,0,0,0,0,0,0,0,0,0,0,0,0,0,0,0,0,0,0,0,0,0,0,0,0,0,0,0,0,0,0,0,0,0,0,0,0,0,0,0,0,0,0,0,0,0,0,0,0,0,0,0,0,0,0,0,0,0,0,0,0,0,0,0,0,0,0,0,0,0,0,0,0,0,0,0,0,0,0,0,0,0,0,0,0,0,0,0,0,0,0,0,0,0,0,0,0,0,0,0
0a398a5ce48bfea366e0ed7ce8df5aa0,9.8,0,96,1185,2470,3,485,17,341,508,248,223,3,0,14,822,9,380,0,2112,98,84,169,39,0,36,9,6,2,33,39,176,56,0,30,76,3,42,1,3,0,0,0,5,1,0,0,25,0,13,97,0,184,23,23,66,117,22,0,264,0,4,4,2,2204,13,55,0,0,0,0,2,0,0,0,0,0,34,0,0,0,0,0,0,0,10,0,0,0,0,1,0,0,22,22,8,0,0,0,0,2,0,0,10,26,26,3,0,3,6,0,6,18,16,0,2,16,0,0,0,59,44,197,0,0,0,0,0,22,0,0,24,0,0,2,0,18,12,0,0,0,0,0,3,3,0,0,0,0,0,0,0,0,3,0,0,0,0,0,0,0,0,0,0,0,0,0,0,0,0,0,0,0,0,0,0,0,0,0,0,0,0,0,0,0,0,0,0,0,0,0,0,0,0,0,0,0,0,0,0,0,0,0,0,0,0,66,0,0,0,0,0,0,0,0,0,0,0,0,0,0,0,0,0,0,0,0,0,2,2,0,0,0,0,0,2,0,0,0,0,0,0,0,0,0,0,0,0,0,0,0,0,0,0,0,0,0,0,0,0,0,0,0,0,0,0,0,0,0,0,0,0,0,0,0,0,0,0,0,0,0,0,0,0,0,0,0,0,0,0
a4bb43904d7a9bfb5aaf64f6af011664,3.6,18,40,242,40,7,8,2,58,51,63,3,2,50,2,132,0,6,0,0,37,19,0,6,0,0,0,0,0,0,0,4,5,0,4,1,4,2,0,9,2,2,0,7,1,0,0,1,0,3,2,3,0,0,0,3,9,0,0,0,0,0,0,0,8,4,5,4,0,0,0,13,0,0,1,0,2,0,0,0,0,26,0,0,0,0,0,0,0,0,1,0,0,8,0,0,0,0,0,0,2,0,2,0,2,4,2,0,0,0,0,0,2,0,0,0,2,0,0,0,0,0,10,0,0,0,0,0,0,2,1,0,0,0,0,0,0,0,0,0,0,0,0,0,0,0,0,0,0,0,0,0,4,0,0,0,0,0,7,19,0,0,0,0,2,2,1,0,0,0,0,19,0,0,0,0,0,4,0,0,2,0,0,0,6,0,0,0,0,1,0,4,4,6,0,0,0,0,0,0,0,0,0,0,0,0,0,0,0,0,0,0,0,0,0,0,0,0,0,0,0,0,0,0,0,0,0,0,0,0,0,0,0,0,0,0,0,0,0,0,0,0,0,0,0,0,0,0,0,0,0,0,0,0,0,0,0,0,0,0,0,0,0,0,0,0,0,0,0,0,0,0,0,0,0,0,0,0,0,0,0,0,0,0,0,0,0,0,0,0
0a468c18e38a5cf9a0eac8360941c07e,4.2,0,18,381,20,2,238,0,8,1,5,0,0,0,0,49,4,0,0,0,5,5,0,1,0,0,3,0,0,0,8,10,4,0,0,0,0,0,12,0,0,0,1,0,0,0,0,2,0,0,0,0,10,0,0,3,1,0,0,0,5,0,0,0,2,0,8,0,0,0,0,0,0,0,0,0,0,0,0,0,0,0,0,0,0,0,0,0,0,0,0,0,0,0,0,0,0,0,0,0,0,0,0,0,3,3,0,0,0,0,0,0,2,0,0,0,1,0,0,0,0,0,0,0,0,0,0,0,0,0,0,0,0,0,0,0,0,0,0,0,0,0,0,0,2,0,0,0,0,0,0,0,0,0,0,0,0,0,0,0,0,0,0,0,0,0,0,0,0,0,0,0,0,0,0,0,0,0,0,0,0,0,0,0,0,0,0,0,0,0,0,0,0,0,0,0,0,0,0,0,0,0,1,0,0,0,0,0,0,0,0,0,0,0,0,0,0,0,0,0,0,0,0,0,0,0,0,0,0,0,0,0,0,0,0,0,0,0,0,0,0,0,0,0,0,0,0,0,0,0,0,0,0,0,0,0,0,0,0,0,0,0,0,0,0,0,0,0,0,0,0,0,0,0,0,0,0,0,0,0,0,0,0,0,0,0,0,0,0,0
1bdcf28b2a19ab7de8002639f998316d,1.6,0,19,371,13,3,6,4,5,4,9,1,0,3,0,75,1,4,1,1,53,6213,1,2,1,1,2,2,0,0,0,1,1,1,1,0,0,2,0,0,0,0,0,0,0,0,0,0,0,0,0,0,0,0,0,3,1,0,0,0,0,0,0,0,0,0,0,0,0,0,0,0,0,0,0,0,0,0,0,0,0,0,0,0,0,0,0,0,0,0,0,0,0,0,0,0,0,0,0,0,0,0,0,0,0,0,0,0,0,0,0,0,0,0,0,0,0,0,0,0,0,0,0,0,0,0,0,0,0,0,0,0,0,0,0,0,0,0,0,0,0,0,0,0,0,0,0,0,0,0,0,0,0,0,0,0,0,0,0,0,0,0,0,0,0,0,0,0,0,0,0,0,0,0,0,0,0,0,0,0,0,0,0,0,0,0,0,0,0,0,0,0,0,0,0,0,0,0,0,0,0,0,0,0,0,0,0,0,0,0,0,0,0,0,0,0,0,0,0,0,0,0,0,0,0,0,0,0,0,0,0,0,0,0,0,0,0,0,0,0,0,0,0,0,0,0,0,0,0,0,0,0,0,0,0,0,0,0,0,0,0,0,0,0,0,0,0,0,0,0,0,0,0,0,0,0,0,0,0,0,0,0,0,0,0,0,0,0,0,0
0a07df0841c559bcb2fd3e5486130293,4.8,0,1,27,14,0,2,1,0,0,0,0,0,0,0,743,1,1,0,0,740,1185,0,0,0,1,0,0,0,0,0,0,0,0,0,0,0,0,0,0,0,0,0,0,0,0,0,1,0,0,0,0,6,1,1,6,1,0,0,0,0,0,0,0,0,0,0,0,0,0,0,0,0,0,0,0,0,0,0,0,0,0,0,0,0,0,0,0,0,0,0,0,0,79,79,0,0,0,0,0,0,0,0,0,0,0,0,0,1,0,0,0,0,0,0,0,0,0,0,0,0,0,0,0,0,0,0,0,79,0,0,0,0,0,0,0,0,0,0,0,0,0,0,0,0,0,0,0,0,0,0,0,0,0,0,0,0,0,0,0,0,0,0,0,0,0,0,0,0,0,0,0,0,0,0,0,0,0,0,0,0,0,0,0,0,0,0,0,0,0,0,0,0,0,0,0,0,0,0,0,0,0,0,0,0,0,0,0,0,0,0,0,0,0,0,0,0,0,0,0,0,0,0,0,0,0,0,0,0,0,0,0,0,0,0,0,0,0,0,0,0,0,0,0,0,0,0,0,0,0,0,0,0,0,0,0,0,0,0,0,0,0,0,0,0,0,0,0,0,0,0,0,0,0,0,0,0,0,0,0,0,0,0,0,0,0,0,0,0,0
0a7aca58836451c4f7843c43f4981d7f,2.2,2,19,73,54,7,19,96,491,2239,366,0,0,2,2,256,13,37,0,1,38,14,1,5,0,0,0,4,1,14,15,9,67,9,134,2,0,0,8,0,1,20,2,3,25,9,0,0,0,0,0,1,0,0,0,3,4,0,0,0,0,0,0,0,0,16,17,4,0,0,0,0,0,0,2,0,0,0,0,0,0,0,0,0,0,1,0,0,0,0,17,0,0,2,0,2,0,111,0,0,21,112,0,2,9,11,0,0,0,0,4,0,7,8,0,1,1,5,0,0,0,0,0,0,0,0,0,0,0,1,5,3,1,0,0,0,0,0,0,0,0,0,0,0,0,0,1,1,2,1,0,0,0,0,0,0,0,0,0,0,0,0,0,0,0,0,0,0,0,0,0,0,0,0,0,0,0,0,0,0,0,0,0,0,0,0,0,0,0,0,0,0,0,0,0,0,0,0,0,0,0,0,0,0,0,0,0,0,0,0,0,0,0,0,0,0,0,0,0,0,0,0,0,0,0,0,0,0,0,0,0,0,0,0,0,0,0,0,0,0,0,0,0,0,0,0,0,0,0,0,0,0,0,0,0,0,0,0,0,0,0,0,0,0,0,0,0,0,0,0,0,0,0,0,0,0,0,0,0,0,0,0,0,0,0,0,0,0,0,0
0a7aeb15c02416a22d855a1a525f2596,7.8,0,43065,5418,12,10762,13,5,0,0,10755,1,0,10758,4,32,2,1,0,2,10,9,0,0,0,2,5379,0,0,0,0,0,5376,0,5375,2,0,6,0,0,0,0,0,1,0,0,0,2,0,1,0,0,6,1,1,5,1,0,0,0,0,0,0,0,5376,0,0,0,0,0,0,0,0,0,0,0,0,4,0,0,0,0,0,0,0,0,0,0,0,0,0,0,0,67,67,0,0,0,0,0,0,0,0,0,2,4,0,0,1,0,0,0,0,0,0,0,5375,0,0,0,0,547,2,0,0,0,0,0,67,0,0,0,0,0,0,0,0,0,0,0,0,0,0,0,0,0,0,0,0,0,0,0,0,0,0,0,0,0,0,4,0,0,0,0,0,0,0,0,0,0,0,0,0,0,0,0,0,0,0,0,0,0,0,0,0,0,0,0,0,0,0,0,0,0,0,0,0,0,0,0,0,0,0,0,0,0,0,0,0,0,0,0,0,0,0,1,0,0,0,0,0,0,0,0,0,0,0,0,0,0,0,0,0,0,0,0,0,0,0,0,0,0,0,0,0,0,0,0,0,0,0,0,0,0,0,0,0,0,0,0,0,0,0,0,0,0,0,0,0,0,0,0,0,0,0,0,0,0,0,0,0,0,0,0,0,0,0,0,0,0
0a7dda5e0482655a76fedb57622f7b81,4.0,14,58,1045,984,10,68,0,3,3,8,2,0,3,1,43,0,171,2,0,6,5,0,0,0,0,0,0,1,1,5,0,84,0,0,2,0,252,1,0,0,3,4,2,15,0,0,1,0,0,0,1,0,0,0,3,3,0,0,0,0,0,0,0,0,0,3,0,0,0,0,0,0,0,0,0,0,0,0,0,0,25,0,0,0,1,0,0,0,0,0,0,0,25,15,0,0,0,0,0,9,2,0,4,0,0,0,11,0,0,0,0,6,0,0,0,0,0,0,0,0,346,0,0,0,0,0,0,29,0,0,0,0,0,0,0,0,0,0,0,0,0,0,0,0,0,0,0,0,2,0,0,158,0,0,0,0,0,1,1,0,0,0,0,0,0,0,0,0,0,0,0,0,2,0,0,0,0,0,0,0,0,0,0,0,0,3,0,0,0,0,0,0,0,0,0,0,0,0,0,0,0,0,0,0,0,0,1,0,0,0,0,0,0,0,0,0,0,0,0,0,0,0,0,0,0,0,0,0,0,0,0,0,0,0,0,0,0,0,0,0,0,0,0,0,0,0,0,0,0,0,0,0,0,0,3,0,0,0,0,0,0,0,0,0,0,0,0,0,0,0,0,0,0,0,0,0,0,0,0,0,0,0,0,0,0,0,0,0,0
0a7e34aaf3e7abe2e30a8fc0fe78f070,1.4,16,13,122,18,2,7,2,6,4,4,1,1,0,1,27,2,3,0,0,5,4,0,0,0,0,0,0,0,0,0,0,3,0,1,0,0,0,1,0,1,0,0,0,1,0,0,0,0,0,0,0,0,0,0,3,1,0,0,0,0,0,0,0,0,1,0,1,0,0,0,0,0,0,0,0,0,0,0,0,0,6,0,0,0,2,0,0,0,0,1,0,0,6,0,0,2,0,0,0,0,0,0,0,0,1,1,0,1,0,0,0,0,0,0,0,1,0,0,0,0,0,0,0,0,0,0,0,0,0,0,0,0,0,0,0,0,0,0,0,0,1,0,0,0,0,0,0,0,0,0,0,0,1,0,0,0,0,0,0,0,0,0,0,0,0,0,0,0,0,0,0,0,0,0,0,0,0,0,0,0,0,0,0,0,0,0,0,0,0,0,0,0,0,0,0,0,0,0,0,0,0,0,0,0,0,0,0,0,0,0,0,0,0,0,0,0,0,0,0,0,0,0,0,0,0,0,0,0,0,0,0,0,0,0,0,0,0,0,0,0,0,0,0,0,0,0,0,0,0,0,0,0,0,0,0,0,0,0,0,0,0,0,0,0,0,0,0,0,0,0,0,0,0,0,0,0,0,0,0,0,0,0,0,0,0,0,0,0,0
0a7f548b4cf67418fa7add5b82e0e1bd,15.6,11,258,3142,549,376,129,129,437,384,668,31,5,236,17,3497,52,145,12,67,789,935,5,114,10,11,82,14,6,235,99,81,135,14,137,281,1,540,11,48,1,18,5,7,14925,1,0,13,2,43,15,4,620,0,0,27,88,6,6,283,19,6,3,11,611,32,182,61,4,2,0,58,2,1,8,2,1275,1058,1,11,1337,2180,553,103,13,291,2,16,16,5,24,70,72,82,62,5,254,0,2,0,47,195,5,21,50,60,27,214,11,20,7,20,26,12,2,34,8,53,7,0,4,2,14907,0,0,0,0,0,0,0,17,8,16,0,0,0,7,21,2,0,0,3,0,0,4,0,0,0,0,0,0,0,0,2,0,0,1,0,7,19,0,0,0,5,2,2,5,0,0,3,1,15,0,3,58,1,0,4,0,0,10,0,0,0,12,168,0,0,0,0,0,0,0,0,0,0,0,0,1,2,0,0,1,0,2,164,0,0,0,0,4,0,0,0,0,0,0,0,0,0,0,0,5,0,2,4,11,0,0,0,0,5,4,2,0,1,0,0,0,0,0,0,0,0,0,1,2,0,0,0,0,0,0,0,0,0,0,107,6,10,0,1,0,0,0,0,0,0,0,0,0,0,0,0,0,0,0,0,0,0,0,0,0,0,0,0,0,0,2,1
0a8bde4a4ddddaaeaa06ce2db064feb2,5.4,0,49,424,98,7,2,2,60,50,109,2,0,49,1,15583,6,167,0,1,16,9,1,8,0,0,0,3,1,0,29619,5,12224,0,572,5,1,4,1,9,0,1145,1,0,10234,0,0,1,0,1,2,2,0,0,0,3,11,0,0,0,0,0,0,0,1,2,4670,4,0,0,0,13,0,0,1,0,2,0,0,0,0,0,0,0,0,1,0,0,0,0,0,0,0,2,2,0,0,0,0,0,572,9859,2,0,2,2,0,0,0,0,0,0,8,8,0,0,575,1122,572,0,0,0,10,0,0,0,0,0,2,0,1,0,0,0,1,0,0,0,0,0,0,0,0,0,0,0,0,0,0,0,0,0,0,0,0,0,0,0,12,24,0,0,0,1,2,2,1,0,0,0,0,0,0,10257,0,0,0,4,0,0,2,0,0,0,3,0,0,0,0,0,0,0,0,0,0,0,0,0,0,0,0,0,0,0,0,0,0,0,0,0,0,0,0,0,0,1,0,0,0,0,0,0,1,0,0,0,0,0,0,0,0,0,0,0,0,0,0,0,0,0,0,0,0,0,0,0,0,0,0,0,0,0,0,0,0,0,0,0,0,0,0,0,0,0,0,0,0,0,0,0,0,0,0,0,0,0,0,0,0,0,0,0,0,0,0,0,0,0,0,0
1be4a47e676d41b9bef879900088bb76,2.6,0,16,22,10,0,6,1,0,0,0,0,0,0,0,20,1,2,0,0,1,1,0,0,0,0,0,0,0,0,0,0,0,0,0,0,0,0,0,0,0,0,0,0,0,0,0,1,0,1,0,0,0,1,0,3,1,0,0,0,0,0,0,0,2,0,0,0,0,0,0,0,0,0,0,0,0,0,0,0,0,0,0,0,0,0,0,0,0,0,1,0,0,1,2,0,0,0,0,0,0,0,0,0,1,1,0,0,1,0,0,0,0,0,0,0,0,0,0,0,0,0,1,0,0,0,0,0,1,2,0,0,0,0,0,0,0,0,0,0,0,0,0,0,0,0,0,0,0,0,0,0,0,0,0,0,0,0,0,0,0,0,0,0,0,0,0,0,0,0,0,0,0,0,0,0,0,0,0,0,0,0,0,0,0,0,0,0,0,0,0,0,0,0,0,0,0,0,0,0,0,0,0,0,0,0,0,0,0,0,0,0,0,0,0,0,0,0,0,0,0,0,0,0,0,0,0,0,0,0,0,0,0,0,0,0,0,0,0,0,0,0,0,0,0,0,0,0,0,0,0,0,0,0,0,0,0,0,0,0,0,0,0,0,0,0,0,0,0,0,0,0,0,0,0,0,0,0,0,0,0,0,0,0,0,0,0,0,0,0
0a09c719f867439465c45bcb853a7be1,9.6,5,109,6452,3725,40,4273,51,106,99,345,7,1,38,4,17413,3,3628,6,5,181,312,4,61,5,11,34,9,3,290,7778,7783,7804,9,15604,365,11,381,6,31,1,2604,0,5180,5696,0,0,3,0,37,10,1,396,0,0,2,14,9,9,379,11,1,1,1,516,17,5201,26,64,8,6,4,2,2,6,0,444,414,1,4,1400,835,541,108,1,51,1,4,4,2,15,166,105,105,105,2,80,0,2,0,2614,2606,1,19,3,3,27,162,2,1,162,5,6,8,0,28496,2590,56995,11,0,0,0,5644,1,0,0,0,0,0,0,0,0,5,0,0,0,0,0,0,0,0,0,0,0,3,0,0,0,0,0,0,0,0,0,0,0,0,0,0,0,0,0,0,0,0,0,0,0,0,1,0,0,0,2,0,0,0,0,0,0,0,0,0,0,0,0,0,0,0,0,0,0,0,0,0,0,0,0,0,0,0,0,0,0,2,0,0,0,0,0,0,0,0,0,0,0,0,0,0,0,0,0,0,0,1,1,5180,0,0,0,0,0,0,0,0,0,0,0,0,0,0,0,0,0,0,0,0,0,0,0,0,0,0,0,0,0,0,0,0,0,0,0,0,0,0,0,0,0,0,0,0,0,0,0,0,0,0,0,0,0,0,0,0,0,0,0,0,0,0,0
0a9ce179ac1b183e01897938e83d3949,5.4,0,2,36,11,1,6,1,1,0,3,0,0,1,0,48,2,4,1,1,7,6,1,2,1,2,2,2,0,0,0,1,1,1,1,0,0,0,0,0,0,0,0,0,0,0,0,1,0,0,0,0,5,1,1,6,2,0,0,0,0,0,0,0,1,0,0,0,0,0,0,0,0,0,0,0,0,0,0,0,0,0,0,0,0,0,0,0,0,0,0,0,0,35,35,0,0,0,0,0,0,0,0,0,0,0,0,0,1,0,0,0,0,0,0,0,0,0,0,0,0,0,0,0,0,0,0,0,35,0,0,0,0,0,0,0,0,0,0,0,0,0,0,0,0,0,0,0,0,0,0,0,0,0,0,0,0,0,0,0,0,0,0,0,0,0,0,0,0,0,0,0,0,0,0,0,0,0,0,0,0,0,0,0,0,0,0,0,0,0,0,0,0,0,0,0,0,0,0,0,0,0,0,0,0,0,0,0,0,0,0,0,0,0,0,0,0,0,0,0,0,0,0,0,0,0,0,0,0,0,0,0,0,0,0,0,0,0,0,0,0,0,0,0,0,0,0,0,0,0,0,0,0,0,0,0,0,0,0,0,0,0,0,0,0,0,0,0,0,0,0,0,0,0,0,0,0,0,0,0,0,0,0,0,0,0,0,0,0,0
0a13a956e4b398aac91c736715e24030,1.2,2,37,129,8785,2,7,1,57,138,51,2,0,0,2,24,0,2452,0,0,5,3,0,1,1,1,0,0,1,5,0,44,14,0,1,8,0,6,0,0,0,0,0,1,0,0,0,0,0,1,0,0,0,0,0,0,14,0,0,0,0,0,0,0,3,0,0,0,0,0,0,0,0,0,0,0,0,0,0,0,0,1,0,0,0,38,0,1,1,0,0,0,0,0,0,0,0,0,0,0,0,0,0,0,1,2,0,0,0,0,0,0,7,0,0,3,0,0,0,0,0,0,0,0,0,0,0,0,0,0,1,0,0,0,0,6,0,0,0,0,0,0,0,0,0,0,0,0,0,0,0,0,0,0,0,0,0,0,0,0,0,0,0,0,0,0,0,0,0,0,0,0,0,0,0,0,0,0,0,0,0,0,0,0,0,0,1,0,0,0,0,0,0,0,0,0,0,0,0,0,0,0,0,0,0,0,0,0,0,0,0,0,0,0,0,0,0,0,0,0,0,0,0,0,0,0,0,0,0,0,0,0,0,0,0,0,0,0,0,0,0,0,0,0,0,0,0,1,0,0,0,0,0,0,0,0,0,0,0,0,0,0,0,0,0,0,0,0,0,0,0,0,0,0,0,0,0,0,0,0,0,0,0,0,0,0,0,0,0,0
0a14bbb02a94ebb47d1068ff2e71b282,4.6,4,39,270,42,8,19,1,1,1,7,2,0,3,0,41,2,13,0,0,5,8,0,0,0,1,1,0,0,0,8,3,4,0,2,0,0,6,0,0,0,0,0,0,0,0,0,1,0,0,0,0,0,1,1,6,3,0,0,0,0,0,0,0,3,0,0,0,0,0,0,0,0,0,0,0,0,0,0,0,0,8,0,1,0,0,0,0,0,0,1,0,0,4,0,0,0,0,0,0,2,0,0,0,0,0,0,0,0,0,0,0,0,0,0,1,1,4,0,0,0,0,0,0,0,0,1,0,0,1,0,0,0,0,0,1,0,0,0,0,0,0,0,0,0,0,0,0,0,0,0,0,1,0,0,0,0,0,0,0,0,0,0,0,0,0,0,0,0,0,0,0,0,0,0,0,0,0,0,0,0,0,0,0,0,0,0,0,0,0,0,0,0,0,0,0,0,0,0,0,1,0,0,0,0,0,0,0,0,0,0,0,0,0,0,0,0,0,0,18,0,0,0,0,0,0,0,0,0,0,0,0,0,0,0,0,0,0,0,0,0,0,0,0,0,0,0,0,0,0,0,1,0,0,0,0,0,0,0,0,0,0,0,0,0,0,0,0,0,0,0,0,0,0,0,0,0,0,0,0,0,0,0,0,0,0,0,0,0,0
0a33af27fc0239b5205067cf5a146352,5.6,21,22,447,461,8,61,1,3,3,8,2,0,3,1,61,1,182,1,0,7,6,0,1,1,1,0,0,1,1,6,0,8,0,1,3,0,0,1,0,0,2,3,1,22,0,0,1,0,0,0,2,0,0,0,6,4,0,0,0,0,0,0,0,1,0,4,0,0,0,0,0,0,0,0,0,0,0,0,0,0,38,0,0,0,1,0,0,0,0,0,0,0,22,19,0,2,0,0,0,8,3,0,4,2,2,1,0,0,0,0,0,7,0,0,0,1,1,0,0,0,5,0,0,0,0,0,0,36,0,0,0,0,0,0,0,0,0,0,0,0,0,0,0,0,0,0,0,0,2,0,0,136,0,0,0,0,0,1,1,0,0,0,0,2,1,0,0,0,0,0,0,0,1,0,0,0,0,0,0,0,0,0,0,0,0,3,0,0,0,0,0,0,0,0,0,0,0,0,0,0,0,0,0,0,0,0,1,0,0,0,1,0,0,1,1,0,0,0,0,0,0,0,0,0,0,0,0,0,0,0,0,0,0,0,0,0,0,0,0,0,0,0,0,0,0,0,0,0,0,0,0,0,0,0,2,0,0,0,0,0,0,0,0,0,0,0,1,0,0,0,0,0,0,0,0,0,0,0,0,0,0,0,0,0,0,0,0,0,0
0a33ca032358f29faff821136ed8fec0,1.2,0,0,4,0,0,0,0,0,0,0,0,0,0,0,1,0,0,0,0,0,0,0,0,0,0,0,0,0,0,0,0,1,0,0,0,0,0,0,0,0,0,0,0,1,0,0,0,0,0,0,0,0,0,0,1,0,0,0,0,0,0,0,0,0,0,0,0,0,0,0,0,0,0,0,0,0,0,0,0,0,0,0,0,0,0,0,0,0,0,0,0,0,0,0,0,0,0,0,0,0,0,0,0,0,0,0,0,0,0,0,0,0,0,0,0,0,0,0,0,0,1,0,0,0,0,0,0,0,0,0,0,0,0,0,0,0,0,0,0,0,0,0,0,0,0,0,0,0,0,0,0,0,0,0,0,0,0,0,0,0,0,0,0,0,0,0,0,0,0,0,0,0,0,0,0,0,0,0,0,0,0,0,0,0,0,0,0,0,0,0,0,0,0,0,0,0,0,0,0,0,0,0,0,0,0,0,0,0,0,0,0,0,0,0,0,0,0,0,0,0,0,0,0,0,0,0,0,0,0,0,0,0,0,0,0,0,0,0,0,0,0,0,0,0,0,0,0,0,0,0,0,0,0,0,0,0,0,0,0,0,0,0,0,0,0,0,0,0,0,0,0,0,0,0,0,0,0,0,0,0,0,0,0,0,0,0,0,0,0
0a34d6d08b17bd7a72b824bbe1d705b0,12.4,4,158,1091,314,13,187,17,242,339,774,55,6,38,3,2852,7,90,2,1,117,49,1,30,1,1,55,6,8,693,56,18,48,21,72,908,0,277,4,583,5,23,0,2,12,0,0,2,23,13,547,0,393,0,0,3,22,22,22,917,2,15,15,15,219,8,301,28,0,3,0,19,3,2,5,3,10,0,0,0,0,2,0,0,0,2,0,0,0,0,4,0,10,12,2,14,0,22,0,0,39,587,3,7,8,8,0,0,3,0,0,0,2,0,0,17,0,24,0,0,0,0,261,0,0,0,1,8,0,0,1,4,41,0,0,0,4,0,12,0,0,4,2,0,11,0,4,8,0,0,2,0,0,0,0,0,0,0,4,13,0,0,0,8,2,2,7,0,0,1,0,32,0,0,2,2,0,4,0,0,2,0,0,0,18,0,0,0,0,0,0,0,0,0,0,0,0,0,0,0,0,0,1,0,6,0,0,0,0,0,0,0,0,0,0,0,0,0,0,0,0,0,8,0,6,4,1,0,0,0,2,8,6,0,0,0,0,0,0,0,0,0,0,0,0,2,0,0,0,0,0,0,0,0,0,0,0,0,0,0,0,1,0,0,0,0,0,0,0,0,0,0,0,0,0,0,0,0,0,0,0,0,0,0,0,0,0,0,0,0
0a46f66744e1c196569c6772205f3334,1.8,0,250,0,200,0,0,0,0,0,0,0,0,0,0,0,0,0,0,0,0,0,0,0,0,21,0,0,0,0,0,0,401,0,0,0,0,84,0,0,0,0,0,0,62,0,0,1,0,0,0,0,0,0,0,0,0,0,0,0,0,0,0,0,25,92,0,49,0,0,0,0,0,0,0,0,0,0,0,0,0,0,0,0,0,0,0,0,0,0,74,0,0,0,0,0,0,0,0,0,290,0,0,0,0,0,0,0,0,0,0,0,0,0,0,0,0,0,0,0,0,0,0,0,0,0,0,0,0,4,0,0,0,0,0,0,0,0,0,0,0,2,0,0,0,0,0,6,0,0,0,0,0,0,0,0,0,0,0,0,0,0,0,0,0,0,0,0,0,0,0,0,0,0,0,0,0,0,0,0,0,1,0,0,0,0,0,0,0,0,0,0,0,0,0,0,0,0,0,0,0,0,0,0,0,0,0,0,0,0,0,0,0,0,0,0,0,0,0,0,0,0,0,0,0,0,0,0,0,0,0,0,0,0,0,0,0,0,0,0,0,0,0,0,0,0,0,0,0,0,0,0,0,0,0,0,0,0,0,0,0,0,0,0,0,0,0,0,0,0,0,0,0,0,0,0,0,0,0,0,0,0,0,0,0,0,0,0,0,0
0a050b8cfbe63674158e80376f1b236f,10.2,22,167,815,345,42,68,122,116,60,150,19,0,31,12,796,3,38,0,4,126,388,0,35,4,6,7,12,4,15,47,94,29,0,14,80,0,17,4,37,0,12,0,0,0,0,0,6,0,8,18,0,8,2,2,13,38,2,2,68,1,0,0,0,792,42,0,77,0,0,0,12,0,0,12,0,764,544,0,12,1246,1002,647,137,9,66,4,11,11,6,34,53,141,160,106,5,95,1,11,2,50,2,1,6,21,21,0,4,4,4,29,24,24,32,8,5,5,13,4,0,0,34,0,0,0,0,2,0,1,2,0,0,0,0,0,2,0,0,0,0,0,0,0,0,0,0,0,0,0,0,0,0,2,0,0,0,0,0,0,0,0,0,0,0,0,0,0,0,0,0,0,0,0,0,0,0,0,0,0,0,0,0,0,0,0,24,0,0,0,0,0,0,0,0,0,0,0,0,0,0,2,0,0,0,0,0,0,0,0,0,0,0,0,0,0,0,0,0,0,22,0,0,0,0,0,0,0,0,0,0,1,0,0,0,0,0,0,0,0,0,0,0,0,0,0,0,0,0,0,0,0,1,0,0,0,0,0,0,0,0,0,0,0,0,0,0,0,0,0,0,0,0,0,0,0,0,0,0,0,0,0,0,0,0,0,0,0,0,0,0
0a58ac877e9e377d4e595fc8b3c97cb4,1.8,0,245,0,216,0,0,0,0,0,0,0,0,0,0,0,0,0,0,0,0,0,0,0,0,20,0,0,0,0,0,0,389,0,0,0,0,84,0,0,0,0,0,0,62,0,0,1,0,0,0,0,0,0,0,0,0,0,0,0,0,0,0,0,24,90,0,48,0,0,0,0,0,0,0,0,0,0,0,0,0,0,0,0,0,0,0,0,0,0,72,0,0,0,0,0,0,0,0,0,287,0,0,0,0,0,0,0,0,0,0,0,0,0,0,0,0,0,0,0,0,0,0,0,0,0,0,0,0,4,0,0,0,0,0,0,0,0,0,0,0,2,0,0,0,0,0,6,0,0,0,0,0,0,0,0,0,0,0,0,0,0,0,0,0,0,0,0,0,0,0,0,0,0,0,0,0,0,0,0,0,1,0,0,0,0,0,0,0,0,0,0,0,0,0,0,0,0,0,0,0,0,0,0,0,0,0,0,0,0,0,0,0,0,0,0,0,0,0,0,0,0,0,0,0,0,0,0,0,0,0,0,0,0,0,0,0,0,0,0,0,0,0,0,0,0,0,0,0,0,0,0,0,0,0,0,0,0,0,0,0,0,0,0,0,0,0,0,0,0,0,0,0,0,0,0,0,0,0,0,0,0,0,0,0,0,0,0,0,0
0a58cbdbfce0d96313e1a2448b665338,10.6,1,125,6014,3198,52,4421,53,203,234,429,10,4,44,6,24308,3,4115,6,5,190,304,4,59,5,11,32,6,5,203,11446,11443,16834,9,22917,235,10,351,5,228,1,3816,5,7627,5477,4,3,3,0,31,205,1,408,0,0,2,12,6,6,246,11,2,2,3,378,17,7643,26,64,8,6,4,2,2,5,0,400,336,1,4,1207,633,302,62,0,51,1,4,4,3,16,12,105,105,105,2,78,0,2,0,3814,3820,1,1,3,3,20,189,2,1,8,5,0,0,0,41926,3811,83855,0,0,0,0,5534,1,0,0,0,0,0,0,0,0,3,0,0,0,0,0,0,0,0,0,0,0,0,0,0,0,0,0,0,0,0,0,0,0,0,0,0,0,0,0,0,0,0,0,0,0,0,1,0,0,0,0,0,0,0,0,0,0,0,0,0,0,0,0,0,0,0,0,0,0,0,0,0,0,0,0,0,0,0,0,0,0,1,0,0,0,0,0,0,0,0,0,0,0,0,0,0,0,0,0,0,0,1,1,7622,0,0,0,0,0,0,0,0,0,0,0,0,0,0,0,0,0,0,0,0,0,0,0,0,0,0,0,0,0,0,0,0,0,0,0,0,0,0,0,0,0,0,0,0,0,0,0,0,0,0,0,0,0,0,0,0,0,0,0,0,0,0,0
0a62d98accc2ed4bbc749c423573ee9a,5.6,4,64,124,51,7,4,1,1,0,4,1,0,2,0,72,1,19,0,1,10,11,1,4,1,2,0,0,0,44,8,21,3,0,1,0,0,3,0,0,0,0,0,0,0,0,0,1,0,0,0,1,0,1,1,6,12,1,1,43,0,0,1,1,3,0,1,0,0,0,0,0,0,0,0,0,0,0,0,0,0,8,0,1,0,0,0,0,0,0,1,0,0,4,0,0,0,0,0,0,2,0,0,0,0,0,0,0,0,0,0,0,0,0,0,1,0,0,0,0,0,0,52,0,0,0,1,0,0,1,0,0,0,0,0,1,0,0,0,0,0,0,0,0,2,0,0,0,0,0,0,0,1,0,0,0,0,0,0,0,0,0,0,0,0,0,0,0,0,0,0,0,0,0,0,0,0,0,0,0,0,0,0,0,0,0,0,0,0,0,0,0,0,0,0,0,0,0,0,0,1,1,0,0,0,0,0,0,0,0,0,0,0,0,0,0,0,0,0,42,0,0,0,0,0,0,0,0,1,0,0,0,0,0,0,0,0,0,0,0,0,0,0,0,0,0,0,0,0,0,0,0,0,0,0,0,0,0,0,0,0,0,0,0,0,0,0,0,0,0,0,0,0,0,0,0,0,0,0,0,0,0,0,0,0,0,0,0,0,0
0a074c24e298f97a255cdf976a304ee7,8.0,8,123,1106,214,11,151,8,189,337,459,14,2,50,5,411,4,28,0,0,24,8,0,8,2,2,5,0,2,12,0,92,40,0,384,19,4,10,1,9,0,2,0,74,385,0,0,1,0,7,2,0,0,0,0,3,35,202,0,0,0,0,0,0,108,6,8,6,0,0,0,13,0,0,1,0,2,0,0,2,5,76,0,0,0,76,0,2,2,0,0,0,0,0,0,2,0,0,0,0,2,3,2,0,2,5,0,0,2,0,0,0,15,0,0,6,3,0,0,0,0,2,20,0,0,2,0,0,0,1,4,0,0,0,0,12,0,0,0,0,0,0,0,0,0,0,0,0,0,0,0,0,0,0,11,0,0,0,437,284,0,0,0,1,2,2,1,0,0,0,0,0,0,0,0,0,0,4,0,0,2,0,1,0,1,0,0,0,0,0,0,0,0,0,0,0,0,0,0,0,0,0,0,0,1,0,11,0,0,0,0,0,0,0,570,0,0,0,0,0,0,80,0,0,0,0,0,0,0,0,0,0,0,0,0,0,0,0,0,0,0,0,0,0,0,0,0,0,0,0,0,0,0,0,0,0,0,0,0,0,0,0,0,0,0,0,0,0,0,0,0,0,0,0,0,0,0,0,0,0,0,0,0,0,0,0,0,0,0,0
1c39a22a4c6d74a4fcadb698d2993717,1.4,0,9,75,7,0,1,0,0,0,0,0,0,0,0,14,0,3,0,3,1,1,0,0,0,0,0,0,0,0,0,0,0,0,0,0,0,6,0,0,0,0,0,0,0,0,0,0,0,0,0,0,0,0,0,3,1,0,0,0,0,0,0,0,1,0,0,0,0,0,0,0,0,0,0,0,0,0,0,0,0,3,0,0,0,0,0,0,0,0,0,0,0,0,0,0,0,0,0,0,0,0,0,0,0,1,1,0,0,0,0,0,0,0,0,0,0,0,0,0,0,0,0,0,0,0,0,0,0,0,0,0,0,0,0,0,0,0,0,0,0,0,0,0,0,0,0,0,0,0,0,0,0,0,0,0,0,0,0,0,0,0,0,0,0,0,0,0,0,0,0,0,0,0,0,0,0,0,0,0,0,0,0,0,0,0,0,0,0,0,0,0,0,0,0,0,0,0,0,0,0,0,0,0,0,0,0,0,0,0,0,0,0,0,0,0,0,0,0,0,0,0,0,0,0,0,0,0,0,0,0,0,0,0,0,0,0,0,0,0,0,0,0,0,0,0,0,0,0,0,0,0,0,0,0,0,0,0,0,0,0,0,0,0,0,0,0,0,0,0,0,0,0,0,0,0,0,0,0,0,0,0,0,0,0,0,0,0,0,0
0a76c5eaaf2be7c9dd9ba1d45e2e92fa,5.4,12,47230,5921,8,11805,8,1,0,0,11796,0,0,11800,2,25,2,0,0,1,3,3,0,0,0,1,5900,0,0,0,0,0,5898,0,5896,1,0,3,0,0,0,0,0,1,0,0,0,1,0,1,0,0,0,0,0,3,1,0,0,0,0,0,0,0,5897,0,0,0,0,0,0,0,0,0,0,0,0,2,0,0,0,0,0,0,0,0,0,0,0,0,0,0,0,0,0,0,0,0,0,0,0,0,0,0,2,4,0,0,0,0,0,0,0,0,0,0,5896,0,0,0,0,0,2,0,0,0,0,0,0,0,0,0,0,0,0,0,0,0,0,0,0,0,0,0,0,0,0,0,0,0,0,0,0,0,0,0,0,0,0,4,0,0,0,0,0,0,0,0,0,0,0,0,0,0,0,0,0,0,0,0,0,0,0,0,0,0,0,0,0,0,0,0,0,0,0,0,0,0,0,0,0,0,0,0,0,0,0,0,0,0,0,0,0,0,0,1,0,0,0,0,0,0,0,0,0,0,0,0,0,0,0,0,0,0,0,0,0,0,0,0,0,0,0,0,0,0,0,0,0,0,0,0,0,0,0,0,0,0,0,0,0,0,0,0,0,0,0,0,0,0,0,0,0,0,0,0,0,0,0,0,0,0,0,0,0,0,0,0,0,0
0a81a4a594bb8fd51f4fc8c6464f948e,1.6,0,1553,311817,10,5,22,2,5,3,8,2,1,3,1,32,1,5,1,1,8,7,1,2,1,1,2,2,0,0,0,1,2,1,1,0,0,7,0,0,0,0,0,0,0,0,0,0,0,0,0,0,0,0,0,2,1,0,0,0,0,0,0,0,0,0,0,0,0,0,0,0,0,0,0,0,0,0,0,0,0,0,0,0,0,0,0,0,0,0,0,0,0,0,0,0,0,0,0,0,0,0,0,0,1,1,0,0,0,0,0,0,1,0,0,0,0,0,0,0,0,0,0,0,0,0,0,0,0,0,0,0,0,0,0,0,0,0,0,0,0,0,0,0,0,0,0,0,0,0,0,0,0,0,0,0,0,0,0,0,0,0,0,0,0,0,0,0,0,0,0,0,0,0,0,0,0,0,0,0,0,0,0,0,0,0,0,0,0,0,0,0,0,0,0,0,0,0,0,0,0,0,0,0,0,0,0,0,0,0,0,0,0,0,0,0,0,0,0,0,0,0,0,0,0,0,0,0,0,0,0,0,0,0,0,0,0,0,0,0,0,0,0,0,0,0,0,0,0,0,0,0,0,0,0,0,0,0,0,0,0,0,0,0,0,0,0,0,0,0,0,0,0,0,0,0,0,0,0,0,0,0,0,0,0,0,0,0,0,0
0a85ea7926dbb0ea07c702d6894ca1d0,2.4,0,8,73,156,0,0,0,0,0,5,0,0,0,0,10447,0,308,0,0,2,2,0,0,0,0,0,0,0,0,17924,1,8395,0,571,0,0,2,0,0,0,1143,0,0,6672,0,0,0,0,0,0,1,0,0,0,0,0,0,0,0,0,0,0,0,0,0,3251,0,0,0,0,0,0,0,0,0,0,0,0,0,0,0,0,0,0,0,0,0,0,0,0,0,0,1,1,0,0,0,0,0,571,6731,0,0,1,1,0,0,0,0,0,0,1,0,0,0,574,1140,571,0,0,0,0,0,0,0,0,0,1,0,0,0,0,0,0,0,0,0,0,0,0,0,0,0,0,0,0,0,0,0,0,0,0,0,0,0,0,0,5,5,0,0,0,0,0,0,0,0,0,0,0,0,0,6675,0,0,0,0,0,0,0,0,0,0,0,0,0,0,0,0,0,0,0,0,0,0,0,0,0,0,0,0,0,0,0,0,0,0,0,0,0,0,0,0,0,1,0,0,0,0,0,0,0,0,0,0,0,0,0,0,0,0,0,0,0,0,0,0,0,0,0,0,0,0,0,0,0,0,0,0,0,0,0,0,0,0,0,0,0,0,0,0,0,0,0,0,0,0,0,0,0,0,0,0,0,0,0,0,0,0,0,0,0,0,0,0,0,0,0,0
0a92aa568b137b988d80829cb21c6901,5.6,50,149,1339,564,144,356,50,765,660,739,103,0,250,9,355,19,124,6,0,96,58,10,20,0,7,9,4,1,5,93,242,83,0,65,26,16,3393,4,12,20,18,3,0,10,0,14,0,2,23,6,2,0,0,0,0,23,0,0,0,0,2,4,2,5,18,27,37,0,1,16,41,1,1,25,0,2,0,8,2,0,8755,84,28,0,75,0,1,1,0,6,0,13,60,13,10,7,0,0,2,2,0,2,5,32,44,2,1,2,0,0,0,13,8,0,12,31,50,0,0,162,3,15,0,0,2,0,0,0,2,17,58,0,0,0,42,24,92,1,0,0,1,0,1,1,1,10,57,10,0,0,0,0,1,0,0,2,0,15,21,0,0,0,0,3,3,4,0,0,0,1,17,0,3,0,10,0,15,1,28,8,0,0,0,2,10,0,55,1,1,1,1,1,1,2,0,0,2,0,0,0,0,0,0,2,1,2,3,18,16,2,0,0,0,0,0,0,0,0,0,0,0,0,0,0,0,0,0,0,0,0,0,0,0,0,0,0,0,0,0,0,0,0,0,0,0,0,0,0,0,0,0,0,0,0,0,0,0,0,0,0,0,0,0,0,0,0,0,0,0,0,0,0,0,0,0,0,0,0,0,0,0,0,0,0,0,0,0,0,0
0a94b754ff74d08b1e8c8ef80483c4a0,7.6,11,30,326,72,8,40,40,105,25,112,4,0,9,3,249,0,6,1,3,34,144,0,10,2,1,0,3,1,7,10,21,20,0,173,20,0,10,0,13,0,6,4,0,177,0,0,1,0,6,13,0,1,0,0,1,12,2,1,23,0,0,0,0,516,21,4,14,0,0,0,3,0,0,3,0,224,163,0,7,1299,529,642,127,6,11,1,4,4,3,20,13,99,109,90,5,85,0,2,0,14,2,1,7,7,7,0,1,2,1,6,5,7,8,2,1,3,7,1,0,0,2,0,0,0,0,0,0,0,0,0,0,0,0,0,0,0,0,0,0,0,0,0,0,1,0,0,0,0,0,0,0,31,14,1,0,0,0,12,12,1,0,0,0,0,0,0,0,0,0,0,0,0,2,0,0,0,0,0,0,0,0,0,0,0,0,0,0,0,0,0,0,0,0,0,0,0,0,0,0,0,0,0,0,0,0,0,0,0,0,0,0,0,0,0,0,0,0,0,0,0,0,0,0,0,0,0,0,0,0,0,0,0,0,0,0,0,0,0,0,0,0,0,0,0,0,0,0,0,0,0,0,0,0,0,0,0,0,0,0,0,0,0,0,0,0,0,0,0,0,0,0,0,0,0,0,0,0,0,0,0,0,0,0,0,0,0,0,0,0
0a94f2a16a88133e68b00bbad62cdac0,2.6,14,84,437,353,30,109,332,1835,5506,1299,52,0,7,8,1152,83,100,0,2,267,174,2,14,1,5,11,17,1,43,65,146,269,25,105,12,3,61,2,3,0,74,0,0,0,21,0,2,5,5,15,0,0,0,0,6,32,0,0,0,0,0,0,0,2,114,26,18,6,0,0,0,0,0,1,0,18,15,16,0,3,1060,30,0,0,3,0,1,1,0,113,59,38,50,19,6,119,338,0,2,83,436,0,29,78,91,2,8,3,0,0,0,15,16,4,0,1,4,0,0,112,1,0,0,0,0,0,0,0,2,27,28,4,1,2,38,12,169,5,14,14,1,1,1,1,0,0,0,0,0,0,0,0,0,0,0,0,0,0,0,0,0,0,0,0,0,0,0,0,0,0,0,0,0,0,0,0,0,0,0,0,0,0,0,0,0,0,0,0,0,0,0,0,0,0,0,0,0,0,0,0,0,0,0,0,0,0,0,0,0,0,0,0,0,0,0,0,0,0,0,0,0,0,0,0,0,0,0,0,0,0,0,0,0,0,0,0,0,0,0,0,0,0,0,0,0,0,0,0,0,0,0,0,0,0,0,0,0,0,0,0,0,0,0,0,0,0,0,0,0,0,0,0,0,0,0,0,0,0,0,0,0,0,0,0,0,0,0,0,0
0a099f3c2787f487dc787c206a976b3f,9.0,279,316,2225,451,357,111,252,5061,3645,5572,17,0,363,20,3459,387,50,0,6,1572,687,1,59,4,7,139,13,21,56,54,63,550,41,6825,33,15,148,13,152,1,56,15,0,72,33,18,5,2,21,53,9,3,0,0,6,59,29,26,990,0,1,0,1,693,190,20,386,2,3,1,65,3,3,160,0,501,325,26,40,74,11845,971,46,9,488,0,4,4,5,165,10,131,405,129,19,1353,1078,0,4,34,161,5,25,412,438,2,4,7,2,1,0,31,24,16,11,383,8619,0,0,167,51,15,0,0,4,0,12,0,5,36,24,2,0,1,5,26,46,2,0,0,1,0,0,0,1,0,365,0,0,1,0,124,27,0,1,1,0,10,20,3,47,6,1,4,4,15,1,1,9,38,18,1,4,6,6,1,13,3,38,4,1,1,1,4,19,12,55,1,1,1,1,1,1,1,1,1,2,9,0,0,0,0,0,0,0,0,0,0,0,0,0,0,0,0,0,0,0,0,0,0,0,0,0,0,0,0,0,0,0,0,0,0,0,0,0,0,0,0,0,0,0,0,0,0,0,0,0,0,0,0,0,0,0,0,0,0,0,0,0,0,0,0,0,0,0,0,0,0,0,0,0,0,0,0,0,0,0,0,0,0,0,0,0,0,0,0,0,0,0
0a106cce7ea6f88bbb3f9830664827fb,11.8,12,158,6099,238,82,4536,81,171,201,638,16,3,69,10,2353,3,24,5,5,226,463,3,77,5,12,23,12,6,342,25,40,34,3,71,457,10,78,5,442,1,9,1,1,8949,2,1,4,2,43,420,1,70,1,1,2,17,10,10,435,12,10,10,29,638,30,9,47,116,12,8,14,4,4,12,2,770,625,1,11,1366,1221,589,116,6,60,2,6,6,5,24,33,125,135,105,7,167,0,7,0,24,11,1,5,13,13,30,224,2,2,16,19,13,16,4,4,2,4,2,0,0,4,8803,1,9,0,0,1,0,0,0,0,0,0,0,0,0,0,0,0,0,0,0,0,0,0,0,0,0,0,0,0,0,0,0,0,0,0,0,0,0,0,0,0,0,0,0,0,0,0,0,0,0,0,0,0,0,0,0,0,0,0,0,0,0,0,0,0,0,0,0,0,0,0,0,0,0,0,0,0,0,0,0,0,0,0,0,0,0,0,0,0,0,0,0,0,0,0,0,0,0,0,0,0,0,0,0,0,0,0,0,0,0,0,0,0,0,0,0,0,0,0,0,0,0,0,0,0,0,0,0,0,0,0,0,0,0,0,0,0,0,0,0,0,0,0,0,0,0,0,0,0,0,0,0,0,0,0,0,0,0,0,0,0,0,0,0,0,0,0
3eea0ff1cecd988fed1cfe4ef574522a,7.2,1,45,822,103,77,62,8,83,43,187,3,0,191,1,115,0,38,1,0,4,3,0,3,0,0,4,0,0,47,26,6,39008,1,1,11,12,24,0,0,0,4,3,0,0,0,0,0,0,6,0,0,5,0,0,0,4,507,17,364,1,0,0,0,491,2,5,2,16,0,0,0,0,0,1,0,0,0,0,0,0,22,0,0,0,2,0,4,0,0,2,0,0,0,0,2,0,0,0,0,5,0,2,0,0,4,1,0,0,0,0,0,3,0,0,0,3,1,0,0,0,0,15,0,0,0,0,1,0,0,9,0,0,0,0,6,2,0,0,0,0,0,0,0,4,0,0,0,0,0,0,0,0,1,1,0,0,0,16,20,2,4,0,5,3,3,0,0,0,0,0,0,0,3,0,0,0,9,0,0,0,0,0,0,8,8,0,0,0,0,0,0,0,0,0,0,0,0,0,0,0,0,0,0,0,0,3,3,0,0,0,0,0,0,0,0,0,0,0,0,0,0,5,0,0,0,0,0,0,0,0,0,0,0,0,0,0,0,0,0,0,0,0,0,0,0,0,0,0,0,0,0,0,0,0,0,0,0,0,0,0,0,0,0,0,0,0,0,0,0,0,0,0,0,0,0,0,0,0,0,0,0,0,0,0,0,0,0,0,0
1c2216f4c0fcb0e20258a71e439109a0,7.0,4,30,176,91,7,5,0,1,0,6,1,0,2,0,43,2,18,1,1,10,12,1,2,1,2,2,2,0,0,8,6,1,1,1,0,0,9,0,0,0,0,0,0,0,0,0,1,0,0,0,0,11,1,1,6,6,0,0,0,0,0,0,0,1,0,0,0,0,0,0,0,0,0,0,0,0,0,0,0,0,8,0,1,0,0,0,0,0,0,1,0,0,4,0,0,0,0,0,0,2,0,0,0,0,0,0,0,0,0,0,0,0,0,0,0,0,0,0,0,0,1,4,0,0,0,1,0,0,1,0,0,0,0,0,1,0,0,0,0,0,0,0,0,0,0,0,0,0,0,0,0,1,0,0,0,0,0,0,0,0,0,0,0,0,0,0,0,0,0,0,0,0,0,0,0,0,0,0,0,0,0,0,0,0,0,0,0,0,0,0,0,0,0,0,0,0,0,0,0,1,0,0,0,0,0,0,0,0,0,0,0,0,0,0,0,0,0,0,0,0,0,0,0,0,0,0,0,0,0,0,0,0,0,0,0,0,0,0,0,0,0,0,0,0,0,0,0,0,0,0,0,0,0,0,0,0,0,0,0,0,0,0,0,0,0,0,0,0,0,0,0,0,0,0,0,0,0,0,0,0,0,0,0,0,0,0,0,0,0
3f5fb6e91260ee826b5a018d2f3b4c42,1.2,0,0,0,0,0,0,0,2,2,2,0,0,0,0,0,0,0,0,0,0,0,0,0,0,0,0,0,0,0,0,0,0,0,0,0,0,0,0,0,0,0,0,0,0,0,0,0,0,0,0,0,0,0,0,1,0,0,0,0,0,0,0,0,0,0,0,0,0,0,0,0,0,0,0,0,0,0,0,0,0,0,0,0,0,0,0,0,0,0,0,0,0,0,0,0,0,0,0,0,0,0,0,0,0,0,0,0,0,0,0,0,0,0,0,0,0,0,0,0,0,3,0,0,0,0,0,0,1,0,0,0,0,0,0,0,0,0,0,0,0,0,0,0,0,0,0,0,0,0,0,0,0,0,0,0,0,0,1,0,0,0,0,0,0,0,0,0,0,0,0,0,0,0,0,0,0,0,0,0,0,0,0,0,0,0,0,0,0,0,0,0,0,0,0,0,5,0,0,0,0,0,0,0,0,0,0,0,0,0,0,0,0,0,0,0,0,0,0,0,0,0,0,0,0,0,0,0,0,0,0,0,0,0,0,0,0,0,0,0,0,0,0,0,0,0,0,0,0,0,0,0,0,0,0,0,0,0,0,0,0,0,0,0,0,0,0,0,0,0,0,0,0,0,0,0,0,0,0,0,0,0,0,0,0,0,0,0,0,0
1c412017f3c185962215d801049c2a41,1.4,0,0,0,1,0,1,0,0,0,0,0,1,0,0,0,0,0,0,0,0,0,0,0,0,0,0,0,0,0,0,1,0,0,0,0,1,0,0,0,0,0,0,0,0,0,0,0,0,0,0,0,0,0,0,1,0,1,1,11,0,0,0,0,0,0,0,0,0,0,0,0,0,0,0,0,0,0,0,0,0,0,0,0,0,0,0,0,0,0,0,0,0,0,0,0,0,0,0,0,0,0,0,0,0,0,0,0,0,0,0,0,0,0,0,0,0,0,0,0,0,1,0,0,0,0,0,0,0,0,0,0,0,0,0,0,0,0,0,0,0,0,0,0,0,0,0,0,0,0,0,0,0,0,0,0,0,0,0,0,0,0,0,0,0,0,0,0,0,0,0,0,0,0,0,0,0,0,0,0,0,0,0,0,0,0,0,0,0,0,0,0,0,0,0,0,0,0,0,0,0,0,0,0,0,0,0,0,0,0,0,0,0,0,0,0,0,0,0,0,0,0,0,0,0,0,0,0,0,0,0,0,0,0,0,0,0,0,0,0,0,0,0,0,0,0,0,0,0,0,0,0,0,0,0,0,0,0,0,0,0,0,0,0,0,0,0,0,0,0,0,0,0,0,0,0,0,0,0,0,0,0,0,0,0,0,0,0,0,0
3a624c64579bc3b57fcff82f96b7cfdc,7.4,1,45,822,106,77,62,10,83,43,189,3,0,195,1,137,0,40,1,0,4,3,0,2,0,0,4,0,0,49,26,6,39008,1,1,12,13,25,0,0,0,4,3,0,0,0,0,0,0,6,0,0,5,0,0,0,4,847,28,614,1,0,0,0,821,2,5,2,16,0,0,0,0,0,1,0,0,0,0,0,0,22,0,0,0,2,0,4,0,0,2,0,0,0,0,2,0,0,0,0,5,0,2,0,0,4,1,0,0,0,0,0,3,0,0,0,3,1,0,0,0,0,15,0,0,0,0,1,0,0,11,0,0,0,0,6,2,0,0,0,0,0,0,0,4,0,0,0,0,0,0,0,0,1,1,0,0,0,18,20,2,4,0,7,3,3,0,0,0,0,0,0,0,3,0,0,0,13,0,0,0,0,0,0,12,8,0,0,0,0,0,0,0,0,0,0,0,0,0,0,0,0,0,0,0,0,3,3,0,0,0,0,0,0,0,0,0,0,0,0,0,0,7,0,0,0,0,0,0,0,0,0,0,0,0,0,0,0,0,0,0,0,0,0,0,0,0,0,0,0,0,0,0,0,0,0,0,0,0,0,0,0,0,0,0,0,0,0,0,0,0,0,0,0,0,0,0,0,0,0,0,0,0,0,0,0,0,0,0,0
1cc2c579ba381d18de6d25275bf68e35,1.6,0,0,0,0,0,0,0,0,0,0,0,0,0,0,0,0,0,0,0,0,0,0,0,0,0,0,0,0,0,0,0,0,0,0,0,0,4,0,0,0,0,0,0,0,0,0,0,0,0,0,0,0,0,0,1,0,0,0,0,0,0,0,0,0,0,0,0,0,0,0,0,0,0,0,0,0,0,0,0,0,0,0,0,0,0,0,0,0,0,0,0,0,0,0,0,0,0,0,0,0,0,0,0,0,0,0,0,0,0,0,0,0,0,0,0,0,0,0,0,0,1,0,0,0,0,0,0,0,0,0,0,0,0,0,0,0,0,0,0,0,0,0,0,0,0,0,0,0,0,0,0,0,0,0,0,0,0,0,0,0,0,0,0,0,0,0,0,0,0,0,0,0,0,0,0,0,0,0,0,0,0,0,0,0,0,0,0,0,0,0,0,0,0,0,0,0,0,0,0,0,0,0,0,0,0,0,0,0,0,0,0,0,0,0,0,0,0,0,0,0,0,0,0,0,0,0,0,0,0,0,0,0,0,0,0,0,0,0,0,0,0,0,0,0,0,0,0,0,0,0,0,0,0,0,0,0,0,0,0,0,0,0,0,0,0,0,0,0,0,0,0,0,0,0,0,0,0,0,0,0,0,0,0,0,0,0,0,0,0
1d8804d5cef6772e10468c46e977c96a,3.2,2,28,183,14,6,2,1,45,42,66,1,0,48,0,102,4,5,0,3,7,1,0,5,0,0,0,0,0,0,0,4,3,0,4,1,0,5,0,9,0,0,0,0,1,0,0,0,0,1,2,1,0,0,0,3,9,0,0,0,0,0,0,0,1,2,5,4,0,0,0,13,0,0,2,0,2,0,0,0,0,0,0,0,0,0,0,0,0,0,0,0,0,0,0,0,0,0,0,0,0,0,2,0,0,0,0,0,0,0,0,0,0,0,0,0,0,9,0,0,0,0,10,0,0,0,0,0,0,0,1,0,0,0,0,0,0,0,0,0,0,0,0,0,0,0,0,0,0,0,0,0,0,0,0,0,0,0,7,20,0,0,0,2,2,2,1,0,0,0,0,0,0,0,0,0,0,4,0,0,2,0,2,0,3,0,0,0,0,0,0,0,0,0,0,0,0,0,0,0,0,0,0,0,0,0,0,0,0,0,0,0,0,0,0,0,0,0,0,0,0,0,0,0,0,0,0,0,0,0,0,0,0,0,0,0,0,0,0,0,0,0,0,0,0,0,0,0,0,0,0,0,0,0,0,0,0,0,0,0,0,0,0,0,0,0,0,0,0,0,0,0,0,0,0,0,0,0,0,0,0,0,0,0,0,0,0,0,0,0
1daeb015ee69038ad2e0351144334471,3.4,0,11,176,2,1,4,5,0,2,2,1,0,1,2,38,0,1,0,1,25,16,0,1,0,0,3,0,0,1,0,1,3,0,0,2,1,8,0,1,0,1,3,1,1,0,0,0,0,0,1,0,0,0,0,0,0,2,2,76,0,0,0,0,3685,0,0,0,0,0,0,0,0,0,0,0,0,4,0,0,0,0,0,0,0,0,0,0,0,0,0,0,0,0,0,0,0,0,0,0,0,0,0,0,1,1,0,0,0,2,0,2,1,0,0,0,0,1,0,0,0,0,1,0,0,0,0,0,0,0,0,0,0,0,0,0,0,0,0,0,0,0,0,0,1,0,0,0,0,0,0,0,0,0,0,0,0,0,0,0,0,0,0,0,0,0,0,0,0,0,0,0,0,1,0,0,0,0,0,0,0,0,0,0,0,0,0,0,0,0,0,0,0,0,0,0,0,0,0,0,0,0,0,0,0,0,0,0,0,0,0,0,0,0,0,0,0,0,0,0,0,0,0,0,0,0,0,0,0,0,0,0,0,0,0,1,0,0,0,0,0,0,0,0,0,0,0,0,0,0,0,0,0,0,0,0,0,0,0,0,0,0,0,0,0,0,0,0,0,0,0,0,0,0,0,0,0,0,0,0,0,0,0,0,0,0,0,0,0,0
0ab990fb800885d9d9c3e4bd1063e060,2.6,14,84,437,355,30,109,332,1835,5505,1299,52,0,7,8,1154,83,181,0,2,267,174,2,14,1,5,11,18,1,43,65,146,269,25,105,12,3,61,2,3,0,74,0,0,0,21,0,2,5,5,15,0,0,0,0,6,32,0,0,0,0,0,0,0,2,114,26,18,6,0,0,0,0,0,1,0,18,15,16,0,3,1046,30,0,0,3,0,1,1,0,113,59,38,50,19,6,118,338,0,2,83,436,0,29,78,91,2,8,3,0,0,0,15,16,4,0,1,4,0,0,112,1,0,0,0,0,0,0,0,2,27,28,4,1,2,38,12,168,5,14,14,1,1,1,1,0,0,0,0,0,0,0,0,0,0,0,0,0,0,0,0,0,0,0,0,0,0,0,0,0,0,0,0,0,0,0,0,0,0,0,0,0,0,0,0,0,0,0,0,0,0,0,0,0,0,0,0,0,0,0,0,0,0,0,0,0,0,0,0,0,0,0,0,0,0,0,0,0,0,0,0,0,0,0,0,0,0,0,0,0,0,0,0,0,0,0,0,0,0,0,0,0,0,0,0,0,0,0,0,0,0,0,0,0,0,0,0,0,0,0,0,0,0,0,0,0,0,0,0,0,0,0,0,0,0,0,0,0,0,0,0,0,0,0,0,0,0,0,0,0
02f48b40fe032ab6b666ed64527de8f0,1.6,0,19,368,10,3,4,4,5,4,9,1,0,3,0,28,1,3,1,1,6,5,1,2,1,1,2,2,0,0,0,1,1,1,1,0,0,2,0,0,0,0,0,0,0,0,0,0,0,0,0,3212,0,0,0,3,1,0,0,0,0,0,0,0,0,0,0,0,0,0,0,0,0,0,0,0,0,0,0,0,0,0,0,0,0,0,0,0,0,0,0,0,0,0,0,0,0,0,0,0,0,0,0,0,0,0,0,0,0,0,0,0,0,0,0,0,0,0,1799,0,0,0,0,0,0,0,0,0,0,0,0,0,0,0,0,0,0,0,0,0,0,0,0,0,0,0,0,0,0,0,0,0,0,0,0,0,0,0,0,0,0,0,0,0,0,0,0,0,0,0,0,0,0,0,0,0,0,0,0,0,0,0,0,0,0,0,0,0,0,0,0,0,0,0,0,0,0,0,0,0,0,0,0,0,0,0,0,0,0,0,0,0,0,0,0,0,0,0,0,0,0,0,0,0,0,0,0,0,0,0,0,0,0,0,0,0,0,0,0,0,0,0,0,0,0,0,0,0,0,0,0,0,0,0,0,0,0,0,0,0,0,0,0,0,0,0,0,0,0,0,0,0,0,0,0,0,0,0,0,0,0,0,0,0,0,0,0,0,0,0
0ab01319837f501afde3f2d1c1c64b73,1.6,0,11,1462,9,0,91,4,19,0,0,1,3,0,0,80,0,3,1,0,9,1,0,0,0,0,0,0,3,1,10,17,0,0,0,6,0,16,0,0,0,2,0,0,0,0,0,0,0,0,0,0,0,0,0,3,4,0,0,0,0,0,0,0,0,0,38,0,0,0,0,0,0,0,0,0,0,0,0,0,0,0,0,0,0,2,0,0,0,0,0,0,0,0,0,4,0,0,0,0,3,0,0,1,2,3,0,0,1,0,0,0,0,0,0,0,0,0,0,0,0,0,0,0,0,0,0,0,0,0,4,0,0,0,0,0,0,0,0,0,0,0,0,0,0,1,0,0,0,0,0,0,0,0,0,0,0,0,0,0,0,0,0,0,0,0,0,0,0,0,0,0,0,0,0,0,0,0,0,0,0,0,0,0,0,0,0,0,0,0,0,0,0,0,0,0,0,0,0,0,0,0,0,0,0,0,0,0,0,0,0,0,0,0,0,0,0,0,0,0,0,0,0,0,0,0,0,0,0,0,0,0,0,0,2,0,0,0,0,0,0,0,0,0,0,0,0,0,0,0,0,0,0,0,0,0,0,0,0,0,0,0,0,0,0,0,0,0,0,0,0,0,0,0,0,0,0,0,0,0,0,0,0,0,0,0,0,0,0,0
0abd2200504a694a80b1bb9a3dcdb8d2,3.6,421,1277,8941,3797,410,384,138,663,2331,1140,96,0,58,4,3793,203,649,0,1,395,686,1,19,0,0,0,4,1,31,734,1276,424,9,195,63,4,285,1,8,0,116,1,56,236,9,0,112,0,4,7,91,0,0,0,155,661,0,0,0,0,90,0,0,265,34,2534,7,0,0,0,0,0,0,0,0,22,20,0,6,490,2206,319,112,110,11,0,1,1,1,88,1,48,462,48,156,132,216,0,0,442,633,1,19,202,218,0,0,0,0,1,0,83,8,0,322,91,625,3,0,0,63,0,0,0,0,56,0,0,96,7,6,2,0,0,95,5,10,0,0,0,0,0,0,0,0,0,0,0,0,292,0,166,1,0,0,4,0,461,385,0,0,0,0,0,0,0,0,0,0,144,0,0,54,90,0,0,0,0,0,0,0,0,0,0,0,0,0,0,0,0,0,0,0,0,0,0,0,0,0,91,0,0,0,78,0,0,77,0,0,0,0,0,0,0,0,0,0,0,0,0,0,0,0,0,0,0,0,0,0,0,0,0,0,0,0,0,0,0,0,0,0,0,0,0,0,0,0,0,0,0,0,0,0,0,0,0,0,0,0,0,0,0,0,0,0,0,0,0,0,0,0,0,0,0,0,0,0,0,0,0,0,0,0,0,0,0,0,0,0
0abdbceac20740730f1303619f77fbbc,6.4,50,149,1334,586,144,348,50,757,660,738,103,0,250,9,356,19,119,6,0,96,58,10,19,0,7,9,4,1,5,93,242,83,0,65,26,16,3393,4,12,20,18,3,0,10,0,14,0,2,23,6,2,0,0,0,1,23,0,0,0,0,2,4,2,3,18,27,37,0,1,16,41,1,1,25,0,2,0,8,2,0,8857,89,28,0,75,0,1,1,0,6,0,11,58,11,10,7,0,0,2,2,0,2,5,32,44,2,1,2,0,0,0,13,8,0,12,31,50,0,0,162,3,15,0,0,2,0,0,0,2,17,58,0,0,0,42,24,92,1,0,0,1,0,1,1,1,10,57,10,0,0,0,0,1,0,0,2,0,15,21,0,0,0,0,3,3,4,0,0,0,1,17,0,3,0,10,0,15,1,27,8,0,0,0,2,10,0,55,1,1,1,1,1,1,2,0,0,2,0,0,0,0,0,0,2,1,2,3,18,16,2,0,0,0,0,0,0,0,0,0,0,0,0,0,0,0,0,0,0,0,0,0,0,0,0,0,0,0,0,0,0,0,0,0,0,0,0,0,0,0,0,0,0,0,0,0,0,0,0,0,0,0,0,0,0,0,0,0,0,0,0,0,0,0,0,0,0,0,0,0,0,0,0,0,0,0,0,0,0,0
0abe4549bcdb985316e553683d813290,9.0,14,114,447,15464,34,29,13,51,7,81,2,0,27,0,79,2,15418,0,0,5,50,0,2,0,1,1,0,0,3,9,11,6,0,6,0,1,10,0,7,0,0,0,0,0,0,0,1,0,0,6,0,4,1,1,6,14,2,2,64,1,0,0,0,438,6,0,0,0,0,0,0,0,0,0,0,17,17,0,6,1065,514,627,130,5,6,0,1,1,1,9,1,45,59,45,0,95,0,0,0,4,2,1,2,1,1,0,0,0,0,0,0,0,0,0,0,1,2,0,0,0,5,0,0,0,0,1,0,0,1,0,0,0,0,0,1,0,0,0,0,0,0,0,0,0,0,0,0,0,0,0,0,40,0,0,0,0,0,1,1,0,0,0,0,0,0,0,0,0,0,0,0,0,0,0,0,0,0,0,0,0,0,0,0,0,24,0,0,0,0,0,0,0,0,0,0,0,0,0,0,1,0,0,0,0,0,0,0,0,0,0,0,0,0,0,0,0,0,0,18,0,0,0,0,0,0,0,0,0,0,0,0,0,0,0,0,0,0,0,0,0,0,0,0,0,0,0,0,0,0,0,1,0,0,0,0,0,0,0,0,0,0,0,0,0,0,0,0,0,0,0,0,0,0,0,0,0,0,0,0,0,0,0,0,0,0,0,0,0,0
0ac3e207f1aeb4c9187080edfcebcd20,4.0,62,74,423,139,130,67,5,640,404,669,3,0,236,2,275,10,37,1,0,36,19,0,6,1,3,3,0,0,0,23,6,28,0,34,12,13,2,0,10,0,0,3,0,8,0,16,0,1,8,8,0,0,0,0,3,28,1,1,41,0,1,0,0,0,13,10,26,0,1,0,19,1,1,2,0,2,0,14,4,0,1738,3955,224,1,47,0,0,0,0,14,0,9,67,9,8,96,0,0,2,33,0,2,2,4,9,0,0,3,0,0,0,4,0,0,1,5,45,0,0,141,0,15,0,0,2,6,0,6,3,7,8,0,0,0,0,12,12,1,0,0,1,0,0,0,0,0,17,0,0,1,0,0,0,0,0,0,897,27,43,0,0,0,0,3,3,3,0,0,0,0,9,0,3,0,8,0,5,1,12,2,0,0,0,0,10,0,60,1,1,1,1,0,0,0,0,0,0,0,0,5,0,0,0,0,0,2,3,0,0,0,0,0,0,0,0,6,0,0,0,0,0,0,0,0,0,0,0,0,0,1,0,0,0,0,0,0,0,0,0,0,0,0,0,0,0,0,0,0,0,0,0,0,0,0,0,0,0,0,0,0,0,0,0,0,0,0,0,0,0,0,0,0,0,0,0,0,0,0,0,0,0,0,0,0,0,0,0,0,0
0ac9c6feed95426d6d3ec9cae396baed,1.6,0,1,2,96,0,0,0,0,0,5,0,0,0,0,11009,0,155,0,0,2,2,0,0,0,0,0,0,0,0,0,1,4024,0,570,0,0,0,0,0,0,1141,0,0,570,0,0,0,0,0,0,1,0,0,0,0,0,0,0,0,0,0,0,0,0,0,9916,0,0,0,0,0,0,0,0,0,0,0,0,0,0,0,0,0,0,0,0,0,0,0,0,0,0,1,1,0,0,0,0,0,570,20830,0,0,1,1,0,0,0,0,0,0,1,0,0,0,573,1140,570,0,0,0,0,0,0,0,0,0,1,0,0,0,0,0,0,0,0,0,0,0,0,0,0,0,0,0,0,0,0,0,0,0,0,0,0,0,0,0,5,5,0,0,0,0,0,0,0,0,0,0,0,0,0,571,0,0,0,0,0,0,0,0,0,0,0,0,0,0,0,0,0,0,0,0,0,0,0,0,0,0,0,0,0,0,0,0,0,0,0,0,0,0,0,0,0,1,0,0,0,0,0,0,0,0,0,0,0,0,0,0,0,0,0,0,0,0,0,0,0,0,0,0,0,0,0,0,0,0,0,0,0,0,0,0,0,0,0,0,0,0,0,0,0,0,0,0,0,0,0,0,0,0,0,0,0,0,0,0,0,0,0,0,0,0,0,0,0,0,0,0
0ac90ad4ffa9236f4e4b8feb619eb0c0,1.6,2,17,414,15,5,6,2,7,3,8,3,1,3,1,29,2,2,1,1,6,5,1,2,1,1,2,2,0,0,0,1,1,1,1,0,0,4,0,0,0,0,0,0,0,0,0,0,0,0,0,0,6,0,0,3,1,0,0,0,0,0,0,0,1,0,0,0,0,0,0,0,0,0,0,0,0,0,0,0,0,0,0,0,0,0,0,0,0,0,0,0,0,0,0,0,0,0,0,0,0,0,0,0,0,0,0,0,0,0,0,0,0,0,0,0,0,0,0,0,0,0,4,0,0,0,0,0,0,0,0,0,0,0,0,0,0,0,0,0,0,0,0,0,0,0,0,0,0,0,0,0,0,0,0,0,0,0,0,0,0,0,0,0,0,0,0,0,0,0,0,0,0,0,0,0,0,0,0,0,0,0,0,0,0,0,0,0,0,0,0,0,0,0,0,0,0,0,0,0,0,0,0,0,0,0,0,0,0,0,0,0,0,0,0,0,0,0,0,0,0,0,0,0,0,0,0,0,0,0,0,0,0,0,0,0,0,0,0,0,0,0,0,0,0,0,0,0,0,0,0,0,0,0,0,0,0,0,0,0,0,0,0,0,0,0,0,0,0,0,0,0,0,0,0,0,0,0,0,0,0,0,0,0,0,0,0,0,0,0
0a529fa26f1ed3d99cec7f3f389a7290,2.6,14,84,437,308,30,109,332,1835,5506,1299,52,0,7,8,1151,83,101,0,2,267,174,2,14,1,5,11,18,1,43,65,146,269,25,105,12,3,61,2,3,0,74,0,0,0,21,0,2,5,5,15,0,0,0,0,6,32,0,0,0,0,0,0,0,1,114,26,18,6,0,0,0,0,0,1,0,18,15,16,0,3,1060,30,0,0,3,0,1,1,0,113,59,38,50,19,6,119,338,0,2,83,436,0,29,78,91,2,8,3,0,0,0,15,16,4,0,1,4,0,0,112,1,0,0,0,0,0,0,0,2,27,28,4,1,2,38,12,169,5,14,14,1,1,1,1,0,0,0,0,0,0,0,0,0,0,0,0,0,0,0,0,0,0,0,0,0,0,0,0,0,0,0,0,0,0,0,0,0,0,0,0,0,0,0,0,0,0,0,0,0,0,0,0,0,0,0,0,0,0,0,0,0,0,0,0,0,0,0,0,0,0,0,0,0,0,0,0,0,0,0,0,0,0,0,0,0,0,0,0,0,0,0,0,0,0,0,0,0,0,0,0,0,0,0,0,0,0,0,0,0,0,0,0,0,0,0,0,0,0,0,0,0,0,0,0,0,0,0,0,0,0,0,0,0,0,0,0,0,0,0,0,0,0,0,0,0,0,0,0,0
0a562ec84d379c1050f0ead9f3a63d90,2.2,0,201,0,149,0,0,0,0,0,0,0,0,0,0,0,0,0,0,0,0,0,0,0,0,17,0,0,0,0,0,0,373,0,0,0,0,84,0,0,0,0,0,0,62,0,0,1,0,0,0,0,0,0,0,0,0,0,0,0,0,0,0,0,5,102,0,45,0,0,0,0,0,0,0,0,0,0,0,0,0,0,0,0,0,0,0,0,0,0,86,0,0,0,0,0,0,0,0,0,281,0,0,0,0,0,0,0,0,0,0,0,0,0,0,0,0,0,0,0,0,0,0,0,0,0,0,0,0,4,0,0,0,0,0,0,0,0,0,0,0,1,0,0,0,0,0,6,0,0,0,0,0,0,0,0,0,0,0,0,0,0,0,0,0,0,0,0,0,0,0,0,0,0,0,0,0,0,0,0,0,1,0,0,0,0,0,0,0,0,0,0,0,0,0,0,0,0,0,0,0,0,0,0,0,0,0,0,0,0,0,0,0,0,0,0,0,0,0,0,0,0,0,0,0,0,0,0,0,0,0,0,0,0,0,0,0,0,0,0,0,0,0,0,0,0,0,0,0,0,0,0,0,0,0,0,0,0,0,0,0,0,0,0,0,0,0,0,0,0,0,0,0,0,0,0,0,0,0,0,0,0,0,0,0,0,0,0,0,0
1dcefeada0c9779704bc739abc5cd026,1.2,0,22,347,14,1,10,7,0,0,1,3,1,1,3,58,1,3,1,2,11,76,1,2,1,1,1,2,1,2,2,1,1,1,1,1,0,5,0,0,0,0,0,0,0,0,0,0,0,0,0,0,0,0,0,3,1,0,0,0,0,0,0,0,0,0,0,0,0,0,0,0,0,0,0,0,0,28,0,0,0,0,0,0,0,0,0,0,0,0,0,0,0,0,0,0,0,0,0,0,0,0,0,0,0,0,0,0,0,0,0,0,0,0,0,3,0,0,0,0,0,0,0,0,0,0,0,0,0,0,0,0,0,0,0,0,0,0,0,0,0,0,0,0,0,0,0,0,0,0,0,0,0,0,0,0,0,0,0,0,0,0,0,0,0,0,0,0,0,0,0,0,0,0,0,0,0,0,0,0,0,0,0,0,0,0,0,0,0,0,0,0,0,0,0,0,0,0,0,0,0,0,0,0,0,0,0,0,0,0,0,0,0,0,0,0,0,0,0,0,0,0,0,0,0,0,0,0,0,0,0,0,0,0,0,0,0,0,0,0,0,0,0,0,0,0,0,0,0,0,0,0,0,0,0,0,0,0,0,0,0,0,0,0,0,0,0,0,0,0,0,0,0,0,0,0,0,0,0,0,0,0,0,0,0,0,0,0,0,0
0a617c203e1f1b0acf18ed2ff8d84840,7.0,0,2,31,135,1,4,1,0,0,2,0,0,1,0,41,3,126,0,0,4,4,0,0,0,1,0,0,1,1,0,0,1,0,0,1,1,0,0,0,0,0,0,0,0,0,0,1,0,0,0,0,7,1,1,6,2,2,2,64,0,0,0,0,1,0,0,0,0,0,0,0,0,0,0,0,0,0,0,1,0,0,0,0,0,0,0,0,0,0,0,0,0,20,20,0,0,0,0,0,0,0,0,0,2,3,0,0,1,0,0,0,1,0,0,0,0,0,0,0,0,0,0,0,0,0,0,0,20,0,2,0,0,0,0,0,0,0,0,0,0,0,0,0,0,0,0,0,0,0,0,0,0,0,0,0,0,0,1,1,0,0,0,0,0,0,0,0,0,0,0,0,0,0,0,0,0,0,0,0,0,0,0,0,0,0,0,0,0,0,0,0,0,0,0,0,0,0,0,0,0,0,0,0,0,0,0,0,0,0,0,0,0,0,0,0,0,0,0,0,0,0,0,0,0,0,0,0,0,0,0,0,0,0,0,0,0,0,0,0,0,0,0,0,0,0,0,0,0,0,0,0,0,0,0,0,0,0,0,0,0,0,0,0,0,0,0,0,0,0,0,0,0,0,0,0,1,0,0,0,0,0,0,0,0,0,0,0,0,0
0a641e90a2ed5795c491cc19ee383830,5.0,212,387,4203,2294,319,227,7,490,206,585,53,0,53,10,2116,154,488,0,1,355,470,1,45,0,0,0,30,10,4093,423,188,95,0,243,20,0,265,0,18,0,53,9,57,528,0,0,54,0,0,18,53,0,0,0,158,185,88,88,4093,0,53,0,0,96,42,5,2,2,0,0,0,0,0,0,0,134,98,0,1,0,678,0,52,0,10,0,0,0,0,94,3,0,212,0,3,0,3,0,0,104,3,0,0,109,164,1,0,1,0,4,0,61,80,40,92,55,349,0,0,0,56,6195,0,0,0,104,0,0,54,54,0,0,0,1,53,0,0,0,0,0,0,0,0,0,0,2,54,0,0,0,0,53,0,10,0,0,0,14,14,0,0,0,0,0,0,0,0,0,0,105,0,0,52,53,0,0,0,0,0,0,0,0,0,0,0,0,0,0,0,0,0,0,0,0,0,0,0,0,0,108,0,0,0,2,0,10,1,0,0,0,0,0,6,0,0,0,0,0,0,0,0,0,0,0,0,0,0,0,0,0,0,0,0,0,0,0,0,0,0,0,0,0,0,0,0,0,0,0,0,0,0,0,0,0,0,0,0,0,0,0,0,0,0,0,0,0,0,0,0,0,0,0,0,0,0,0,0,0,0,0,0,0,0,0,0,0,0,0,0
0a693d5dab7b5191e69661a328e441c9,5.8,21,539,712,529,6,32,3,3,14,3,1,0,0,0,102,0,187,1,0,50,15,0,0,0,0,0,0,0,0,16,20,18,0,17,1,0,0,0,0,0,6,2,6,2,0,0,1,0,0,0,1,0,0,0,6,2,0,0,0,0,0,0,0,2,0,18,0,0,0,0,0,0,0,0,0,0,0,0,0,0,19,0,0,0,0,0,0,0,0,0,0,0,22,1,0,2,0,0,0,5,5,1,4,1,1,1,0,1,0,0,0,0,0,0,73,3,65,0,0,0,5,0,0,0,0,0,0,1,0,0,0,0,0,0,0,0,0,0,0,0,0,0,0,1,0,0,0,0,0,0,0,147,0,0,0,0,0,0,0,0,0,0,0,3,2,0,0,0,1,0,0,0,0,0,0,0,0,0,0,0,0,0,0,0,0,0,0,0,0,0,0,0,0,0,0,0,0,0,0,0,0,0,0,0,0,0,1,0,0,0,1,0,0,0,1,0,0,0,0,0,0,0,0,0,0,46,0,0,0,0,0,0,0,0,0,0,0,0,0,0,0,0,0,0,0,0,0,0,0,0,0,0,0,0,0,0,0,0,0,0,0,0,0,0,0,0,1,0,0,0,0,0,0,0,0,0,0,0,0,0,0,0,0,0,0,0,0,0,0
0a716d5678b55c1b2e9c5e86d101de61,6.4,50,149,1334,653,144,348,50,766,660,740,103,0,250,9,355,19,121,6,0,96,58,10,19,0,7,9,4,1,5,93,242,83,0,65,26,16,3393,4,12,20,18,3,0,10,0,14,0,2,23,6,2,0,0,0,1,23,0,0,0,0,2,4,2,4,18,27,37,0,1,16,41,1,1,25,0,2,0,8,2,0,8872,109,28,0,75,0,1,1,0,6,0,10,57,10,10,5,0,0,2,2,0,2,5,32,44,2,1,2,0,0,0,13,8,0,12,31,50,0,0,162,3,15,0,0,2,0,0,0,2,17,58,0,0,0,42,24,92,1,0,0,1,0,1,1,1,10,57,10,0,0,0,0,1,0,0,2,0,15,21,0,0,0,0,3,3,4,0,0,0,1,17,0,3,0,10,0,15,1,28,8,0,0,0,2,10,0,55,1,1,1,1,1,1,2,0,0,2,0,0,0,0,0,0,2,1,2,3,18,16,2,0,0,0,0,0,0,0,0,0,0,0,0,0,0,0,0,0,0,0,0,0,0,0,0,0,0,0,0,0,0,0,0,0,0,0,0,0,0,0,0,0,0,0,0,0,0,0,0,0,0,0,0,0,0,0,0,0,0,0,0,0,0,0,0,0,0,0,0,0,0,0,0,0,0,0,0,0,0,0
0a820d851271a391ccdfff47790a4ed2,2.2,2,19,73,93,7,19,98,491,2239,366,0,0,2,2,254,13,16,0,1,38,14,1,5,0,0,0,4,1,14,15,9,69,11,132,2,0,0,8,0,1,16,2,3,25,11,0,0,0,0,0,1,0,0,0,3,4,0,0,0,0,0,0,0,0,16,17,4,0,0,0,0,0,0,2,0,0,0,0,0,0,0,0,0,0,1,0,0,0,0,17,0,0,2,0,2,0,111,0,0,17,112,0,2,9,11,0,0,0,0,4,0,7,8,0,1,1,5,0,0,0,0,0,0,0,0,0,0,0,1,5,3,1,0,0,0,0,0,0,0,0,0,0,0,0,0,1,1,2,1,0,0,0,0,0,0,0,0,0,0,0,0,0,0,0,0,0,0,0,0,0,0,0,0,0,0,0,0,0,0,0,0,0,0,0,0,0,0,0,0,0,0,0,0,0,0,0,0,0,0,0,0,0,0,0,0,0,0,0,0,0,0,0,0,0,0,0,0,0,0,0,0,0,0,0,0,0,0,0,0,0,0,0,0,0,0,0,0,0,0,0,0,0,0,0,0,0,0,0,0,0,0,0,0,0,0,0,0,0,0,0,0,0,0,0,0,0,0,0,0,0,0,0,0,0,0,0,0,0,0,0,0,0,0,0,0,0,0,0,0
0a831e91534fc143d9072b77e77fe250,2.2,0,26,218,10,3,4,2,0,0,0,1,0,0,0,27,49,54,1,0,3,3,0,0,0,0,0,0,0,0,2,1,1,0,1,0,0,10,0,0,0,0,0,0,0,0,0,0,0,0,0,0,0,0,0,3,2,0,0,0,0,0,0,0,0,0,0,0,0,0,0,0,0,0,0,0,0,0,0,0,0,1,0,0,0,2,0,0,0,0,0,0,0,0,0,4,0,0,0,0,0,0,0,4,0,0,0,0,1,0,0,0,0,0,0,0,1,0,0,0,0,0,0,0,0,0,0,0,0,0,0,0,0,0,0,0,0,0,0,0,0,0,0,0,0,1,0,0,0,0,158632,1,31,0,0,0,0,0,0,0,0,0,0,0,0,0,0,0,0,0,0,0,0,0,0,0,0,0,0,0,0,0,0,0,0,0,0,0,0,0,0,0,0,0,0,0,0,0,0,0,0,0,0,0,0,0,0,0,0,0,0,0,0,0,0,0,0,0,0,0,0,0,0,0,0,0,0,0,0,0,0,0,0,0,0,0,0,0,0,0,0,0,0,0,0,0,0,0,0,0,0,0,0,0,0,0,0,0,0,0,0,0,0,0,0,0,0,0,0,0,0,0,0,0,0,0,0,0,0,0,0,0,0,0,0,0,0,0,0,0
0a1421ced27b177cc28e0124c1fc2103,6.0,50,149,1344,627,144,356,50,782,700,752,103,0,250,9,356,19,131,6,0,96,58,10,20,0,7,9,4,1,5,93,242,83,0,65,26,16,3393,4,12,20,18,3,0,10,0,14,0,2,23,6,2,0,0,0,0,23,0,0,0,0,2,4,2,3,18,27,37,0,1,16,41,1,1,25,0,2,0,8,2,0,8749,129,28,0,75,0,1,1,0,6,0,13,60,13,10,7,0,0,2,2,0,2,5,32,44,2,1,2,0,0,0,13,8,0,12,31,50,0,0,166,3,20,0,0,2,0,0,0,2,17,58,0,0,0,42,28,92,1,0,0,1,0,1,1,1,10,57,10,0,0,0,0,1,0,0,2,0,15,21,0,0,0,0,3,3,4,0,0,0,1,17,0,3,0,10,0,15,1,24,8,0,0,0,2,10,0,55,1,1,1,1,1,1,2,0,0,2,0,0,0,0,0,0,2,1,2,3,18,16,2,0,0,0,0,0,0,0,0,0,0,0,0,0,0,0,0,0,0,0,0,0,0,0,0,0,0,0,0,0,0,0,0,0,0,0,0,0,0,0,0,0,0,0,0,0,0,0,0,0,0,0,0,0,0,0,0,0,0,0,0,0,0,0,0,0,0,0,0,0,0,0,0,0,0,0,0,0,0,0
0a2920e655702304768afbd287616136,2.2,0,16,26,34,1,13,3,1,1,2,2,0,1,0,15757,0,17,0,0,0,0,0,0,0,0,0,0,0,0,0,1,0,0,0,0,0,8,0,0,0,1,0,0,0,0,0,0,0,0,0,0,0,0,0,0,0,1,1,11,0,0,0,0,1,0,0,0,0,0,0,15741,0,0,0,0,0,0,0,0,0,3,0,0,0,0,0,0,0,0,0,0,0,93,93,0,0,0,0,0,15,12961,0,0,0,1,1,0,1,0,0,0,0,0,0,0,0,0,0,0,0,7,0,0,0,0,0,0,93,0,0,0,0,0,0,0,0,0,0,0,0,0,0,0,0,0,0,0,0,0,0,0,0,0,0,0,0,0,0,0,0,0,0,0,0,0,0,0,0,0,0,0,0,0,0,0,0,0,0,0,0,0,0,0,0,0,0,0,0,0,0,0,0,0,0,0,0,0,0,0,0,0,0,0,1,0,0,0,0,0,0,0,0,0,0,0,0,0,0,0,0,0,0,0,0,0,0,0,0,0,0,0,0,0,0,0,0,0,0,0,0,0,0,0,0,0,0,0,0,0,0,0,0,0,0,0,0,0,0,0,0,0,0,0,0,0,0,0,0,0,0,0,0,0,0,0,0,0,0,0,0,0,0,0,0,0,0,0,0,0
0a4158f22b7fcd9e6f7f310a54ae5730,1.4,0,2,7,3,2,2,2,1,1,3,0,0,2,0,30,0,1,0,0,3,3,0,0,0,0,0,0,0,0,2,1,1,0,0,0,0,10,0,0,0,0,0,0,0,0,0,0,0,0,0,0,0,0,0,3,2,0,0,0,0,0,0,0,0,0,0,0,0,0,0,0,0,0,0,0,0,0,0,0,0,0,0,0,0,2,0,0,0,0,0,0,0,0,0,4,0,0,0,0,0,0,0,0,1,1,0,0,1,0,0,0,1,0,0,0,0,0,0,0,0,0,0,0,0,0,0,0,0,0,0,0,0,0,0,0,0,0,0,0,0,0,0,0,0,1,0,0,0,0,0,0,0,0,1,0,0,0,0,0,0,0,0,0,0,0,0,0,0,0,0,0,0,0,0,0,0,0,0,0,0,0,0,0,0,0,0,0,0,0,0,0,0,0,0,0,0,0,0,0,0,0,0,0,0,0,0,0,0,0,0,0,0,0,0,0,0,0,0,0,0,0,0,0,0,0,0,0,0,0,0,0,0,0,0,0,0,0,0,0,0,0,0,0,0,0,0,0,0,0,0,0,0,0,0,0,0,0,0,0,0,0,0,0,0,0,0,0,0,0,0,0,0,0,0,0,0,0,0,0,0,0,0,0,0,0,0,0,0,0
0a6526c166f23456f2f4305f5d7bbfc9,2.2,2,19,73,68,7,19,96,491,2239,366,0,0,2,2,257,13,64,0,1,38,14,1,5,0,0,0,4,1,14,15,9,67,9,135,2,0,0,8,0,1,20,2,3,25,9,0,0,0,0,0,1,0,0,0,3,4,0,0,0,0,0,0,0,0,16,17,4,0,0,0,0,0,0,2,0,0,0,0,0,0,0,0,0,0,1,0,0,0,0,17,0,0,2,0,2,0,111,0,0,21,112,0,2,9,11,0,0,0,0,4,0,7,8,0,1,1,5,0,0,0,0,0,0,0,0,0,0,0,1,5,3,1,0,0,0,0,0,0,0,0,0,0,0,0,0,1,1,2,1,0,0,0,0,0,0,0,0,0,0,0,0,0,0,0,0,0,0,0,0,0,0,0,0,0,0,0,0,0,0,0,0,0,0,0,0,0,0,0,0,0,0,0,0,0,0,0,0,0,0,0,0,0,0,0,0,0,0,0,0,0,0,0,0,0,0,0,0,0,0,0,0,0,0,0,0,0,0,0,0,0,0,0,0,0,0,0,0,0,0,0,0,0,0,0,0,0,0,0,0,0,0,0,0,0,0,0,0,0,0,0,0,0,0,0,0,0,0,0,0,0,0,0,0,0,0,0,0,0,0,0,0,0,0,0,0,0,0,0,0
0a6721cf98bb437b1ed8f4b67c517aeb,2.2,2,19,73,60,7,19,98,491,2239,366,0,0,2,2,254,13,60,0,1,38,14,1,5,0,0,0,4,1,14,15,9,69,11,133,2,0,0,8,0,1,16,2,3,25,11,0,0,0,0,0,1,0,0,0,3,4,0,0,0,0,0,0,0,0,16,17,4,0,0,0,0,0,0,2,0,0,0,0,0,0,0,0,0,0,1,0,0,0,0,17,0,0,2,0,2,0,111,0,0,17,112,0,2,9,11,0,0,0,0,4,0,7,8,0,1,1,5,0,0,0,0,0,0,0,0,0,0,0,1,5,3,1,0,0,0,0,0,0,0,0,0,0,0,0,0,1,1,2,1,0,0,0,0,0,0,0,0,0,0,0,0,0,0,0,0,0,0,0,0,0,0,0,0,0,0,0,0,0,0,0,0,0,0,0,0,0,0,0,0,0,0,0,0,0,0,0,0,0,0,0,0,0,0,0,0,0,0,0,0,0,0,0,0,0,0,0,0,0,0,0,0,0,0,0,0,0,0,0,0,0,0,0,0,0,0,0,0,0,0,0,0,0,0,0,0,0,0,0,0,0,0,0,0,0,0,0,0,0,0,0,0,0,0,0,0,0,0,0,0,0,0,0,0,0,0,0,0,0,0,0,0,0,0,0,0,0,0,0,0
0a7095cef79e776f7ed9dc1abc155a7e,5.0,0,9,36,28,9,23,9,6,28,13,1,0,12,2,197,0,11,1,0,152,69,0,2,1,1,0,0,0,1,6,7,20,0,2,0,0,12,0,0,0,3,4,2,19,0,0,6,0,0,0,4,0,0,0,23,8,0,0,0,0,0,0,0,7,0,20,0,0,0,0,0,0,0,0,0,0,0,0,0,0,0,0,0,0,2,0,8,6,0,0,0,0,0,0,4,0,0,0,0,1,0,2,4,6,6,0,0,7,12,0,8,2,0,0,15,3,10,0,0,0,0,0,0,0,0,0,0,0,0,0,0,0,2,0,0,0,0,0,0,0,0,0,0,1,1,0,0,0,0,0,0,31,10,1,0,0,0,3,3,0,0,0,0,1,1,0,0,0,0,0,0,0,2,0,0,0,0,0,0,0,0,0,0,0,0,0,0,0,0,0,0,0,0,0,0,0,0,0,4,0,0,0,0,0,0,0,0,0,0,0,0,0,0,0,0,0,0,0,0,0,0,0,0,0,0,0,0,0,0,0,0,0,0,0,0,0,0,0,0,0,0,0,0,0,0,0,0,0,0,0,0,0,0,0,0,0,0,0,0,0,0,0,0,0,0,0,0,0,0,0,0,0,0,0,0,0,0,0,0,0,0,0,0,0,0,0,0,0,0
0a8487a0c265928e3c64ea336e34b6da,1.2,0,0,4,0,0,0,0,0,0,0,0,0,0,0,1,0,0,0,0,0,0,0,0,0,0,0,0,0,0,0,0,1,0,0,0,0,0,0,0,0,0,0,0,1,0,0,0,0,0,0,0,0,0,0,1,0,0,0,0,0,0,0,0,0,0,0,0,0,0,0,0,0,0,0,0,0,0,0,0,0,0,0,0,0,0,0,0,0,0,0,0,0,0,0,0,0,0,0,0,0,0,0,0,0,0,0,0,0,0,0,0,0,0,0,0,0,0,0,0,0,1,0,0,0,0,0,0,0,0,0,0,0,0,0,0,0,0,0,0,0,0,0,0,0,0,0,0,0,0,0,0,0,0,0,0,0,0,0,0,0,0,0,0,0,0,0,0,0,0,0,0,0,0,0,0,0,0,0,0,0,0,0,0,0,0,0,0,0,0,0,0,0,0,0,0,0,0,0,0,0,0,0,0,0,0,0,0,0,0,0,0,0,0,0,0,0,0,0,0,0,0,0,0,0,0,0,0,0,0,0,0,0,0,0,0,0,0,0,0,0,0,0,0,0,0,0,0,0,0,0,0,0,0,0,0,0,0,0,0,0,0,0,0,0,0,0,0,0,0,0,0,0,0,0,0,0,0,0,0,0,0,0,0,0,0,0,0,0,0
0a10970e90eb152554c539a988b409f0,2.6,14,84,437,322,30,109,332,1835,5506,1299,52,0,7,8,1151,83,200,0,2,267,174,2,14,1,5,11,18,1,43,65,146,269,25,105,12,3,61,2,3,0,74,0,0,0,21,0,2,5,5,15,0,0,0,0,6,32,0,0,0,0,0,0,0,2,114,26,18,6,0,0,0,0,0,1,0,18,15,16,0,3,1060,30,0,0,3,0,1,1,0,113,59,38,50,19,6,119,338,0,2,83,436,0,29,78,91,2,8,3,0,0,0,15,16,4,0,1,4,0,0,112,1,0,0,0,0,0,0,0,2,27,28,4,1,2,38,12,169,5,14,14,1,1,1,1,0,0,0,0,0,0,0,0,0,0,0,0,0,0,0,0,0,0,0,0,0,0,0,0,0,0,0,0,0,0,0,0,0,0,0,0,0,0,0,0,0,0,0,0,0,0,0,0,0,0,0,0,0,0,0,0,0,0,0,0,0,0,0,0,0,0,0,0,0,0,0,0,0,0,0,0,0,0,0,0,0,0,0,0,0,0,0,0,0,0,0,0,0,0,0,0,0,0,0,0,0,0,0,0,0,0,0,0,0,0,0,0,0,0,0,0,0,0,0,0,0,0,0,0,0,0,0,0,0,0,0,0,0,0,0,0,0,0,0,0,0,0,0,0,0
0a26711feada5c5b2935bd81bf82af90,6.0,12,34,84,101,2,8,25,82,75,51,0,0,1,1,10825,6,82,0,1,13,11,1,4,0,1,0,4,2,0,4,1,4039,1,641,2,0,0,0,0,0,569,0,2,572,1,0,1,0,0,0,3,5,1,1,3,17,0,0,0,0,0,0,0,0,1,9651,1,0,0,0,0,0,0,0,0,0,0,0,0,0,14,0,0,0,1,0,0,0,0,1,0,1,14,1,2,0,2,0,0,569,20248,0,0,2,5,2,0,1,0,0,0,8,8,0,6,572,1227,569,0,0,0,0,0,0,0,0,0,1,0,2,0,16,0,0,0,0,0,0,0,0,0,0,0,0,0,0,0,0,0,0,0,0,0,0,0,0,0,4,4,0,0,0,0,0,0,0,0,0,0,0,0,0,1,0,0,0,0,0,0,0,0,0,0,0,0,0,0,0,0,0,0,0,0,0,0,0,0,0,0,0,0,0,0,0,0,0,0,0,0,0,0,0,0,0,1,0,0,0,0,0,0,0,0,0,0,0,0,0,0,0,0,0,0,0,0,0,0,0,0,0,0,0,0,0,0,0,0,0,0,0,0,0,0,0,0,0,0,0,0,0,0,0,0,0,0,0,0,0,0,0,0,0,0,0,0,0,0,0,0,0,0,0,0,0,0,0,0,0,0
0a451693b2cc0ba572469bb8d4905970,6.4,50,149,1344,624,144,356,50,782,700,751,103,0,248,9,356,19,126,6,0,96,58,10,20,0,7,9,4,1,5,93,242,83,0,65,26,16,3393,4,12,20,18,3,0,10,0,14,0,2,23,6,2,0,0,0,1,23,0,0,0,0,2,4,2,4,18,27,37,0,1,16,41,1,1,25,0,2,0,8,2,0,8923,89,28,0,75,0,1,1,0,6,0,13,60,13,10,7,0,0,2,2,0,2,5,32,44,2,1,2,0,0,0,13,8,0,12,31,50,0,0,166,3,20,0,0,2,0,0,0,2,17,58,0,0,0,42,27,92,1,0,0,1,0,1,1,1,10,57,10,0,0,0,0,1,0,0,2,0,14,21,0,0,0,0,3,3,4,0,0,0,1,17,0,3,0,10,0,15,1,27,8,0,0,0,2,10,0,55,1,1,1,1,1,1,2,0,0,2,0,0,0,0,0,0,2,1,2,3,18,16,2,0,0,0,0,0,0,0,0,0,0,0,0,0,0,0,0,0,0,0,0,0,0,0,0,0,0,0,0,0,0,0,0,0,0,0,0,0,0,0,0,0,0,0,0,0,0,0,0,0,0,0,0,0,0,0,0,0,0,0,0,0,0,0,0,0,0,0,0,0,0,0,0,0,0,0,0,0,0,0
0a936600e29c2d1eddd8db5f6ea1ab58,9.2,20,31,1075,79,15,172,1,1,0,12,1,0,2,1,86,2,35,0,1,11,11,1,4,1,3,10,0,0,45,9,29,10,0,4,0,0,5,0,0,0,0,0,0,1,0,0,1,0,2,0,2,10,1,1,6,17,2,1,43,0,0,1,1,14,0,2,0,0,0,0,0,0,0,0,0,0,0,0,0,0,29,0,1,0,0,0,0,0,0,1,0,0,4,0,0,0,0,0,0,2,0,0,4,0,0,0,3,0,0,0,0,0,0,0,2,0,18,0,0,0,28,48,0,0,1,1,0,0,1,0,0,0,0,0,1,0,0,0,0,0,0,0,0,2,0,0,0,0,0,0,0,128,0,1,0,0,0,1,1,1,26,0,0,0,0,0,0,0,0,0,0,0,0,0,0,0,0,0,0,0,0,0,0,0,0,0,0,0,0,0,0,0,0,0,0,0,0,0,0,1,2,0,0,0,0,1,0,0,0,0,0,0,0,0,0,0,0,0,0,0,0,0,0,0,0,0,0,1,0,0,0,0,0,0,0,0,0,0,0,0,0,0,0,0,0,0,0,0,0,0,0,0,0,0,0,0,0,0,0,0,0,0,0,0,0,0,0,0,0,0,0,0,0,0,0,0,0,0,0,0,0,0,0,0,0,0,0,0,0
0a984388f755cedbef29773a1cf9a233,2.2,0,1,2,17,0,0,0,0,0,5,0,0,0,0,16474,0,48,0,0,2,2,0,0,0,0,0,0,0,0,30200,1,12806,0,572,0,0,0,0,0,0,1145,0,0,10836,0,0,0,0,0,0,1,0,0,0,0,0,0,0,0,0,0,0,0,0,0,5110,0,0,0,0,0,0,0,0,0,0,0,0,0,0,0,0,0,0,0,0,0,0,0,0,0,0,1,1,0,0,0,0,0,572,10781,0,0,1,1,0,0,0,0,0,0,1,0,0,0,575,1140,572,0,0,0,0,0,0,0,0,0,1,0,0,0,0,0,0,0,0,0,0,0,0,0,0,0,0,0,0,0,0,0,0,0,0,0,0,0,0,0,5,5,0,0,0,0,0,0,0,0,0,0,0,0,0,10840,0,0,0,0,0,0,0,0,0,0,0,0,0,0,0,0,0,0,0,0,0,0,0,0,0,0,0,0,0,0,0,0,0,0,0,0,0,0,0,0,0,1,0,0,0,0,0,0,0,0,0,0,0,0,0,0,0,0,0,0,0,0,0,0,0,0,0,0,0,0,0,0,0,0,0,0,0,0,0,0,0,0,0,0,0,0,0,0,0,0,0,0,0,0,0,0,0,0,0,0,0,0,0,0,0,0,0,0,0,0,0,0,0,0,0,0
1de849951a9e852e546ed456e3918157,1.4,0,18,365,13,2,4,4,4,4,8,1,0,2,0,15703,1,4,1,0,23512,4031,0,1,1,1,2,2,0,0,0,1,1,1,1,0,0,2,0,0,0,0,0,0,0,0,0,0,0,0,0,0,0,0,0,3,1,0,0,0,0,0,0,0,0,0,0,0,0,0,0,0,0,0,0,0,0,0,0,0,0,0,0,0,0,0,0,0,0,0,0,0,0,0,0,0,0,0,0,0,0,0,0,0,0,0,0,0,0,0,0,0,0,0,0,0,0,0,0,0,0,0,0,0,0,0,0,0,0,0,0,0,0,0,0,0,0,0,0,0,0,0,0,0,0,0,0,0,0,0,0,0,0,0,0,0,0,0,0,0,0,0,0,0,0,0,0,0,0,0,0,0,0,0,0,0,0,0,0,0,0,0,0,0,0,0,0,0,0,0,0,0,0,0,0,0,0,0,0,0,0,0,0,0,0,0,31971,0,0,0,0,0,0,0,0,0,0,0,0,0,67768,0,0,0,0,0,0,0,0,0,0,0,0,0,0,0,0,0,0,0,0,0,0,0,0,0,0,0,0,0,0,0,0,0,0,35976,0,0,0,0,0,0,0,0,0,0,0,0,0,0,0,0,0,0,0,0,0,0,0,0,0,0,0,0,0,0,0,0,0,0
0a988624b18bde26060b62506d3efce3,3.6,24,45,658,14,6,13,0,45,41,53,1,0,63,1,56,1,3,0,0,8,2,0,5,0,0,0,0,0,0,3,8,3,0,0,2,0,0,0,9,0,0,0,0,0,0,0,0,8,1,2,2,0,0,0,0,7,0,0,0,0,0,0,0,2,3,19,4,0,0,0,13,0,0,1,0,2,0,0,0,0,266,0,197,2,0,0,0,0,0,0,0,0,25,1,1,29,0,0,0,0,0,2,4,2,2,0,0,0,0,0,0,1,0,0,0,0,0,0,0,0,1,10,0,0,0,0,0,2,1,1,0,0,0,0,0,0,0,0,0,0,0,0,0,0,0,0,0,0,0,0,0,111,0,0,0,0,0,11,19,0,0,0,1,2,2,1,0,0,0,0,0,0,0,0,0,0,4,0,0,2,0,1,0,1,0,0,0,0,0,0,0,0,0,0,0,0,0,0,0,0,0,0,0,0,1,0,0,0,0,0,0,0,0,0,0,0,0,0,0,0,0,0,0,0,0,0,0,0,0,0,0,0,0,0,0,0,0,0,0,0,0,0,0,0,0,0,0,0,0,0,1,0,0,0,0,0,0,0,0,0,0,0,0,0,0,0,0,0,0,0,0,0,0,0,0,0,0,0,0,0,0,0,0,0,0,0,0,0,0
0a5916725f414419e336fe94ee5b1ad0,4.0,28,8,132,21,0,2,5,2,0,2,1,0,0,0,145,4,9,1,3,13,2,0,4,2,2,0,0,0,0,0,0,30,0,0,0,0,0,0,0,0,27,0,0,5,0,0,1,0,1,0,0,0,0,0,6,4,0,0,0,0,1,0,0,6,0,0,0,0,0,20,9,19,0,0,0,6,0,0,0,0,0,0,0,0,0,0,1,5,0,0,3,0,0,0,0,0,0,6,0,31,2,1,0,1,2,2,0,0,0,3,10,0,0,0,0,0,0,21,0,0,0,0,0,0,0,0,0,0,0,0,0,0,0,0,0,0,0,0,0,0,0,0,0,0,0,0,0,0,0,0,0,0,0,0,0,0,0,0,0,0,0,0,0,0,0,0,0,0,0,0,0,0,0,0,0,0,0,0,0,0,0,0,0,0,0,0,0,0,0,0,0,0,0,0,0,0,0,0,8,0,0,0,51,0,0,0,0,20,10,0,0,0,0,0,0,0,0,0,0,0,0,0,0,0,0,0,0,0,0,0,0,0,0,0,0,0,0,0,0,0,0,0,0,0,0,0,0,0,0,0,0,2,0,0,0,0,0,0,0,0,0,0,1,10,1,5,0,0,0,0,0,0,0,0,0,0,0,0,0,0,0,0,0,0,0,0,0,0,0
ca583c31e2be72c4df8a7f89e2e1b689,3.6,18,40,242,40,7,8,2,58,51,63,3,2,50,2,131,0,6,0,0,37,19,0,5,0,0,0,0,0,0,0,4,5,0,4,1,4,2,0,9,2,2,0,7,1,0,0,1,0,3,2,3,0,0,0,3,9,0,0,0,0,0,0,0,8,4,5,4,0,0,0,13,0,0,1,0,2,0,0,0,0,26,0,0,0,0,0,0,0,0,1,0,0,8,0,0,0,0,0,0,2,0,2,0,2,4,2,0,0,0,0,0,2,0,0,0,2,0,0,0,0,0,10,0,0,0,0,0,0,2,1,0,0,0,0,0,0,0,0,0,0,0,0,0,0,0,0,0,0,0,0,0,4,0,0,0,0,0,7,19,0,0,0,0,2,2,1,0,0,0,0,19,0,0,0,0,0,4,0,0,2,0,0,0,6,0,0,0,0,1,0,4,4,6,0,0,0,0,0,0,0,0,0,0,0,0,0,0,0,0,0,0,0,0,0,0,0,0,0,0,0,0,0,0,0,0,0,0,0,0,0,0,0,0,0,0,0,0,0,0,0,0,0,0,0,0,0,0,0,0,0,0,0,0,0,0,0,0,0,0,0,0,0,0,0,0,0,0,0,0,0,0,0,0,0,0,0,0,0,0,0,0,0,0,0,0,0,0,0,0
0a6541881e5898b04a5a3c3258f13590,2.8,18,40,242,41,7,8,2,58,51,63,3,2,38,2,130,0,6,0,0,37,19,0,6,0,0,0,0,0,0,0,4,5,0,4,1,4,2,0,9,2,2,0,7,1,0,0,1,0,3,2,3,0,0,0,3,9,0,0,0,0,0,0,0,8,4,5,4,0,0,0,13,0,0,1,0,2,0,0,0,0,26,0,0,0,0,0,0,0,0,1,0,0,8,0,0,0,0,0,0,2,0,2,0,2,4,2,0,0,0,0,0,2,0,0,0,2,0,0,0,0,0,10,0,0,0,0,0,0,2,1,0,0,0,0,0,0,0,0,0,0,0,0,0,0,0,0,0,0,0,0,0,4,0,0,0,0,0,7,19,0,0,0,0,2,2,1,0,0,0,0,19,0,0,0,0,0,4,0,0,2,0,0,0,6,0,0,0,0,1,0,4,4,6,0,0,0,0,0,0,0,0,0,0,0,0,0,0,0,0,0,0,0,0,0,0,0,0,0,0,0,0,0,0,0,0,0,0,0,0,0,0,0,0,0,0,0,0,0,0,0,0,0,0,0,0,0,0,0,0,0,0,0,0,0,0,0,0,0,0,0,0,0,0,0,0,0,0,0,0,0,0,0,0,0,0,0,0,0,0,0,0,0,0,0,0,0,0,0,0
0a8319008f19e2f38e44cbd7d2c84f5e,4.2,0,18,381,20,2,238,0,8,1,5,0,0,0,0,49,4,0,0,0,5,5,0,1,0,0,3,0,0,0,8,10,4,0,0,0,0,0,12,0,0,0,1,0,0,0,0,2,0,0,0,0,10,0,0,3,1,0,0,0,5,0,0,0,2,0,8,0,0,0,0,0,0,0,0,0,0,0,0,0,0,0,0,0,0,0,0,0,0,0,0,0,0,0,0,0,0,0,0,0,0,0,0,0,3,3,0,0,0,0,0,0,2,0,0,0,1,0,0,0,0,0,0,0,0,0,0,0,0,0,0,0,0,0,0,0,0,0,0,0,0,0,0,0,2,0,0,0,0,0,0,0,0,0,0,0,0,0,0,0,0,0,0,0,0,0,0,0,0,0,0,0,0,0,0,0,0,0,0,0,0,0,0,0,0,0,0,0,0,0,0,0,0,0,0,0,0,0,0,0,0,0,1,0,0,0,0,0,0,0,0,0,0,0,0,0,0,0,0,0,0,0,0,0,0,0,0,0,0,0,0,0,0,0,0,0,0,0,0,0,0,0,0,0,0,0,0,0,0,0,0,0,0,0,0,0,0,0,0,0,0,0,0,0,0,0,0,0,0,0,0,0,0,0,0,0,0,0,0,0,0,0,0,0,0,0,0,0,0,0
0a29134064c19d23dc603947eb8e44a7,2.2,2,19,73,100,7,19,96,491,2239,366,0,0,2,2,256,13,117,0,1,38,14,1,5,0,0,0,4,1,14,15,9,67,9,134,2,0,0,8,0,1,20,2,3,25,9,0,0,0,0,0,1,0,0,0,3,4,0,0,0,0,0,0,0,0,16,17,4,0,0,0,0,0,0,2,0,0,0,0,0,0,0,0,0,0,1,0,0,0,0,17,0,0,2,0,2,0,111,0,0,21,112,0,2,9,11,0,0,0,0,4,0,7,8,0,1,1,5,0,0,0,0,0,0,0,0,0,0,0,1,5,3,1,0,0,0,0,0,0,0,0,0,0,0,0,0,1,1,2,1,0,0,0,0,0,0,0,0,0,0,0,0,0,0,0,0,0,0,0,0,0,0,0,0,0,0,0,0,0,0,0,0,0,0,0,0,0,0,0,0,0,0,0,0,0,0,0,0,0,0,0,0,0,0,0,0,0,0,0,0,0,0,0,0,0,0,0,0,0,0,0,0,0,0,0,0,0,0,0,0,0,0,0,0,0,0,0,0,0,0,0,0,0,0,0,0,0,0,0,0,0,0,0,0,0,0,0,0,0,0,0,0,0,0,0,0,0,0,0,0,0,0,0,0,0,0,0,0,0,0,0,0,0,0,0,0,0,0,0,0
0a106303775d8963c5509d16eb5e1be6,7.0,0,74,311,12,3,95,0,44,41,51,1,0,46,0,45,5,2,0,0,6,0,0,4,0,1,1,2,0,0,0,4,11,1,4,1,0,0,0,11,0,0,0,0,0,0,0,1,0,1,4,0,5,1,1,1,7,0,0,0,0,0,0,0,4,2,5,4,0,0,0,13,0,0,1,0,2,0,0,0,0,10,0,2,0,0,0,0,0,0,0,0,0,0,0,2,2,0,0,0,1,0,2,0,0,0,0,0,0,0,0,0,1,0,0,0,3,0,0,0,0,1,10,0,0,0,0,0,0,0,1,0,0,0,0,0,0,0,0,0,0,0,0,0,0,0,0,0,0,0,0,0,0,0,0,0,0,0,7,19,0,0,0,7,2,2,7,0,0,0,0,28,0,0,0,1,0,4,0,0,2,0,0,0,18,0,1,0,0,0,0,0,0,0,0,0,0,0,0,0,0,0,0,1,0,0,0,0,0,0,0,0,0,0,1,0,0,0,0,0,0,0,7,0,0,0,0,0,0,0,0,7,6,0,0,0,0,0,0,0,0,0,0,0,0,0,0,0,0,0,0,0,0,0,0,0,0,0,0,0,0,0,0,0,0,0,0,0,0,0,0,0,0,0,0,0,0,0,0,0,0,0,0,0,0,0,0,0,0,0
0aa4c71bbba5725c2ed81bc37e1e8c50,2.0,8,28,260,32,3,8,5,26,28,50,1,1,1,2,193,10,7,4,1,56,20,1,6,0,0,0,3,1,0,25,26,18,0,12,2,0,4,0,3,0,7,0,6,4,0,0,2,0,1,1,12,0,0,0,9,8,0,0,0,0,0,0,0,349,0,18,0,0,3,3,1,0,0,0,0,0,0,0,0,0,0,0,0,0,5,0,0,0,0,0,0,0,8,0,0,0,0,0,0,6,2,1,0,2,2,0,1,3,0,0,0,8,8,0,33,0,23,0,0,0,0,0,0,0,0,0,0,0,0,0,0,0,0,3,0,0,0,0,0,0,0,0,0,0,0,0,0,0,0,0,0,0,0,0,0,0,0,0,0,0,0,0,0,0,0,0,0,0,1,0,0,0,0,0,0,0,0,3,0,1,0,0,0,0,0,0,0,0,0,0,0,0,0,0,0,0,0,0,0,0,0,0,0,0,0,0,0,0,0,0,0,0,0,0,0,0,0,0,0,0,0,0,3,0,0,19,0,0,0,0,0,0,0,0,0,0,0,0,0,0,0,0,0,0,0,0,0,0,0,0,0,0,0,0,0,0,0,0,0,0,0,1,0,0,0,0,0,0,0,0,0,0,0,0,0,0,0,0,0,0,0,0,0,0,0,0,0,0,0
0aa34c3277c4325ed6adeb5412abf891,4.2,0,18,409,20,2,264,0,8,1,5,0,0,0,0,49,4,0,0,0,5,5,0,1,0,0,3,0,0,0,8,10,4,0,0,0,0,0,12,0,0,0,1,0,0,0,0,2,0,0,0,0,10,0,0,3,1,0,0,0,5,0,0,0,2,0,8,0,0,0,0,0,0,0,0,0,0,0,0,0,0,0,0,0,0,0,0,0,0,0,0,0,0,0,0,0,0,0,0,0,0,0,0,0,3,3,0,0,0,0,0,0,2,0,0,0,1,0,0,0,0,0,0,0,0,0,0,0,0,0,0,0,0,0,0,0,0,0,0,0,0,0,0,0,2,0,0,0,0,0,0,0,0,0,0,0,0,0,0,0,0,0,0,0,0,0,0,0,0,0,0,0,0,0,0,0,0,0,0,0,0,0,0,0,0,0,0,0,0,0,0,0,0,0,0,0,0,0,0,0,0,0,1,0,0,0,0,0,0,0,0,0,0,0,0,0,0,0,0,0,0,0,0,0,0,0,0,0,0,0,0,0,0,0,0,0,0,0,0,0,0,0,0,0,0,0,0,0,0,0,0,0,0,0,0,0,0,0,0,0,0,0,0,0,0,0,0,0,0,0,0,0,0,0,0,0,0,0,0,0,0,0,0,0,0,0,0,0,0,0
1e0a067f507ea274b50645e3b2643850,2.4,25,41,769,12,3,13,0,6,2,4,0,0,0,1,20,0,3,0,1,2,2,0,0,0,0,0,0,0,0,0,0,2,0,0,0,2,8,0,0,0,0,0,0,0,0,0,0,1,0,0,1,0,0,0,0,0,0,0,0,0,0,0,0,0,2,0,0,0,0,0,0,0,0,0,0,0,0,0,0,0,68,595,11966,0,0,0,0,0,0,0,0,0,24,1,0,9,0,0,0,0,0,0,4,1,1,0,0,0,0,0,0,1,0,0,0,0,0,0,0,0,0,0,0,0,0,0,0,2,0,0,0,0,0,0,0,0,0,1,0,0,0,0,0,0,0,0,0,0,0,33904,0,111,0,0,0,0,0,1,1,0,0,0,0,0,0,0,0,0,0,0,0,0,0,0,0,0,0,0,0,0,0,0,0,0,0,2,0,0,0,0,0,0,0,0,0,0,0,0,0,1,0,0,0,0,0,0,0,0,0,0,0,0,0,0,0,16,0,0,0,0,0,0,0,0,0,0,0,0,0,0,0,0,0,0,0,0,0,0,0,0,0,0,0,0,0,0,0,0,0,0,0,0,0,0,0,0,0,0,0,0,0,0,0,0,0,0,0,0,0,0,0,0,0,0,0,0,0,0,0,0,0,0,0,0,0,0,0,0,0
0aab9316f970f19c9aa26bb025c2f8d0,1.6,0,0,4,0,0,0,0,0,0,0,0,0,0,0,1,0,0,0,0,0,0,0,0,0,0,0,0,0,0,0,0,1,0,0,0,0,0,0,0,0,0,0,0,1,0,0,0,0,0,0,0,0,0,0,1,0,0,0,0,0,0,0,0,0,0,0,0,0,0,0,0,0,0,0,0,0,0,0,0,0,0,0,0,0,0,0,0,0,0,0,0,0,0,0,0,0,0,0,0,0,0,0,0,0,0,0,0,0,0,0,0,0,0,0,0,0,0,0,0,0,1,0,0,0,0,0,0,0,0,0,0,0,0,0,0,0,0,0,0,0,0,0,0,0,0,0,0,0,0,0,0,0,0,0,0,0,0,0,0,0,0,0,0,0,0,0,0,0,0,0,0,0,0,0,0,0,0,0,0,0,0,0,0,0,0,0,0,0,0,0,0,0,0,0,0,0,0,0,0,0,0,0,0,0,0,0,0,0,0,0,0,0,0,0,0,0,0,0,0,0,0,0,0,0,0,0,0,0,0,0,0,0,0,0,0,0,0,0,0,0,0,0,0,0,0,0,0,0,0,0,0,0,0,0,0,0,0,0,0,0,0,0,0,0,0,0,0,0,0,0,0,0,0,0,0,0,0,0,0,0,0,0,0,0,0,0,0,0,0
0aab3095414c4c0d83a4e3d8f9986cd3,6.6,13,36,174,7182,23,43,47,82,46,111,4,0,37,5,7707,9,7081,0,3,35,178,0,12,1,1,11,3,2,1843,10,34,28,0,4,22,6,1,4,34,0,5,0,0,7,0,0,1,0,4,28,1,3557,0,0,3,18,91,62,2047,31,0,0,0,1587,22,19,23,0,0,0,3,0,0,4,0,322,227,0,9,1514,15774,14973,2829,8,57,1,4,4,9,20,13,114,128,108,2,95,0,3,0,18,2,1,37,6,10,1,3,3,1,7,5,6,8,2,12,4,2,5,2,1,0,7056,0,0,0,0,0,3,0,3,0,0,0,0,0,0,0,0,0,0,0,0,0,30,0,0,0,0,0,1,0,0,0,0,0,0,0,7,7,29,29,0,0,2,2,0,0,0,0,0,0,0,3,0,0,0,0,0,0,0,0,0,0,0,5,4,0,0,0,0,0,0,0,0,0,0,0,0,0,0,0,0,0,2,0,1,0,0,0,0,2,0,0,0,0,0,0,0,0,15907,0,0,0,0,0,0,0,0,0,1,0,0,0,0,0,0,0,0,0,0,0,0,0,0,0,0,0,0,0,0,0,0,0,0,0,0,0,0,0,0,0,0,0,0,0,0,2,0,0,0,0,0,0,15,0,0,0,0,0,0,0,0,0,0,0,0,0,0,0
0aac3f99ed488b5da3e4231b329292f0,1.4,0,1,0,2,1,2,3,0,0,1,1,0,0,0,16,0,1,0,0,2,2,0,0,0,0,0,0,0,0,5,0,6,0,1,1,0,0,1,0,0,1,0,0,305,0,0,0,0,0,0,0,0,0,0,3,0,0,0,0,0,0,0,0,0,0,0,0,0,0,0,0,0,0,0,0,0,1,0,0,0,0,0,0,0,0,0,0,0,0,0,0,0,0,0,0,0,0,0,0,2,0,0,0,0,0,0,0,0,0,2,0,0,0,0,1,0,3,0,0,0,0,0,0,0,0,0,0,0,0,0,0,0,0,0,0,0,0,0,0,0,0,0,0,1,0,0,0,0,0,0,0,0,0,0,0,0,0,0,0,0,0,0,0,0,0,0,0,0,0,0,0,0,0,0,0,0,0,0,0,0,0,0,0,0,0,0,0,0,0,0,0,0,0,0,0,0,0,0,0,0,0,0,0,0,0,0,0,0,0,0,0,0,0,0,0,0,0,0,0,0,0,0,0,0,0,0,0,0,0,0,0,0,0,0,0,0,0,0,0,0,0,0,0,0,0,0,0,0,0,0,0,0,0,0,0,0,0,0,0,0,0,0,0,0,0,0,0,0,0,0,0,0,0,0,0,0,0,0,0,0,0,0,0,0,0,0,0,0,0
0aae65ff2c76b3c93eeea986e2ad8237,3.2,103,79,602,206,52,158,144,483,204,434,2,0,101,7,3900,101,85,1,3,85,1518,1,6,1,1,14,3,2,0,243,55,498,0,1386,29,14,5,8,0,0,2,21,19,1175,0,4,1,2,2,4,0,0,0,0,5,22,0,0,0,0,0,0,20,2,17,1049,2,0,0,0,4,0,0,0,0,1564,1171,10,4,125,684,186,32,0,185,0,0,0,0,17,13,18,103,9,11,92,0,0,2,310,125,0,11,90,96,1,1,2,150,131,153,13,8,6,0,90,480,1,0,0,0,0,0,0,15,15,0,0,0,5,9,0,0,0,0,5,3,2,0,0,0,0,0,0,2,0,13,0,4,0,0,738,0,0,0,4,0,1,0,0,0,0,0,0,0,2,0,0,0,22,2,0,117,0,0,0,0,0,0,0,0,0,0,0,5,0,13,0,0,0,0,0,0,0,0,0,0,0,0,0,0,0,5,0,0,1,0,0,0,0,0,0,0,0,0,0,0,0,0,0,0,0,0,0,0,0,0,0,0,1,0,0,0,0,0,0,0,0,0,0,0,0,0,0,0,0,0,0,0,0,0,0,0,0,0,0,1588,12,36,0,0,0,0,0,0,0,0,0,0,0,0,0,0,0,0,0,0,0,0,0,0,0,0,0,0,0,0,0,0
0ab09d5967a485818d5cc9a83c76b478,4.2,0,16,361,16,2,230,0,8,1,5,0,0,0,0,47,4,0,0,0,5,5,0,1,0,0,3,0,0,0,8,10,4,0,0,0,0,0,12,0,0,0,1,0,0,0,0,2,0,0,0,0,6,0,0,3,1,0,0,0,3,0,0,0,1,0,8,0,0,0,0,0,0,0,0,0,0,0,0,0,0,0,0,0,0,0,0,0,0,0,0,0,0,0,0,0,0,0,0,0,0,0,0,0,3,3,0,0,0,0,0,0,2,0,0,0,1,0,0,0,0,0,0,0,0,0,0,0,0,0,0,0,0,0,0,0,0,0,0,0,0,0,0,0,2,0,0,0,0,0,0,0,0,0,0,0,0,0,0,0,0,0,0,0,0,0,0,0,0,0,0,0,0,0,0,0,0,0,0,0,0,0,0,0,0,0,0,0,0,0,0,0,0,0,0,0,0,0,0,0,0,0,1,0,0,0,0,0,0,0,0,0,0,0,0,0,0,0,0,0,0,0,0,0,0,0,0,0,0,0,0,0,0,0,0,0,0,0,0,0,0,0,0,0,0,0,0,0,0,0,0,0,0,0,0,0,0,0,0,0,0,0,0,0,0,0,0,0,0,0,0,0,0,0,0,0,0,0,0,0,0,0,0,0,0,0,0,0,0,0
0ab20e599b5d000134e809e1aeb44149,7.4,24,128,5372,110,31,4488,305,703,1171,634,5,0,15,3,1041,20,3,0,1,76,681,0,21,3,1,15,6,1,47,20,30,140,25,72,20,0,30,5,34,1,8,0,0,1,28,0,4,0,2,12,0,2,0,0,4,12,247,245,11336,0,0,0,1,886,147,4,32,2,0,0,3,0,0,7,0,565,397,0,15,165,347,33,8,8,246,1,4,4,7,144,15,114,137,105,13,110,24,2,0,19,97,1,15,18,32,2,2,5,1,7,5,13,8,2,1,3,50,1,0,0,2,0,0,0,0,0,0,0,1,8,7,0,0,1,0,0,0,0,0,0,0,0,0,0,0,0,2,0,0,0,0,93,10,0,1,1,0,34,34,2,24,6,0,0,0,0,0,0,0,0,0,0,0,0,0,0,0,0,0,0,0,0,0,0,0,0,0,0,0,0,0,0,0,0,0,0,0,0,0,0,0,0,0,0,0,0,0,0,0,0,0,0,0,0,0,0,0,0,0,0,0,0,0,0,0,0,0,0,0,0,0,0,0,0,0,0,0,0,0,0,0,0,0,0,0,0,0,0,0,0,0,0,0,0,0,0,0,0,0,0,0,0,0,0,0,0,0,0,0,0,0,0,0,0,0,0,0,0,0,0,0,0,0,0,0,0,0,0,0
0ab041d8df166e3c8780a2a93de51d4e,7.6,14,36,385,143,7,167,5,87,134,56,71,1,1,6,111,10,17,0,2,15,19,0,3,0,3,3,0,0,2,24,59,21,0,71,2,3,15,1,1,0,0,1,3,0,0,0,1,0,4,1,0,5,1,1,6,6,0,0,0,0,4,0,0,2,3,17,0,0,0,0,0,0,0,1,0,6,9,0,0,3,82,0,1,1,7,0,0,0,0,2,0,0,4,0,3,15,0,0,0,2,0,0,5,13,13,1,0,2,0,0,0,2,0,0,2,6,0,0,0,17,0,1,0,0,0,1,0,0,1,2,10,0,0,0,2,6,4,0,0,0,1,0,1,1,0,0,2,0,0,0,0,5,1,0,0,0,0,0,0,0,0,0,0,0,0,0,0,0,0,0,0,0,0,0,0,0,0,0,0,0,0,0,0,0,0,0,0,0,0,0,0,0,0,0,0,0,0,0,0,1,0,0,0,0,0,0,0,0,0,0,0,0,0,0,0,0,0,0,0,0,0,0,0,0,0,0,0,2,2,0,0,0,0,0,2,0,0,0,0,0,0,0,0,0,0,0,0,0,0,0,0,0,0,0,0,0,0,0,0,0,0,0,0,0,0,0,0,0,0,0,0,0,0,0,0,0,0,0,0,0,0,0,0,0,0,0,0,0,0
0ab68c6dc53f968b6d8d2327542ff85a,6.4,50,149,1340,631,144,357,50,770,670,743,103,0,250,9,355,19,124,6,0,96,58,10,20,0,7,9,4,1,5,93,242,83,0,65,26,16,3393,4,12,20,18,3,0,10,0,14,0,2,23,6,2,0,0,0,1,23,0,0,0,0,2,4,2,3,18,27,37,0,1,16,41,1,1,25,0,2,0,8,2,0,8905,84,28,0,75,0,1,1,0,6,0,13,60,13,10,7,0,0,2,2,0,2,5,32,44,2,1,2,0,0,0,13,8,0,12,31,50,0,0,163,3,15,0,0,2,0,0,0,2,17,58,0,0,0,42,25,92,1,0,0,1,0,1,1,1,10,57,10,0,0,0,0,1,0,0,2,0,15,21,0,0,0,0,3,3,4,0,0,0,1,17,0,3,0,10,0,15,1,28,8,0,0,0,2,10,0,55,1,1,1,1,1,1,2,0,0,2,0,0,0,0,0,0,2,1,2,3,18,16,2,0,0,0,0,0,0,0,0,0,0,0,0,0,0,0,0,0,0,0,0,0,0,0,0,0,0,0,0,0,0,0,0,0,0,0,0,0,0,0,0,0,0,0,0,0,0,0,0,0,0,0,0,0,0,0,0,0,0,0,0,0,0,0,0,0,0,0,0,0,0,0,0,0,0,0,0,0,0,0
1e3ded6da0a1c60ad05b896321dd4d4d,1.6,0,9,179,11,1,12,0,1,0,1,2,0,1,1,38,1,11,0,1,6,5,1,2,1,1,0,0,2,0,0,0,2,0,0,0,0,9,0,0,0,0,0,0,1,0,0,0,0,0,0,0,0,0,0,3,1,0,0,0,0,0,0,0,0,0,0,0,0,0,0,0,0,0,0,0,0,0,0,0,0,0,0,0,0,0,0,0,0,0,0,0,0,0,0,0,0,0,0,0,0,0,0,0,1,1,0,0,0,0,0,0,0,0,0,0,1,1,0,0,0,0,0,0,0,0,0,0,0,0,0,0,0,0,0,0,0,0,0,0,0,0,0,0,0,0,0,0,0,0,0,0,0,0,0,0,0,0,0,0,0,0,0,0,1,1,0,0,0,0,0,0,0,1,0,0,0,0,0,0,0,0,0,0,0,0,0,0,0,0,0,0,0,0,0,0,0,0,0,0,0,0,0,0,0,0,0,0,0,0,0,1,0,0,0,0,0,0,0,0,0,0,0,0,0,0,0,0,0,0,0,0,0,0,0,0,0,0,0,0,0,0,0,0,0,0,0,0,0,0,0,0,0,0,0,0,0,0,0,0,0,0,0,0,0,0,0,0,0,0,0,0,0,0,0,0,0,0,0,0,0,0,0,0,0,0,0,0,0,0
54b1541096563b135ce7d49c68758b67,10.4,17,226,943,474,13,193,293,154,171,159,31,1,15,27,1405,30,105,0,9,202,515,0,59,7,9,6,21,8,18,57,128,49,0,38,150,0,27,5,42,0,25,5,4,6,0,0,13,0,14,71,1,18,2,2,21,58,0,0,0,4,0,0,0,849,61,0,126,0,0,0,21,0,0,21,0,944,693,0,100,1402,1004,831,147,12,70,7,18,18,7,47,79,168,196,127,8,115,1,19,2,90,5,1,9,39,39,4,7,8,7,47,40,50,56,14,7,9,18,9,6,3,12,2,0,0,0,0,0,39,0,0,0,0,0,0,0,0,0,0,0,0,0,0,0,0,0,0,0,0,2,2,0,0,0,2,0,0,0,5,4,0,0,0,0,0,0,0,0,0,0,0,0,0,1,0,0,0,0,0,0,0,0,0,0,0,0,7,0,0,0,0,0,0,0,0,0,0,0,0,0,0,0,0,0,0,0,2,1,0,0,0,0,0,0,4,2,0,0,0,0,0,0,0,0,0,0,0,0,0,0,0,0,0,0,0,0,0,0,0,0,0,0,0,0,0,0,0,0,0,0,0,0,0,0,0,0,0,0,0,0,0,0,0,0,0,0,0,0,0,0,0,0,0,0,0,0,0,0,0,0,0,0,0,0,0,0,0,0,0,0
58d2d80edd037c580eb295071bef7f64,4.2,0,21,135,8,3,7,8,1,1,5,1,1,3,2,56,4,5,0,0,4,8,0,0,0,0,0,0,1,0,7,0,5,0,0,5,0,2,1,0,0,3,4,2,10,0,0,2,0,0,0,1,0,0,0,6,8,1,0,12,0,0,0,0,1,0,0,0,0,0,0,0,0,0,0,0,7,7,0,0,0,0,0,0,0,1,0,0,0,0,0,0,0,14,17,0,0,0,0,0,11,3,0,0,2,2,0,0,1,0,0,0,6,0,0,0,0,0,1,0,0,2,0,0,0,0,0,0,33,0,0,0,0,0,0,0,0,0,0,0,0,0,0,0,0,0,0,0,0,2,0,0,1,0,0,0,0,0,1,1,0,0,0,0,0,0,0,0,0,0,0,0,0,2,0,0,0,0,0,0,0,0,0,0,0,0,3,0,0,0,0,0,0,0,0,0,0,0,0,0,0,0,0,0,0,0,0,1,0,0,0,0,0,0,0,0,0,0,0,0,0,0,0,0,0,0,0,0,0,0,0,0,0,0,0,0,0,0,0,0,0,0,0,0,0,0,0,0,0,0,0,1,0,0,0,0,0,0,0,0,0,0,0,0,0,0,0,0,0,0,0,0,0,0,0,0,0,0,0,0,0,0,0,0,0,0,0,0,0,0
59e796eb656a8eeaef04ffc056d50343,4.0,0,9,75,16,35,11,8,18,46,76,1,2,8,3,157,13,3,1,1,14,17,1,7,0,0,5,3,2,0,10,4,12,0,283,5,0,0,3,0,0,4,5,2,53,0,0,3,0,1,0,2,0,0,0,9,8,0,0,0,0,0,0,0,19,1,14,0,0,8,7,0,0,0,0,0,7,7,0,0,0,2,0,0,0,2,0,0,0,0,0,0,0,16,20,0,0,0,0,0,11,3,0,8,1,1,0,0,2,0,0,0,12,8,0,0,0,9,2,0,0,0,0,0,0,0,0,0,37,0,0,0,0,0,1,0,0,41,0,0,0,0,0,0,1,0,0,0,0,2,0,0,62,0,0,0,0,0,1,14,0,0,0,0,0,0,0,0,0,0,0,0,0,2,0,0,0,0,7,0,0,0,0,0,0,0,3,0,0,0,0,0,0,0,0,0,0,0,0,0,0,0,0,0,0,0,0,1,0,0,0,0,0,0,0,1,0,7,0,0,0,0,0,7,0,0,0,0,0,0,0,0,0,0,0,0,0,0,0,0,0,0,0,0,0,0,0,0,0,0,0,1,0,0,0,0,0,0,0,0,0,0,0,0,0,0,0,0,0,0,0,0,0,0,0,0,0,0,0,0,0,0,0,0,0,0,0,0,0,0
1e7b3035288347f3990a9d41c3bd4140,10.6,2,143,6598,3235,62,4326,77,172,237,398,14,4,46,10,12494,3,4571,6,7,251,373,4,70,7,13,32,6,5,235,5368,5365,5389,9,10759,278,10,341,5,219,1,1790,5,3573,3436,4,3,5,0,33,196,1,401,0,0,2,14,7,7,290,12,2,2,3,499,20,3589,65,68,8,6,4,2,2,10,0,674,529,1,6,1233,795,359,67,1,47,3,7,7,5,14,24,60,60,60,4,87,0,4,0,1790,1793,1,2,6,6,22,157,4,3,14,10,0,0,0,19630,1784,39263,0,0,0,0,3545,1,0,0,0,0,0,0,0,0,3,0,0,0,0,0,0,0,0,0,0,0,0,0,0,0,0,0,0,0,0,0,0,0,0,0,0,0,0,0,0,0,0,0,0,0,0,1,0,0,0,0,0,0,0,0,0,0,0,0,0,0,0,0,0,0,0,0,0,0,0,0,0,0,0,0,0,0,0,0,0,0,1,0,0,0,0,0,0,0,0,0,0,0,0,0,0,0,0,0,0,0,1,1,3568,0,0,0,0,0,0,0,0,0,0,0,0,0,0,0,0,0,0,0,0,0,0,0,0,0,0,0,0,0,0,0,0,0,0,0,0,0,0,0,0,0,0,0,0,0,0,0,0,0,0,0,0,0,0,0,0,0,0,0,0,0,0,0
60a9cdb30d576658bff5bcc22d423ebf,2.8,4,92,652,356,5,149,50,213,382,140,173,3,2,13,219,32,46,0,3,25,40,3,10,0,4,11,3,2,4,21,115,78,0,28,9,2,128,1,2,1,38,2,0,32,0,0,2,0,6,1,1,0,0,0,0,3,0,0,0,0,9,16,8,0,4,0,0,0,0,0,2,0,0,0,0,41,37,0,0,0,159,0,0,0,2,0,0,0,0,0,0,0,13,14,8,18,0,0,0,53,38,0,0,42,43,2,0,3,148,2,0,18,8,0,4,49,1,0,0,42,0,0,0,0,0,0,0,28,0,3,11,0,0,1,62,12,11,0,0,0,0,2,2,0,0,0,0,0,1,0,0,0,2,0,0,0,0,1,1,0,0,0,0,0,0,0,0,0,0,1,0,0,1,0,0,0,0,0,0,0,0,0,0,0,0,3,0,0,0,0,0,0,0,0,0,0,0,0,0,0,0,0,0,0,0,0,0,0,0,0,0,0,0,0,0,0,0,0,0,0,0,0,0,0,0,0,0,7,7,0,0,0,0,0,1,0,0,0,0,0,0,0,0,0,0,0,0,0,0,0,0,0,0,0,0,0,0,0,0,0,0,0,0,0,0,0,0,0,0,0,0,0,0,0,0,0,0,0,0,0,0,0,0,0,0,0,0,0,0
20d47409829148715bcce170357810cf,7.0,0,6,1,5,0,0,2,0,0,0,2,0,0,0,27,0,2,0,3,1,1,0,5,0,1,0,0,0,2,0,0,7,0,0,0,0,1,0,0,0,1,0,0,2,0,0,0,0,1,0,0,0,1,1,3,0,0,0,0,0,0,0,0,1,0,0,0,0,0,0,0,0,0,0,0,0,0,0,0,0,0,0,0,0,0,0,1,1,0,0,1,0,0,0,0,0,0,0,0,6,1,6,0,1,2,0,0,0,0,0,0,0,0,0,0,0,0,1,0,0,0,0,0,0,0,0,0,0,0,0,0,0,0,0,0,0,0,0,0,0,0,0,0,0,0,0,0,0,0,0,0,0,0,0,0,0,0,0,0,0,0,0,0,0,0,0,0,0,0,0,0,0,0,0,0,0,0,0,0,0,0,0,0,0,0,0,0,0,0,0,0,0,0,0,0,0,0,0,1,0,0,0,0,0,0,0,0,0,0,0,0,0,0,0,0,0,0,0,2,0,0,0,0,0,0,0,0,0,0,0,0,0,0,0,0,0,0,0,0,0,0,0,1,0,0,0,0,0,0,0,0,1,1,1,0,0,0,0,0,0,0,0,0,0,0,0,0,0,0,0,0,0,0,0,0,0,0,0,0,0,0,0,0,0,0,0,0,0,0
28e8434b81565a4aea9438caf465553a,2.6,6,23,322,35,2,9,10,1,1,4,3,2,3,6,64,0,9,0,2,10,18,0,1,1,1,6,0,2,0,7,0,9,0,2,5,2,14,1,0,0,7,2,0,7,0,0,2,0,0,0,1,0,0,0,1,2,0,0,0,0,0,0,0,0,1,0,0,0,0,0,0,0,0,0,0,7,16,0,0,1,34,0,0,0,1,0,0,0,0,0,0,0,18,16,0,3,0,0,0,13,0,0,0,2,3,1,0,1,0,0,0,7,0,0,3,2,0,4,0,0,1,0,0,0,0,0,0,32,0,0,0,0,0,0,0,0,0,0,0,0,0,0,0,0,0,0,0,0,1,0,0,0,0,0,0,0,0,1,1,0,0,0,0,1,1,0,0,0,0,0,0,0,2,0,0,0,0,0,0,0,0,0,0,0,0,3,0,0,0,0,0,0,0,0,0,0,0,0,0,0,0,0,0,0,0,0,0,0,0,0,1,0,0,0,0,0,0,0,0,0,0,0,0,0,0,0,0,0,0,1,0,0,0,0,0,0,0,0,0,0,0,0,0,0,0,0,0,0,0,0,0,0,0,0,0,0,0,0,0,0,0,0,0,0,0,0,0,0,0,0,0,0,0,0,0,0,0,0,0,0,0,0,0,0,0,0,0,0,0
1e93c9717ca2ec351edd3901b549f5ff,8.4,8,542,606,94,5,40,13,115,155,270,3,0,3,0,233,6,8,2,1,59,46,1,5,1,2,1,0,0,1,33,105,28,0,64367,1,0,13,0,6,0,1,0,0,7,0,0,9,0,2,6,0,4,1,1,27,451,0,0,0,0,0,0,0,1,0,66,1,0,5,4,10,5,5,0,0,2,0,0,0,0,11,0,0,0,2,0,0,0,0,0,0,0,5,1,0,0,0,0,0,0,0,4,0,18,20,0,0,8,0,0,0,8,0,0,13,3,39,1,0,0,2,35,0,0,0,0,0,1,1,6,0,0,0,0,1,0,0,0,0,0,0,0,0,0,0,0,3,0,0,0,0,1,0,0,0,0,0,168,105,0,0,0,0,0,0,0,0,0,0,0,0,0,1,0,0,0,0,0,0,0,0,0,0,0,0,0,0,0,0,0,0,0,0,0,0,0,0,0,0,3,0,0,0,0,0,0,0,0,0,0,0,0,0,0,0,0,0,0,0,0,0,0,9,0,0,4,0,0,0,1,0,0,0,0,0,0,0,0,0,0,0,0,0,0,0,0,0,0,0,0,1,0,0,0,0,0,0,0,0,0,0,0,0,0,0,0,0,0,0,0,0,0,0,0,0,0,0,0,0,0,0,0,0,0,0,0,0,0,0
35f4a67d05b74a73d915a89d6a278514,6.4,24,94,369,106,10,61,9,90,142,68,19,1,5,3,191,9,19,1,0,19,20,0,13,1,2,0,0,1,5,19,122,18,0,16,14,2,6,1,0,0,4,2,0,19,0,0,3,0,9,0,1,0,1,1,3,32,0,0,0,0,0,0,0,411,6,0,4,0,0,1,0,0,0,1,0,7,7,0,0,0,106,0,1,0,38,0,5,5,0,5,0,8,56,36,0,14,0,0,0,11,0,8,0,3,14,1,0,2,0,0,0,7,0,0,3,1,18,2,4,0,9,0,0,0,0,1,0,48,2,2,0,0,0,0,8,0,0,0,0,0,0,0,0,0,0,0,0,0,1,0,0,33,0,0,0,0,0,2,1,0,0,0,0,0,0,0,0,0,0,0,0,0,2,0,0,0,0,0,0,0,0,0,0,0,0,3,0,0,0,0,0,0,0,0,0,197,0,0,0,2,0,0,0,0,0,0,0,0,0,0,0,0,0,0,0,21,0,0,20,0,0,0,1,0,0,0,0,0,0,4,0,0,0,0,0,0,0,0,0,0,0,0,0,0,0,0,0,0,0,0,0,0,0,0,0,0,0,0,0,0,0,0,0,0,0,0,0,0,0,0,0,0,0,0,0,0,0,0,0,0,0,0,0,0,0,0,0,0,0
38eab493be24864abd4f65d93cb47d50,2.8,0,39,146,37,0,10,23,74,73,43,4,0,0,6,196,2,14,3,2,13,86,1,4,0,0,2,0,0,1,241,6,13,1,0,2,0,0,2,1,1,0,13,5,55,0,0,1,137,2,1,1,0,0,0,6,13,0,0,0,0,0,0,0,1,1,0,0,1,0,0,15,0,0,4,0,32,33,1,0,0,1,0,0,0,31,0,1,1,0,1,0,36,37,36,0,0,0,0,0,63,65,1,1,2,2,19,0,1,2,0,0,3,0,0,0,0,0,0,0,0,0,0,0,0,0,0,0,0,0,2,0,0,0,0,0,0,0,137,0,0,0,0,0,0,0,0,0,0,0,0,0,0,1,1,0,0,0,0,0,0,0,0,0,0,0,0,0,0,0,0,0,0,0,0,0,0,0,0,0,4,0,0,0,0,0,0,0,0,0,0,0,0,0,0,0,0,0,0,0,0,0,0,0,0,0,0,0,0,0,2,0,0,0,0,0,0,0,0,0,0,0,0,0,0,0,0,0,0,0,0,0,0,0,0,1,0,0,0,0,0,0,0,0,0,0,1,0,0,0,0,0,0,0,0,0,0,0,0,0,0,0,0,0,0,0,0,0,0,0,0,0,0,0,0,0,0,0,0,0,0,0,0,0,0,0,0,0,0,0
38fd07e154564aefdcd90891ac2da03c,11.2,1,359,414,58,5,29,19,5,1,11,4,2,5,6,147,6,31,4,3,43,81,1,4,1,4,1,0,1,0,7,0,11,0,0,6,0,39,1,0,0,7,6,6,7,0,0,5,0,2,1,1,9,2,2,12,7,2,2,83,0,0,0,0,472,0,0,0,0,1,0,0,0,0,0,0,7,40,0,24,0,0,0,0,0,1,0,0,0,0,0,0,0,19,22,0,0,0,0,2,14,3,0,0,7,9,2,0,3,4,8,9,9,0,0,3,0,0,2,0,0,25,2,0,0,0,0,0,39,0,0,1,0,0,0,0,0,2,0,0,0,0,0,0,0,0,0,0,0,2,0,0,0,0,1,0,0,0,1,1,0,0,0,0,0,0,0,0,0,0,0,0,0,3,0,0,0,0,0,0,0,0,0,0,0,0,4,0,0,0,0,0,0,0,0,0,0,0,0,0,0,0,0,3,0,0,0,1,0,0,0,0,0,0,0,0,0,0,0,0,0,0,0,1,0,0,0,0,0,0,0,0,0,0,2,1,0,0,0,0,0,0,0,0,0,0,1,0,0,0,0,0,0,0,0,0,0,0,0,0,0,0,0,0,0,0,0,0,0,0,0,0,0,0,0,0,0,0,0,0,0,0,0,0,0,0,0,0,0,0
43fb81c8a21da02c255b52226b38e69d,5.4,14,471,9125,1007,378,1240,41,519,557,682,119,3,173,20,2480,92,703,32,1,829,391,1,10,1,1,0,3,3,57,67,388,208,0,85,35,2,1010,2,4,2,36,2,1,16,0,0,50,2,3,1,30,0,0,0,141,79,0,0,0,0,1,0,0,1125,10,1193,27,8,0,0,6,0,0,3,0,7,7,0,0,1,681,0,0,4,762,0,19,12,0,7,53,2,28,21,3,22,18,0,0,94,70,1,76,54,54,0,0,23,48,0,32,22,8,0,343,6,406,30,0,4,0,0,0,0,0,0,0,39,1,0,0,1,0,2,28,9,21,2,0,0,3,0,0,2,0,2,2,2,1,0,0,0,0,0,0,0,3,1,1,0,0,0,28,0,0,0,0,0,1,0,0,0,3,0,0,136,0,0,0,0,0,0,0,0,168,31,5,0,0,0,0,0,0,0,0,0,0,0,0,0,0,0,0,0,164,0,0,0,0,0,0,0,0,0,28,0,0,0,0,0,0,0,0,0,0,66,0,0,0,0,0,0,3,0,0,0,0,0,28,0,0,0,0,0,0,0,0,0,0,0,0,0,0,0,0,0,0,0,0,0,0,0,0,0,0,0,0,0,0,0,0,0,0,0,0,0,0,0,0,0,0,0,0,0,0,0,0,0,0
46ab2971fe0c350486423b576a02f867,7.8,12,38,271,56,5,8,10,39,19,39,2,1,4,5,121,5,6,0,1,15,22,1,5,0,0,0,3,2,0,14,6,5,0,0,6,4,5,1,1,0,4,3,2,3,0,0,4,0,1,1,2,2,0,0,3,6,0,0,0,2,0,0,0,2,3,1,0,0,0,0,0,0,0,0,0,14,14,0,0,1,135,6,2,0,2,0,0,0,0,2,0,3,27,18,0,22,0,0,0,9,0,0,0,1,3,1,0,1,0,0,0,12,8,1,0,0,0,2,0,0,0,0,1,0,0,0,0,33,1,1,0,0,0,0,1,1,2,0,0,0,0,0,0,0,0,0,0,0,1,0,0,1,1,0,0,0,0,1,1,0,0,0,0,0,0,0,0,0,0,0,0,0,2,0,0,0,0,0,0,0,0,0,0,0,0,3,0,0,0,0,0,0,0,0,0,0,0,0,0,1,0,0,0,0,0,0,0,0,0,0,0,0,0,0,0,0,0,0,0,0,0,0,0,0,0,0,0,0,0,0,0,0,0,0,0,0,0,0,0,0,0,0,0,0,0,0,0,0,0,0,0,0,0,0,0,0,0,0,0,0,0,0,0,0,0,0,0,0,0,0,0,0,0,0,0,0,0,0,0,0,0,0,0,0,0,0,0,0,0
51e12adc70d90dd1827de80e979cc7ca,5.4,66,30,240,44,23,50,71,200,221,175,4,1,16,7,318,20,14,6,3,26,27,3,16,3,4,1,9,3,0,31,0,33,6,6,8,0,0,6,0,0,7,4,2,22,6,0,3,0,5,0,4,0,0,0,9,11,0,0,0,0,0,0,0,11,12,0,3,0,10,0,0,0,0,0,0,7,7,0,0,2,63,0,0,0,3,0,0,0,0,9,0,0,62,21,0,6,6,0,0,14,12,0,12,15,18,0,0,1,0,0,0,21,16,6,0,5,0,2,0,0,0,0,0,0,0,0,0,38,0,12,0,0,0,1,0,0,0,0,0,0,0,0,0,69,0,0,0,0,2,0,0,147,0,0,0,0,0,7,3,0,0,0,0,0,0,0,0,0,0,0,0,0,2,0,0,0,0,0,0,0,0,0,0,0,0,3,0,0,0,0,0,0,0,0,0,0,0,0,0,1,0,0,0,0,0,0,1,0,0,0,0,0,0,0,1,0,0,0,0,0,0,0,9,0,0,0,0,0,0,0,0,0,0,0,0,0,0,0,0,0,0,0,0,0,0,0,0,0,0,0,0,0,0,0,0,0,0,0,0,0,0,0,0,0,0,0,0,0,0,0,0,0,0,0,0,0,0,0,0,0,0,0,0,0,0,0,0,0,0
000c15cfd50adc583f86031deb0d33e4,1.6,0,17,2519,12,8,2093,2,5,3,8,2,1,3,1,27,2,2,1,1,6,5,1,2,1,1,2,2,1,0,0,1,2,1,1,0,0,0,0,0,0,0,0,0,0,0,0,0,0,0,0,0,0,0,0,3,1,0,0,0,0,0,0,0,0,0,0,0,0,0,0,0,0,0,0,0,0,0,0,0,0,0,0,0,0,0,0,0,0,0,0,0,0,0,0,0,0,0,0,0,0,0,0,0,0,0,0,0,0,0,0,0,0,0,0,0,0,0,0,0,0,0,0,0,0,0,0,0,0,0,0,0,0,0,0,0,0,0,0,0,0,0,0,0,0,0,0,0,0,0,0,0,0,0,0,0,0,0,0,0,0,0,0,0,0,0,0,0,0,0,0,0,0,0,0,0,0,0,0,0,0,0,0,0,0,0,0,0,0,0,0,0,0,0,0,0,0,0,0,0,0,0,0,0,0,0,0,0,0,0,0,0,0,0,0,0,0,0,0,0,0,0,0,0,0,0,0,0,0,0,0,0,0,0,0,0,0,0,0,0,0,0,0,0,0,0,0,0,0,0,0,0,0,0,0,0,0,0,0,0,0,0,0,0,0,0,0,0,0,0,0,0,0,0,0,0,0,0,0,0,0,0,0,0,0,0,0,0,0,0
1ea6bfc530a6d94d5bf6da329febb669,10.8,2,153,2386,3804,74,129,137,174,234,421,15,4,66,14,23839,1,5328,6,9,303,405,4,77,8,14,32,6,5,233,10996,10993,11017,9,22022,276,10,373,5,221,1,3666,5,7327,5886,4,3,6,0,35,198,26465,413,0,0,2,15,7,7,287,12,2,2,3,458,22,7346,84,108,12,8,8,4,4,14,2,697,548,1,60,1140,1122,375,60,0,47,4,10,10,7,15,32,60,60,60,4,93,0,6,0,3667,3678,1,3,7,7,22,149,5,7,18,19,0,0,0,40273,3660,80540,0,0,0,2,5876,1,0,0,0,0,0,0,0,0,3,0,0,0,0,0,0,0,0,0,0,0,0,0,0,0,0,0,0,2,0,0,0,0,0,0,0,0,0,0,0,0,0,0,0,0,0,1,0,0,0,0,0,0,0,0,0,0,0,0,0,0,0,0,0,0,0,0,0,0,0,0,0,0,0,0,0,0,0,0,0,0,1,0,0,0,0,0,0,0,0,0,0,0,0,0,0,0,0,0,0,0,1,1,7322,0,0,0,0,0,0,0,0,0,0,0,0,0,0,0,0,0,0,0,0,0,0,0,0,0,0,0,0,0,0,0,0,0,0,0,0,0,0,0,0,0,0,0,0,0,0,0,0,0,0,0,0,0,0,0,0,0,0,0,0,0,0,0
4aedb2f55e39718e92bff8f22d92ad31,7.4,1,45,822,107,77,62,10,83,43,189,3,0,195,1,134,0,40,1,0,4,3,0,2,0,0,4,0,0,49,26,6,39008,1,1,12,13,25,0,0,0,4,3,0,0,0,0,0,0,6,0,0,5,0,0,0,4,750,25,545,1,0,0,0,727,2,5,2,16,0,0,0,0,0,1,0,0,0,0,0,0,22,0,0,0,2,0,4,0,0,2,0,0,0,0,2,0,0,0,0,5,0,2,0,0,4,1,0,0,0,0,0,3,0,0,0,3,1,0,0,0,0,10,0,0,0,0,1,0,0,11,0,0,0,0,6,2,0,0,0,0,0,0,0,4,0,0,0,0,0,0,0,0,1,1,0,0,0,18,20,2,4,0,7,3,3,0,0,0,0,0,0,0,3,0,0,0,13,0,0,0,0,0,0,12,8,0,0,0,0,0,0,0,0,0,0,0,0,0,0,0,0,0,0,0,0,3,3,0,0,0,0,0,0,0,0,0,0,0,0,0,0,7,0,0,0,0,0,0,0,0,0,0,0,0,0,0,0,0,0,0,0,0,0,0,0,0,0,0,0,0,0,0,0,0,0,0,0,0,0,0,0,0,0,0,0,0,0,0,0,0,0,0,0,0,0,0,0,0,0,0,0,0,0,0,0,0,0,0,0
4c6ec98029ac744ac510658de6737fb7,7.4,1,45,822,104,77,62,10,83,43,189,3,0,195,1,134,0,38,1,0,4,3,0,2,0,0,4,0,0,49,26,6,39008,1,1,12,13,25,0,0,0,4,3,0,0,0,0,0,0,6,0,0,5,0,0,0,4,764,25,545,1,0,0,0,741,2,5,2,16,0,0,0,0,0,1,0,0,0,0,0,0,22,0,0,0,2,0,4,0,0,2,0,0,0,0,2,0,0,0,0,5,0,2,0,0,4,1,0,0,0,0,0,3,0,0,0,3,1,0,0,0,0,10,0,0,0,0,1,0,0,11,0,0,0,0,6,2,0,0,0,0,0,0,0,4,0,0,0,0,0,0,0,0,1,1,0,0,0,18,20,2,4,0,7,3,3,0,0,0,0,0,0,0,3,0,0,0,13,0,0,0,0,0,0,12,8,0,0,0,0,0,0,0,0,0,0,0,0,0,0,0,0,0,0,0,0,3,3,0,0,0,0,0,0,0,0,0,0,0,0,0,0,7,0,0,0,0,0,0,0,0,0,0,0,0,0,0,0,0,0,0,0,0,0,0,0,0,0,0,0,0,0,0,0,0,0,0,0,0,0,0,0,0,0,0,0,0,0,0,0,0,0,0,0,0,0,0,0,0,0,0,0,0,0,0,0,0,0,0,0
4c7ea22cb61e06fe7df1168765b216d5,7.2,1,45,822,106,77,62,9,83,43,188,3,0,193,1,119,0,38,1,0,4,3,0,2,0,0,4,0,0,47,26,6,39008,1,1,11,12,24,0,0,0,4,3,0,0,0,0,0,0,6,0,0,5,0,0,0,4,625,21,452,1,0,0,0,605,2,5,2,16,0,0,0,0,0,1,0,0,0,0,0,0,22,0,0,0,2,0,4,0,0,2,0,0,0,0,2,0,0,0,0,5,0,2,0,0,4,1,0,0,0,0,0,3,0,0,0,3,1,0,0,0,0,10,0,0,0,0,1,0,0,9,0,0,0,0,6,2,0,0,0,0,0,0,0,4,0,0,0,0,0,0,0,0,1,1,0,0,0,17,20,2,4,0,6,3,3,0,0,0,0,0,0,0,3,0,0,0,11,0,0,0,0,0,0,10,8,0,0,0,0,0,0,0,0,0,0,0,0,0,0,0,0,0,0,0,0,3,3,0,0,0,0,0,0,0,0,0,0,0,0,0,0,6,0,0,0,0,0,0,0,0,0,0,0,0,0,0,0,0,0,0,0,0,0,0,0,0,0,0,0,0,0,0,0,0,0,0,0,0,0,0,0,0,0,0,0,0,0,0,0,0,0,0,0,0,0,0,0,0,0,0,0,0,0,0,0,0,0,0,0
1ed0e9ebc500f817a1037f5d5f0babe1,6.6,4,85,149,37,6,3,0,0,0,3,1,0,1,0,27,1,11,0,0,4,7,0,0,0,1,0,0,0,0,8,11,0,0,0,0,0,7,0,0,0,0,0,0,0,0,0,1,0,0,0,0,6,1,1,4,90,0,0,0,0,0,0,0,3,0,11,0,0,0,0,0,0,0,0,0,0,0,0,0,0,8,0,1,0,0,0,0,0,0,1,0,0,9,5,0,0,0,0,0,2,11,0,0,0,0,0,0,0,0,0,0,0,0,0,0,0,0,0,0,0,1,1,0,0,0,1,0,11,1,0,0,0,0,0,1,0,0,0,0,0,0,0,0,0,0,0,0,0,0,0,1,1,0,0,0,0,0,0,0,0,0,0,0,0,0,0,0,0,0,0,0,0,0,0,0,0,0,0,0,0,0,0,0,0,0,0,0,0,0,0,0,0,0,0,0,0,0,0,0,1,0,0,0,1,0,0,0,0,0,0,0,0,0,0,0,0,0,0,0,0,0,0,0,0,0,0,0,0,0,0,0,0,0,0,0,0,0,0,0,0,0,0,0,0,0,0,0,0,0,0,0,0,0,0,0,0,0,0,0,0,0,0,0,0,0,0,0,0,0,0,0,0,0,0,0,0,0,0,0,0,0,0,0,0,0,0,0,0,0
4cee216f720c6d92a18130129b959c6c,1.2,0,0,0,0,0,0,0,2,2,2,0,0,0,0,0,0,0,0,0,0,0,0,0,0,0,0,0,0,0,0,0,0,0,0,0,0,0,0,0,0,0,0,0,0,0,0,0,0,0,0,0,0,0,0,1,0,0,0,0,0,0,0,0,0,0,0,0,0,0,0,0,0,0,0,0,0,0,0,0,0,0,0,0,0,0,0,0,0,0,0,0,0,0,0,0,0,0,0,0,0,0,0,0,0,0,0,0,0,0,0,0,0,0,0,0,0,0,0,0,0,3,0,0,0,0,0,0,1,0,0,0,0,0,0,0,0,0,0,0,0,0,0,0,0,0,0,0,0,0,0,0,0,0,0,0,0,0,1,0,0,0,0,0,0,0,0,0,0,0,0,0,0,0,0,0,0,0,0,0,0,0,0,0,0,0,0,0,0,0,0,0,0,0,0,0,5,0,0,0,0,0,0,0,0,0,0,0,0,0,0,0,0,0,0,0,0,0,0,0,0,0,0,0,0,0,0,0,0,0,0,0,0,0,0,0,0,0,0,0,0,0,0,0,0,0,0,0,0,0,0,0,0,0,0,0,0,0,0,0,0,0,0,0,0,0,0,0,0,0,0,0,0,0,0,0,0,0,0,0,0,0,0,0,0,0,0,0,0,0
1eea3db743a4c08507f1c0689d1625e0,1.6,0,19,2300,14,5,1895,2,7,3,8,3,1,3,1,29,2,2,1,1,6,5,1,2,1,1,2,2,0,0,0,1,3,1,1,0,0,4,0,0,0,0,0,0,0,0,0,0,0,0,0,0,6,0,0,3,1,0,0,0,0,0,0,0,0,0,0,0,0,0,0,0,0,0,0,0,0,0,0,0,0,0,0,0,0,0,0,0,0,0,0,0,0,0,0,0,0,0,0,0,0,0,0,0,0,0,0,0,0,0,0,0,0,0,0,0,0,0,0,0,0,0,4,0,0,0,0,0,0,0,0,0,0,0,0,0,0,0,0,0,0,0,0,0,0,0,0,0,0,0,0,0,0,0,0,0,0,0,0,0,0,0,0,0,0,0,0,0,0,0,0,0,0,0,0,0,0,0,0,0,0,0,0,0,0,0,2,0,0,0,0,0,0,0,0,0,0,0,0,0,0,0,0,0,0,0,0,0,0,0,0,0,0,0,0,0,0,0,0,0,0,0,0,0,0,0,0,0,0,0,0,0,0,0,0,0,0,0,0,0,0,0,0,0,0,0,0,0,0,0,0,0,0,0,0,0,0,0,0,0,0,0,0,0,0,0,0,0,0,0,0,0,0,0,0,0,0,0,0,0,0,0,0,0,0,0,0,0,0,0
4da91114f728150ba78d8cbff9695c7e,7.4,1,46,823,107,77,62,10,83,43,189,3,0,195,1,134,0,40,1,0,4,3,0,2,0,0,4,0,0,49,26,6,39008,1,1,12,13,25,0,0,0,4,3,0,0,0,0,0,0,6,0,0,5,0,0,0,5,758,25,545,1,0,0,0,735,2,5,2,16,0,0,0,0,0,1,0,0,0,0,0,0,22,0,0,0,2,0,4,0,0,2,0,0,0,0,2,0,0,0,0,5,0,2,0,0,4,1,0,0,0,0,0,3,0,0,0,3,1,0,0,0,0,15,0,0,0,0,1,0,0,11,0,0,0,0,6,2,0,0,0,0,0,0,0,4,0,0,0,0,0,0,0,0,1,1,0,0,0,18,20,2,4,0,7,3,3,0,0,0,0,0,0,0,3,0,0,0,13,0,0,0,0,0,0,12,8,0,0,0,0,0,0,0,0,0,0,0,0,0,0,0,0,0,0,0,0,3,3,0,0,0,0,0,0,0,0,0,0,0,0,0,0,7,0,0,0,0,0,0,0,0,0,0,0,0,0,0,0,0,0,0,0,0,0,0,0,0,0,0,0,0,0,0,0,0,0,0,0,0,0,0,0,0,0,0,0,0,0,0,0,0,0,0,0,0,0,0,0,0,0,0,0,0,0,0,0,0,0,0,0
1f0c2d3ded21338503c8969d3a77fc12,3.4,0,9,169,1,2,0,2,1,3,4,0,0,2,0,31,0,0,0,0,22,10,0,1,0,0,3,0,0,1,0,1,3,0,0,1,1,4,0,1,0,1,3,1,1,0,0,0,0,0,1,0,0,0,0,0,0,2,2,76,0,0,0,0,3487,0,0,0,0,0,0,0,0,0,0,0,0,0,0,0,0,0,0,0,0,0,0,0,0,0,0,0,0,0,0,0,0,0,0,0,0,0,0,0,1,1,0,0,0,2,0,2,1,0,0,0,0,1,0,0,0,0,1,0,0,0,0,0,0,0,0,0,0,0,0,0,0,0,0,0,0,0,0,0,1,0,0,0,0,0,0,0,0,0,0,0,0,0,0,0,0,0,0,0,0,0,0,0,0,0,0,0,0,1,0,0,0,0,0,0,0,0,0,0,0,0,0,0,0,0,0,0,0,0,0,0,0,0,0,0,0,0,0,0,0,0,0,0,0,0,0,0,0,0,0,0,0,0,0,0,0,0,0,0,0,0,0,0,0,0,0,0,0,0,0,1,0,0,0,0,0,0,0,0,0,0,0,0,0,0,0,0,0,0,0,0,0,0,0,0,0,0,0,0,0,0,0,0,0,0,0,0,0,0,0,0,0,0,0,0,0,0,0,0,0,0,0,0,0,0
0ac8766013a1dbcaea8deb11c315eb8b,17.0,17,125,762,2696,130,18,2,319,106,1048,4,2,74,1,239,19,2551,0,1,69,31,1,13,0,3,8,3,1,0,20,155,20,0,185,7,0,15,1,9,1,6,1,1,2,0,0,4,0,2,2,0,10,3,3,9,16,1,1,44,0,0,0,0,212,4,7,16,0,0,0,26,0,0,2,0,10,0,0,0,0,24,0,1,0,1,0,0,0,0,1,0,0,8,3,0,0,30,0,0,6,0,4,0,14,14,0,0,0,0,0,0,8,8,0,9,12,250,0,0,0,0,17,0,0,0,1,0,3,3,1,0,0,0,1,3,0,0,0,0,0,0,0,0,1,0,2,5,0,0,0,0,3,0,2,0,0,0,697,733,0,0,0,8,4,4,1,0,0,0,0,0,0,0,0,0,0,4,0,0,2,0,8,8,16,4,3,0,0,0,0,0,0,0,0,0,0,0,0,0,3,0,0,0,0,0,0,2,0,0,0,0,0,3,0,6,0,0,0,25,0,0,0,0,0,0,0,0,0,0,1,0,0,0,0,0,0,0,0,0,0,0,0,0,0,0,0,0,0,0,0,0,0,0,0,0,0,0,0,0,0,0,0,0,0,0,0,0,0,0,0,0,0,0,0,0,0,0,0,0,0,0,0,0,0,0,0,0,0,0
0ac34473303416fdb873bbe5638e75f0,1.2,118,121,528,436,9,43,218,1235,4612,960,4,1,2,12,672,39,102,0,3,157,173,4,16,2,4,1,16,3,34,17,50,145,19,85,10,4,10,2,105,0,49,1,1,3,18,0,2,0,7,14,1,1,0,0,3,42,0,0,0,0,1,0,0,5316,34,23,21,0,0,0,0,0,0,2,0,16,15,0,1,4,442,28,27,0,327,0,0,0,1,37,0,122,175,57,6,261,222,1,0,44,216,0,4,37,45,0,7,2,54,0,0,17,16,0,0,21,23,0,0,0,0,0,0,0,5,5,0,3,3,19,13,2,0,1,1,6,10,0,0,0,1,0,0,0,0,0,0,0,0,0,0,0,4,0,0,0,5,0,0,0,0,0,0,0,0,0,0,0,2,0,0,0,1,0,0,0,0,0,0,0,0,0,0,0,0,0,0,0,0,0,0,0,0,0,0,0,0,0,0,0,0,0,0,1,0,0,0,0,0,0,0,0,0,0,0,0,0,0,0,0,54,0,0,0,0,0,0,0,0,0,0,0,0,0,0,0,0,0,0,0,0,0,0,0,0,0,1,4,0,0,0,0,0,0,0,0,0,0,0,0,0,0,0,0,0,0,0,0,0,0,0,0,0,0,0,0,0,0,0,0,0,0,0,0,0,0,0,0,0
0acae447ae4c1159d4d19dd680971ddb,6.4,50,149,1334,628,144,348,50,769,690,747,103,0,250,9,356,19,125,6,0,96,58,10,19,0,7,9,4,1,5,93,242,83,0,65,26,16,3393,4,12,20,18,3,0,10,0,14,0,2,23,6,2,0,0,0,1,23,0,0,0,0,2,4,2,3,18,27,37,0,1,16,41,1,1,25,0,2,0,8,2,0,8866,89,28,0,75,0,1,1,0,6,0,11,58,11,10,7,0,0,2,2,0,2,5,32,44,2,1,2,0,0,0,13,8,0,12,31,50,0,0,165,3,15,0,0,2,0,0,0,2,17,58,0,0,0,42,27,92,1,0,0,1,0,1,1,1,10,57,10,0,0,0,0,1,0,0,2,0,15,21,0,0,0,0,3,3,4,0,0,0,1,17,0,3,0,10,0,15,1,29,8,0,0,0,2,10,0,55,1,1,1,1,1,1,2,0,0,2,0,0,0,0,0,0,2,1,2,3,18,16,2,0,0,0,0,0,0,0,0,0,0,0,0,0,0,0,0,0,0,0,0,0,0,0,0,0,0,0,0,0,0,0,0,0,0,0,0,0,0,0,0,0,0,0,0,0,0,0,0,0,0,0,0,0,0,0,0,0,0,0,0,0,0,0,0,0,0,0,0,0,0,0,0,0,0,0,0,0,0,0
0acd3589927dae70f36a2ac5be5935e2,2.6,14,84,437,343,30,109,332,1835,5506,1299,52,0,7,8,1152,83,161,0,2,267,174,2,14,1,5,11,18,1,43,65,146,269,25,105,12,3,61,2,3,0,74,0,0,0,21,0,2,5,5,15,0,0,0,0,6,32,0,0,0,0,0,0,0,1,114,26,18,6,0,0,0,0,0,1,0,18,15,16,0,3,1060,30,0,0,3,0,1,1,0,113,59,38,50,19,6,119,338,0,2,83,436,0,29,78,91,2,8,3,0,0,0,15,16,4,0,1,4,0,0,112,1,0,0,0,0,0,0,0,2,27,28,4,1,2,38,12,169,5,14,14,1,1,1,1,0,0,0,0,0,0,0,0,0,0,0,0,0,0,0,0,0,0,0,0,0,0,0,0,0,0,0,0,0,0,0,0,0,0,0,0,0,0,0,0,0,0,0,0,0,0,0,0,0,0,0,0,0,0,0,0,0,0,0,0,0,0,0,0,0,0,0,0,0,0,0,0,0,0,0,0,0,0,0,0,0,0,0,0,0,0,0,0,0,0,0,0,0,0,0,0,0,0,0,0,0,0,0,0,0,0,0,0,0,0,0,0,0,0,0,0,0,0,0,0,0,0,0,0,0,0,0,0,0,0,0,0,0,0,0,0,0,0,0,0,0,0,0,0,0
0ad10aab7dcc106f825596772f9762b2,9.0,26,175,927,407,36,104,182,90,88,114,22,0,30,18,889,11,94,0,6,139,360,0,54,6,7,7,18,6,7,38,75,27,0,13,88,1,18,4,31,0,12,0,0,0,0,0,7,0,10,28,0,4,1,1,11,37,2,2,67,1,0,0,0,673,38,0,109,0,0,0,12,0,0,18,0,589,427,0,26,1370,438,691,128,4,62,6,15,15,3,27,58,96,116,60,7,30,1,14,2,50,0,0,6,24,24,0,6,6,6,42,30,36,48,8,4,5,10,4,2,1,6,0,0,0,0,1,0,0,1,0,0,0,0,0,1,0,0,0,0,0,0,0,0,0,0,0,0,0,0,0,0,1,0,0,0,0,0,0,0,0,0,0,0,0,0,0,0,0,0,0,0,0,0,0,0,0,0,0,0,0,0,0,0,0,24,0,0,0,0,0,0,0,0,0,0,0,0,0,0,1,0,0,0,0,0,0,0,0,0,0,0,0,0,0,0,0,0,0,18,0,0,0,0,0,0,0,0,0,0,0,0,0,0,0,0,0,0,0,0,0,0,0,0,0,0,0,0,0,0,0,1,0,0,0,0,0,0,0,0,0,0,0,0,0,0,0,0,0,0,0,0,0,0,0,0,0,0,0,0,0,0,0,0,0,0,0,0,0,0
0ad69e260c82f167e67e23b079473a90,4.2,318,966,6925,3014,286,304,158,669,2344,963,77,0,39,7,3043,144,507,0,2,332,595,1,27,1,1,0,7,2,34,540,935,356,9,172,61,4,215,1,8,0,97,1,37,188,9,0,85,0,6,9,69,0,0,0,99,429,0,0,0,0,68,0,0,261,43,2153,22,0,0,0,3,0,0,3,0,226,160,0,8,464,1739,253,94,72,11,1,3,3,2,73,12,57,367,48,123,138,216,2,0,333,538,1,12,162,178,0,1,1,1,8,5,72,14,2,251,70,489,4,0,0,43,0,0,0,0,36,0,0,72,7,6,2,0,0,72,5,10,0,0,0,0,0,0,0,0,0,0,0,0,323,0,117,1,0,0,4,0,342,285,0,0,0,0,0,0,0,0,0,0,103,0,0,35,68,0,0,0,0,0,0,0,0,0,0,0,0,0,0,0,0,0,0,0,0,0,0,0,0,0,69,0,0,0,58,0,0,57,0,0,0,0,0,0,0,0,0,0,0,0,0,0,0,0,0,0,0,0,0,0,0,0,0,0,0,0,0,0,0,0,0,0,0,0,0,0,0,0,0,0,0,0,0,0,0,0,0,0,0,0,0,0,0,0,0,0,0,0,0,0,0,0,0,0,0,0,0,0,0,0,0,0,0,0,0,0,0,0,0,0
0ad58819b2d2d120ee01bd79f02f862d,6.2,13,62,436,28,21,20,26,323,860,258,1,0,8,0,368,6,3,0,0,30,11,0,1,2,0,0,3,0,28,3,4,17,0,3,0,0,24,1,1,1,5,0,0,1,0,0,3,0,0,0,0,2,0,0,3,2,219,217,9754,0,0,0,0,225,15,4,4,2,0,0,0,0,0,0,0,0,0,0,2,0,84,0,0,0,188,0,0,0,0,12,0,0,13,0,11,10,2,0,0,6,7,0,12,6,12,1,1,4,0,0,0,7,0,0,0,0,0,0,0,0,0,0,0,0,0,0,0,0,1,8,1,0,0,1,0,0,0,0,0,0,0,0,0,0,0,0,0,0,0,0,0,93,10,0,1,1,0,36,36,2,51,0,0,0,0,0,0,0,0,0,0,0,0,0,0,0,0,0,0,0,0,0,0,0,0,0,0,0,0,0,0,0,0,0,0,0,0,0,0,0,0,0,0,0,0,0,0,0,0,0,0,0,0,0,0,0,0,0,0,0,0,0,0,0,0,0,0,0,0,0,0,0,0,0,0,0,0,0,0,0,0,0,0,0,0,0,0,0,0,0,0,0,0,0,0,0,0,0,0,0,0,0,0,0,0,0,0,0,0,0,0,0,0,0,0,0,0,0,0,0,0,0,0,0,0,0,0,0,0
1f1c9591c1d04c9330143e660c1c4fea,1.2,0,1,7,4,1,2,0,1,0,3,0,0,1,0,27,1,2,1,1,6,5,1,2,1,1,2,2,0,0,0,1,1,1,1,0,0,4,0,0,0,0,0,0,0,0,0,0,0,0,0,0,6,0,0,3,1,0,0,0,0,0,0,0,0,0,0,0,0,0,0,0,0,0,0,0,0,0,0,0,0,0,0,0,0,0,0,0,0,0,0,0,0,0,0,0,0,0,0,0,0,0,0,0,0,0,0,0,0,0,0,0,0,0,0,0,0,0,0,0,0,0,4,0,0,0,0,0,0,0,0,0,0,0,0,0,0,0,0,0,0,0,0,0,0,0,0,0,0,0,0,0,0,0,0,0,0,0,0,0,0,0,0,0,0,0,0,0,0,0,0,0,0,0,0,0,0,0,0,0,0,0,0,0,0,0,0,0,0,0,0,0,0,0,0,0,0,0,0,0,0,0,0,0,0,0,0,0,0,0,0,0,0,0,0,0,0,0,0,0,0,0,0,0,0,0,0,0,0,0,0,0,0,0,0,0,0,0,0,0,0,0,0,0,0,0,0,0,0,0,0,0,0,0,0,0,0,0,0,0,0,0,0,0,0,0,0,0,0,0,0,0,0,0,0,0,0,0,0,0,0,0,0,0,0,0,0,0,0,0
0ad56062037cfa1432b02bf59ed10b90,1.6,10,11,1303,13,6,1191,2,5,4,4,1,1,0,1,27,2,1,0,0,5,4,0,0,0,0,0,0,0,0,0,0,3,0,1,0,0,0,1,0,1,0,0,0,1,0,0,0,0,0,0,0,0,0,0,3,1,0,0,0,0,0,0,0,0,1,0,1,0,0,0,0,0,0,0,0,0,0,0,0,0,5,0,0,0,2,0,0,0,0,1,0,0,6,0,0,2,0,0,0,0,0,0,0,0,0,0,0,1,0,0,0,0,0,0,0,1,0,0,0,0,0,0,0,0,0,0,0,0,0,0,0,0,0,0,0,0,0,0,0,0,1,0,0,0,0,0,0,0,0,0,0,0,1,0,0,0,0,0,0,0,0,0,0,0,0,0,0,0,0,0,0,0,0,0,0,0,0,0,0,0,0,0,0,0,0,1,0,0,0,0,0,0,0,0,0,0,0,0,0,0,0,0,0,0,0,0,0,0,0,0,0,0,0,0,0,0,0,0,0,0,0,0,0,0,0,0,0,0,0,0,0,0,0,0,0,0,0,0,0,0,0,0,0,0,0,0,0,0,0,0,0,0,0,0,0,0,0,0,0,0,0,0,0,0,0,0,0,0,0,0,0,0,0,0,0,0,0,0,0,0,0,0,0,0,0,0,0,0,0
0adf32dec0612b82721234d49280a6fb,1.4,7,6,49,42,0,20,2,9,4,6,2,0,16,2,21,0,6,0,0,5,4,0,0,0,0,1,0,0,0,0,0,2,1,1,1,2,0,0,0,0,0,0,0,0,0,0,0,0,1,0,0,0,0,0,0,0,0,0,0,0,0,0,0,0,2,0,0,0,0,0,0,0,0,0,0,0,0,0,0,0,13,10,3,0,0,0,0,0,0,0,0,7,11,7,0,3,0,0,0,0,0,0,0,3,3,0,0,1,0,0,0,1,0,0,0,0,0,0,0,4,0,0,0,0,0,0,0,0,0,0,0,0,0,0,0,2,41,0,0,0,0,0,0,0,0,0,0,0,0,0,0,0,0,0,0,0,0,0,0,0,0,0,0,0,0,0,0,0,0,0,0,0,0,0,0,0,0,0,0,0,0,0,0,0,0,0,0,0,0,0,0,0,0,0,0,0,0,0,0,0,0,0,0,0,0,0,0,0,0,0,0,0,0,20,0,0,0,0,0,0,0,0,0,0,0,0,0,0,0,0,0,0,0,0,0,0,0,0,0,0,0,0,0,0,0,0,0,0,0,0,0,0,0,0,0,0,0,0,0,0,0,0,0,0,0,0,0,0,0,0,0,0,0,0,0,0,0,0,0,0,0,0,0,0,0,0,0,0,0
0adf953605c610880f4095b3b33ea2d9,1.6,0,1,2,96,0,0,0,0,0,5,0,0,0,0,11443,0,155,0,0,2,2,0,0,0,0,0,0,0,0,0,1,4025,0,570,0,0,0,0,0,0,1141,0,0,570,0,0,0,0,0,0,1,0,0,0,0,0,0,0,0,0,0,0,0,0,0,10350,0,0,0,0,0,0,0,0,0,0,0,0,0,0,0,0,0,0,0,0,0,0,0,0,0,0,1,1,0,0,0,0,0,570,21736,0,0,1,1,0,0,0,0,0,0,1,0,0,0,573,1140,570,0,0,0,0,0,0,0,0,0,1,0,0,0,0,0,0,0,0,0,0,0,0,0,0,0,0,0,0,0,0,0,0,0,0,0,0,0,0,0,5,5,0,0,0,0,0,0,0,0,0,0,0,0,0,571,0,0,0,0,0,0,0,0,0,0,0,0,0,0,0,0,0,0,0,0,0,0,0,0,0,0,0,0,0,0,0,0,0,0,0,0,0,0,0,0,0,1,0,0,0,0,0,0,0,0,0,0,0,0,0,0,0,0,0,0,0,0,0,0,0,0,0,0,0,0,0,0,0,0,0,0,0,0,0,0,0,0,0,0,0,0,0,0,0,0,0,0,0,0,0,0,0,0,0,0,0,0,0,0,0,0,0,0,0,0,0,0,0,0,0,0
0ae617ea551a56b5ab5886d4fcb64e80,1.6,458,12,1471,18,4,1358,2,5,4,4,1,1,0,1,27,2,2,0,0,5,4,0,0,0,0,0,0,0,0,0,0,3,0,1,0,0,0,1,0,1,0,0,0,1,0,0,0,0,0,0,0,0,0,0,3,1,0,0,0,0,0,0,0,0,1,0,1,0,0,0,0,0,0,0,0,0,0,0,0,0,6,0,0,0,2,0,0,0,0,1,0,0,6,0,0,2,0,0,0,0,0,0,0,0,1,1,0,1,0,0,0,0,0,0,0,1,0,0,0,0,0,0,0,0,0,0,0,0,0,0,0,0,0,0,0,0,0,0,0,0,1,0,0,0,0,0,0,0,0,0,0,0,1,0,0,0,0,0,0,0,0,0,0,0,0,0,0,0,0,0,0,0,0,0,0,0,0,0,0,0,0,0,0,0,0,0,0,0,0,0,0,0,0,0,0,0,0,0,0,0,0,0,0,0,0,0,0,0,0,0,0,0,0,0,0,0,0,0,0,0,0,0,0,0,0,0,0,0,0,0,0,0,0,0,0,0,0,0,0,0,0,0,0,0,0,0,0,0,0,0,0,0,0,0,0,0,0,0,0,0,0,0,0,0,0,0,0,0,0,0,0,0,0,0,0,0,0,0,0,0,0,0,0,0,0,0,0,0,0
0ae7218fd63b157e97033a072884d757,8.4,6,75,1051,247,11,83,10,131,165,316,10,0,59,1,393,5,26,0,0,23,7,0,11,2,6,4,0,1,80,1,12,14,0,472,4,2,20,1,19,0,2,0,39,472,0,0,1,0,6,3,2,0,0,0,3,22,128,2,79,0,0,0,0,72,8,13,9,0,0,0,26,0,0,2,0,4,0,0,3,4,38,0,0,0,0,0,0,0,0,0,0,0,4,0,1,0,0,0,0,4,3,4,0,2,3,0,0,2,0,0,0,3,0,0,6,2,3,0,0,2,10,25,0,0,2,0,0,0,1,3,0,0,0,0,0,0,0,0,0,0,0,0,0,0,0,0,0,0,0,0,0,0,0,8,0,0,0,283,201,0,0,0,2,340,340,2,0,0,0,0,0,0,0,0,0,0,8,0,0,4,0,0,0,6,0,0,0,0,0,0,0,0,0,0,0,0,0,0,0,0,0,0,0,1,0,8,0,0,0,0,0,0,0,0,0,0,0,0,0,0,80,2,0,0,0,0,0,0,0,0,2,2,0,0,0,0,0,0,0,0,0,0,0,0,0,0,0,0,0,0,0,0,0,0,0,0,0,0,0,0,0,0,0,0,0,0,0,0,0,0,0,0,0,0,0,0,0,0,0,0,0,0,0,0,0,0,0,0,0
1f4fe55765b4d0781ddb7ab63c44d7fd,5.8,0,4,37,11,1,4,1,1,0,3,0,0,1,0,32,2,3,1,1,7,6,1,2,1,2,2,2,0,0,0,1,1,1,1,0,0,4,0,0,0,0,0,0,0,0,0,1,0,0,0,0,11,1,1,6,2,0,0,0,0,0,0,0,0,0,0,0,0,0,0,0,0,0,0,0,0,0,0,0,0,0,0,0,0,0,0,0,0,0,0,0,0,53,53,0,0,0,0,0,0,0,0,0,0,0,0,0,1,0,0,0,0,0,0,0,0,0,0,0,0,0,4,0,0,0,0,0,53,0,0,0,0,0,0,0,0,0,0,0,0,0,0,0,0,0,0,0,0,0,0,0,0,0,0,0,0,0,0,0,0,0,0,0,0,0,0,0,0,0,0,0,0,0,0,0,0,0,0,0,0,0,0,0,0,0,0,0,0,0,0,0,0,0,0,0,0,0,0,0,0,0,0,0,0,0,0,0,0,0,0,0,0,0,0,0,0,0,0,0,0,0,0,0,0,0,0,0,0,0,0,0,0,0,0,0,0,0,0,0,0,0,0,0,0,0,0,0,0,0,0,0,0,0,0,0,0,0,0,0,0,0,0,0,0,0,0,0,0,0,0,0,0,0,0,0,0,0,0,0,0,0,0,0,0,0,0,0,0,0
0aea809da938c9d6becc272c8cc28981,3.6,14,7,23,25,4,3,1,2,1,3,1,0,2,1,12,1,33,0,1,5,4,1,0,1,1,0,0,0,0,0,0,2,0,0,0,0,1,0,0,0,0,0,0,0,0,0,1,0,0,0,0,0,0,0,0,0,0,0,0,0,1,1,1,1,0,0,0,0,0,0,0,0,0,0,0,0,0,0,0,0,7,0,0,0,0,0,0,0,0,0,0,0,0,0,0,0,0,0,0,0,0,0,0,1,2,0,0,1,0,0,0,0,0,0,0,0,0,0,0,0,0,0,0,0,0,0,0,0,0,0,0,0,0,0,0,0,0,0,0,0,0,0,0,0,0,0,0,0,0,0,0,0,0,0,0,0,0,0,0,0,0,0,0,0,0,0,0,0,0,0,0,0,0,0,0,0,0,0,0,0,0,0,0,0,0,0,0,0,0,0,0,0,0,0,0,0,0,0,0,0,0,0,0,0,0,0,0,0,0,0,0,0,0,0,0,0,0,0,0,0,0,0,0,0,0,0,0,0,0,0,0,0,0,0,0,0,0,0,0,0,0,0,0,0,0,0,0,0,0,0,0,0,0,0,0,0,0,0,0,0,0,0,0,0,0,0,0,0,0,0,0,0,0,0,0,0,0,0,0,0,0,0,0,0,0,0,0,0,0
0aec6d7d02890997df4cfbc6c093ed80,4.0,356,1082,7663,3098,327,336,207,961,2619,1327,83,0,48,3,3632,190,540,0,1,332,1028,1,46,0,0,9,4,1,74,591,1095,438,17,193,70,2,262,3,7,0,104,1,44,211,16,0,94,0,3,7,74,0,0,0,117,543,0,0,0,0,73,0,0,151,117,2449,19,6,0,0,0,0,0,0,0,212,163,0,5,452,3000,266,75,71,8,0,1,1,5,155,1,54,404,51,135,106,220,0,0,396,634,2,62,187,223,0,0,0,2,6,0,72,8,0,279,96,541,3,0,0,52,0,0,0,0,43,0,0,83,7,9,2,0,0,85,5,10,0,0,0,0,0,0,0,0,0,0,0,0,360,0,136,1,0,0,5,0,391,330,0,0,0,0,0,0,0,0,0,1,114,0,0,41,73,0,0,0,0,0,0,0,0,0,0,0,0,0,0,0,0,0,0,0,0,0,0,0,0,0,75,0,0,3,67,0,0,66,0,0,0,0,0,0,0,0,0,0,0,0,0,0,0,0,0,0,0,0,0,0,0,0,0,0,0,0,0,0,0,0,0,0,0,0,0,0,0,0,0,0,0,0,0,0,0,0,0,0,0,0,0,0,0,0,0,0,0,0,0,0,0,0,0,0,0,0,0,0,0,0,0,0,0,0,0,0,0,0,0,0
0aef3e8d25d2718672c94b51454fa2fa,2.0,2,6,22,6,0,1,0,2,1,1,0,1,0,0,7,0,1,0,0,5,4,0,0,0,0,0,0,0,0,0,0,1,0,0,0,0,1,0,0,0,0,0,0,0,0,0,0,0,0,0,0,0,0,0,0,0,0,0,0,0,0,0,0,0,0,0,0,0,0,0,0,0,0,0,0,0,0,0,0,0,9,0,0,1,0,0,0,0,0,0,0,0,0,0,2,0,0,0,0,0,0,0,0,1,2,0,0,0,0,0,0,2,0,0,0,0,0,0,0,0,65536,0,0,0,0,0,0,0,0,1,0,0,0,0,0,0,0,0,0,0,0,0,0,0,0,0,0,0,0,0,0,0,0,0,0,0,0,0,0,0,0,0,0,0,0,0,0,0,0,0,0,0,0,0,0,0,0,0,0,0,0,0,0,0,0,0,0,0,0,0,0,0,0,0,0,0,0,0,0,0,0,0,0,0,0,0,0,0,0,0,0,0,0,0,0,0,0,0,0,0,0,0,0,0,0,0,0,0,0,0,0,0,0,0,0,0,0,0,0,0,0,0,0,0,0,0,0,0,0,0,0,0,0,0,0,0,0,0,0,0,0,0,0,0,0,0,0,0,0,0,0,0,0,0,0,0,0,0,0,0,0,0,0,0,0,1,0,0,0
0aef2149ae72310dbf32309d4537dc30,2.2,2,19,73,74,7,19,96,491,2239,366,0,0,2,2,257,13,78,0,1,38,14,1,5,0,0,0,4,1,14,15,9,67,9,134,2,0,0,8,0,1,20,2,3,25,9,0,0,0,0,0,1,0,0,0,3,4,0,0,0,0,0,0,0,0,16,17,4,0,0,0,0,0,0,2,0,0,0,0,0,0,0,0,0,0,1,0,0,0,0,17,0,0,2,0,2,0,111,0,0,21,112,0,2,9,11,0,0,0,0,4,0,7,8,0,1,1,5,0,0,0,0,0,0,0,0,0,0,0,1,5,3,1,0,0,0,0,0,0,0,0,0,0,0,0,0,1,1,2,1,0,0,0,0,0,0,0,0,0,0,0,0,0,0,0,0,0,0,0,0,0,0,0,0,0,0,0,0,0,0,0,0,0,0,0,0,0,0,0,0,0,0,0,0,0,0,0,0,0,0,0,0,0,0,0,0,0,0,0,0,0,0,0,0,0,0,0,0,0,0,0,0,0,0,0,0,0,0,0,0,0,0,0,0,0,0,0,0,0,0,0,0,0,0,0,0,0,0,0,0,0,0,0,0,0,0,0,0,0,0,0,0,0,0,0,0,0,0,0,0,0,0,0,0,0,0,0,0,0,0,0,0,0,0,0,0,0,0,0,0
0af3c90972ec81b7376f0f6eb994d64f,1.6,0,19,2524,16,5,2097,3,8,4,9,2,1,3,3,45,2,2,1,2,27,14,1,2,1,1,2,2,1,0,0,1,2,1,1,0,0,3,0,0,0,0,0,0,0,0,0,0,0,0,0,0,0,0,0,3,1,0,0,0,0,0,0,0,0,0,0,0,0,0,0,0,0,0,0,0,0,0,0,0,0,0,0,0,0,0,0,0,0,0,0,0,0,0,0,0,0,0,0,0,0,0,0,0,0,0,0,0,0,2,0,2,0,0,0,0,0,0,0,0,0,0,0,0,0,0,0,0,0,0,0,0,0,0,0,0,0,0,0,0,0,0,0,0,0,0,0,0,0,0,0,0,0,0,0,0,0,0,0,0,0,0,0,0,0,0,0,0,0,0,0,0,0,0,0,0,0,0,0,0,0,0,0,0,0,0,0,0,0,0,0,0,0,0,0,0,0,0,0,0,0,0,0,0,0,0,0,0,0,0,0,0,0,0,0,0,0,0,0,0,0,0,0,0,0,0,0,0,0,0,0,0,0,0,0,0,0,0,0,0,0,0,0,0,0,0,0,0,0,0,0,0,0,0,0,0,0,0,0,0,0,0,0,0,0,0,0,0,0,0,0,0,0,0,0,0,0,0,0,0,0,0,0,0,0,0,0,0,0,0
0af6e6314881c9bf45feeb551eea45f3,4.2,32,181,1782,422,16,1001,363,723,1205,642,26,0,14,19,1520,36,93,1,6,191,1379,0,64,6,6,15,24,7,50,56,123,120,16,31,126,0,33,5,42,1,24,0,0,3,19,0,6,0,12,54,0,0,0,0,7,50,0,0,0,0,0,0,1,645,222,5,117,0,0,0,18,0,0,19,0,913,654,0,40,1347,1253,679,129,22,72,6,16,16,8,207,78,159,185,105,13,95,14,17,4,81,74,1,12,37,47,0,7,7,8,44,35,44,56,12,6,6,13,6,4,2,8,0,0,0,1,1,0,0,0,5,7,0,0,0,0,0,0,0,0,0,0,0,0,0,1,0,0,0,0,0,0,31,7,1,1,1,0,0,0,0,0,0,0,0,0,0,0,0,0,0,0,0,0,0,0,0,0,0,0,0,0,0,0,0,0,0,0,0,0,0,0,0,0,0,0,0,0,0,0,0,0,0,3,0,0,0,0,0,0,0,0,0,0,0,0,0,0,0,0,0,0,0,0,0,0,0,0,0,0,0,0,0,0,0,0,0,0,0,0,0,0,0,0,0,0,0,0,0,0,0,0,0,0,0,0,0,0,0,0,0,0,0,0,0,0,0,0,0,0,0,0,0,0,0,0,0,0,0,0,0,0,0,0,0,0,0,0,0,0
0af16409a1444eea6568533b7681bb0b,2.6,26,109,697,444,48,178,15,199,313,153,91,2,19,17,326,36,33,3,11,29,23,1,13,1,3,4,0,2,6,49,115,60,0,11,7,3,14,0,1,0,1,1,4,130,0,0,1,34,7,0,2,0,4,0,0,10,2,0,0,0,1,1,1,131,6,137,1,0,0,0,15,0,0,1,0,0,2,0,0,117,321,0,1,1,30,0,1,1,0,3,0,4,29,4,8,131,0,0,0,1,0,6,6,44,46,2,0,2,0,0,0,10,0,0,0,37,0,0,0,20,6,286627,0,0,0,0,0,1,1,9,3,0,0,0,2,6,6,30,0,0,0,0,1,1,0,0,0,0,0,0,0,0,2,0,0,0,10,0,0,2,62,0,0,0,0,0,0,0,0,0,0,0,0,1,0,0,0,0,0,4,0,0,0,0,0,0,0,0,0,0,0,0,0,0,0,0,0,0,0,0,0,0,0,2,0,0,0,0,0,2,0,0,0,0,0,0,0,0,0,0,0,0,0,0,0,0,0,0,0,0,0,0,0,0,0,1,610,0,0,0,0,0,0,0,0,1,4,0,0,0,0,0,0,0,0,0,0,0,0,0,0,0,0,0,0,0,0,0,0,0,0,0,0,0,0,0,0,0,0,0,0,0,0,0,0,0,0,0,0
0afc35859a5ee1fb4210bd1af0a9f99a,7.4,278,307,1677,506,329,124,299,1911,1152,1702,31,5,350,23,1868,121,57,2,6,295,499,3,151,4,14,148,10,21,107,79,130,195,41,231,53,18,114,15,150,4,43,23,2,70,24,0,10,4,27,58,13,0,0,0,23,70,0,0,0,0,1,0,0,396,162,76,114,0,2,0,93,2,2,20,0,1106,708,26,4,861,1756,843,95,24,315,1,7,7,13,136,24,68,342,58,8,115,50,2,3,34,89,7,9,86,189,0,4,10,1,18,26,28,18,12,61,36,328,1,0,30,5,20,0,0,6,1,12,1,8,37,8,1,0,0,4,39,64,4,0,0,5,0,0,2,0,5,19,4,0,0,0,2,18,0,0,0,0,17,24,0,0,0,0,8,8,12,2,2,19,40,17,1,5,6,4,163,16,2,14,4,1,0,0,2,16,12,60,1,1,1,1,1,1,0,0,0,0,0,0,2,0,0,10,1,0,0,6,0,0,0,0,0,0,0,0,0,0,0,0,0,0,0,0,0,0,30,0,0,0,1,0,0,40,0,0,0,0,0,0,0,0,0,0,0,0,0,0,0,0,0,0,0,0,0,0,0,0,0,0,0,0,0,0,0,0,0,0,0,0,0,0,0,1,1,0,0,0,0,0,0,0,0,0,0,0,0,0,0,0
0aff124e7306d942ae494c27a9505c50,1.8,0,201,0,150,0,0,0,0,0,0,0,0,0,0,0,0,0,0,0,0,0,0,0,0,18,0,0,0,0,0,0,362,0,0,0,0,84,0,0,0,0,0,0,62,0,0,1,0,0,0,0,0,0,0,0,0,0,0,0,0,0,0,0,5,100,0,45,0,0,0,0,0,0,0,0,0,0,0,0,0,0,0,0,0,0,0,0,0,0,84,0,0,0,0,0,0,0,0,0,279,0,0,0,0,0,0,0,0,0,0,0,0,0,0,0,0,0,0,0,0,0,0,0,0,0,0,0,0,4,0,0,0,0,0,0,0,0,0,0,0,2,0,0,0,0,0,6,0,0,0,0,0,0,0,0,0,0,0,0,0,0,0,0,0,0,0,0,0,0,0,0,0,0,0,0,0,0,0,0,0,1,0,0,0,0,0,0,0,0,0,0,0,0,0,0,0,0,0,0,0,0,0,0,0,0,0,0,0,0,0,0,0,0,0,0,0,0,0,0,0,0,0,0,0,0,0,0,0,0,0,0,0,0,0,0,0,0,0,0,0,0,0,0,0,0,0,0,0,0,0,0,0,0,0,0,0,0,0,0,0,0,0,0,0,0,0,0,0,0,0,0,0,0,0,0,0,0,0,0,0,0,0,0,0,0,0,0,0,0
0b0b01cd6422dc8c08e3a86c20f83238,2.4,0,13,166,3,2,2,2,0,0,1,0,0,1,1,30,0,3,0,0,4,4,0,0,0,0,0,0,0,0,2,1,2,0,0,2,0,12,0,0,0,0,0,0,0,0,0,0,0,0,0,0,0,0,0,3,1,0,0,0,0,0,0,0,0,0,0,0,0,0,0,0,0,0,0,0,0,0,0,0,0,0,0,0,0,2,0,0,0,0,0,0,0,0,0,4,0,0,0,0,0,0,0,0,2,2,0,0,1,0,0,0,1,0,0,0,0,0,0,0,0,2,0,0,0,0,0,0,0,0,0,0,0,0,0,0,0,0,0,0,0,0,0,0,0,1,0,0,0,0,0,0,0,0,0,0,0,0,0,0,0,0,0,0,0,0,0,0,0,0,0,0,0,0,0,0,0,0,0,0,0,0,0,0,0,0,1,0,0,0,0,0,0,0,0,0,0,0,0,0,0,0,0,0,0,0,0,0,0,0,0,0,0,0,0,0,0,0,0,0,0,0,0,0,0,0,0,0,0,0,0,0,0,0,0,0,0,0,0,0,0,0,0,0,0,0,0,0,0,0,0,0,0,0,0,0,0,0,0,0,0,0,0,0,0,0,0,0,0,0,0,0,0,0,0,0,0,0,0,0,0,0,0,0,0,0,0,0,0,0
0b0baa8e5a264412b653688403dd64f0,1.6,2,17,2520,15,5,2094,2,6,3,8,2,1,3,1,27,2,2,1,1,6,5,1,2,1,1,2,2,1,0,0,1,2,1,1,0,0,0,0,0,0,0,0,0,0,0,0,0,0,0,0,0,0,0,0,3,1,0,0,0,0,0,0,0,0,0,0,0,0,0,0,0,0,0,0,0,0,0,0,0,0,0,0,0,0,0,0,0,0,0,0,0,0,0,0,0,0,0,0,0,0,0,0,0,0,0,0,0,0,0,0,0,0,0,0,0,0,0,0,0,0,0,0,0,0,0,0,0,0,0,0,0,0,0,0,0,0,0,0,0,0,0,0,0,0,0,0,0,0,0,0,0,0,0,0,0,0,0,0,0,0,0,0,0,0,0,0,0,0,0,0,0,0,0,0,0,0,0,0,0,0,0,0,0,0,0,0,0,0,0,0,0,0,0,0,0,0,0,0,0,0,0,0,0,0,0,0,0,0,0,0,0,0,0,0,0,0,0,0,0,0,0,0,0,0,0,0,0,0,0,0,0,0,0,0,0,0,0,0,0,0,0,0,0,0,0,0,0,0,0,0,0,0,0,0,0,0,0,0,0,0,0,0,0,0,0,0,0,0,0,0,0,0,0,0,0,0,0,0,0,0,0,0,0,0,0,0,0,0,0
0b0e526ab6ec89ad326be388a44d0504,8.0,114,184,1386,288,195,104,97,1919,1293,1551,22,0,37,11,1516,83,47,1,4,380,406,1,48,0,4,56,6,2,34,105,85,117,11,302,22,8,77,7,54,4,16,13,8,62,8,0,11,4,16,27,3,0,0,0,28,64,29,29,1450,0,1,0,0,337,77,63,85,0,0,0,50,0,0,38,0,614,393,12,7,856,3024,733,104,38,135,0,4,4,9,75,13,50,162,54,12,119,210,0,1,30,40,4,10,60,87,2,2,5,7,14,21,22,12,37,58,34,338,1,0,4,21,0,0,0,2,2,0,6,5,14,9,1,0,0,5,108,284,4,0,0,4,0,0,0,0,4,31,16,0,1,0,3,0,0,0,1,0,24,26,0,0,0,0,3,3,2,1,1,12,4,2,0,5,4,0,0,4,0,0,6,0,0,0,0,135,6,0,0,0,0,0,0,0,0,0,0,0,0,0,3,3,0,13,1,0,0,3,0,0,2,0,0,0,0,0,0,0,0,0,2,0,0,0,0,0,0,0,0,0,6,0,0,0,0,1,0,0,0,4,0,0,0,0,0,0,0,0,0,0,0,0,0,0,0,0,0,0,0,0,0,0,0,0,0,0,0,0,0,0,0,0,0,0,0,0,0,1,0,0,0,0,0,0,0,0,0,0,0,0
0b001d7694232f5816fd815e61f2238f,2.6,14,84,437,374,30,109,332,1835,5506,1299,52,0,7,8,1152,83,131,0,2,267,174,2,14,1,5,11,10,1,43,65,146,269,25,105,12,3,61,2,3,0,74,0,0,0,21,0,2,5,5,15,0,0,0,0,6,32,0,0,0,0,0,0,0,1,114,26,18,6,0,0,0,0,0,1,0,18,15,16,0,3,1088,30,0,0,3,0,1,1,0,113,59,38,50,19,6,117,338,0,2,83,436,0,29,78,91,2,8,3,0,0,0,15,16,4,0,1,4,0,0,112,1,0,0,0,0,0,0,0,2,27,28,4,1,2,38,12,169,5,14,14,1,1,1,1,0,0,0,0,0,0,0,0,0,0,0,0,0,0,0,0,0,0,0,0,0,0,0,0,0,0,0,0,0,0,0,0,0,0,0,0,0,0,0,0,0,0,0,0,0,0,0,0,0,0,0,0,0,0,0,0,0,0,0,0,0,0,0,0,0,0,0,0,0,0,0,0,0,0,0,0,0,0,0,0,0,0,0,0,0,0,0,0,0,0,0,0,0,0,0,0,0,0,0,0,0,0,0,0,0,0,0,0,0,0,0,0,0,0,0,0,0,0,0,0,0,0,0,0,0,0,0,0,0,0,0,0,0,0,0,0,0,0,0,0,0,0,0,0,0
0b1c34868e664bd0cb2aeb096833b88d,2.2,2,19,73,88,7,19,97,491,2239,366,0,0,2,2,257,13,91,0,1,38,14,1,4,0,0,0,4,1,14,15,9,68,10,135,2,0,0,8,0,1,20,2,3,25,10,0,0,0,0,0,1,0,0,0,3,4,0,0,0,0,0,0,0,0,16,17,4,0,0,0,0,0,0,2,0,0,0,0,0,0,0,0,0,0,1,0,0,0,0,17,0,0,2,0,2,0,111,0,0,21,112,0,2,9,11,0,0,0,0,4,0,7,8,0,1,1,5,0,0,0,0,0,0,0,0,0,0,0,1,5,3,1,0,0,0,0,0,0,0,0,0,0,0,0,0,1,1,2,1,0,0,0,0,0,0,0,0,0,0,0,0,0,0,0,0,0,0,0,0,0,0,0,0,0,0,0,0,0,0,0,0,0,0,0,0,0,0,0,0,0,0,0,0,0,0,0,0,0,0,0,0,0,0,0,0,0,0,0,0,0,0,0,0,0,0,0,0,0,0,0,0,0,0,0,0,0,0,0,0,0,0,0,0,0,0,0,0,0,0,0,0,0,0,0,0,0,0,0,0,0,0,0,0,0,0,0,0,0,0,0,0,0,0,0,0,0,0,0,0,0,0,0,0,0,0,0,0,0,0,0,0,0,0,0,0,0,0,0,0
0b1f6d6940a94de1b61043d28b975cd6,6.6,0,78,2,55,6,2,0,0,0,2,0,0,0,0,43,3,59,1,0,7,7,0,2,0,2,2,0,0,0,2,2,4,0,25,2,0,8,2,0,0,0,4,0,24,0,0,3,0,0,0,0,12,2,2,9,3,0,0,0,0,0,0,0,7,0,0,0,0,0,0,0,0,0,0,0,0,0,0,0,0,0,0,0,0,0,0,0,0,0,0,0,0,38,38,0,0,0,0,0,0,0,0,8,0,0,0,0,0,0,0,0,0,0,0,9,0,0,0,0,0,0,2,0,0,0,0,0,372,0,0,0,0,0,0,0,0,0,0,0,0,0,0,0,0,0,0,0,0,0,0,2,62,0,0,0,0,0,2,2,0,0,0,0,0,0,0,0,0,0,0,0,0,0,0,0,0,0,0,0,0,0,0,0,0,0,0,0,0,0,0,0,0,0,0,0,0,0,0,0,0,0,0,0,0,0,2,0,0,0,0,0,0,0,0,0,0,0,0,0,0,0,0,6,0,0,0,0,0,0,0,0,0,0,0,0,0,0,0,0,0,0,0,0,0,0,0,0,0,0,0,0,0,0,0,0,0,0,0,0,0,0,0,0,0,0,0,0,0,0,0,0,0,0,0,0,0,0,0,0,0,0,0,0,0,0,0,0,0,0
0b1faf7a0f21c25a5627e7be22566e82,2.0,0,17,372,11,5,3,2,5,3,8,2,1,3,1,27,1,4,1,2,6,5,1,2,1,1,2,2,0,0,0,1,1,1,1,0,0,6,0,0,0,0,0,0,0,0,0,0,0,0,0,0,0,0,0,3,1,0,0,0,0,0,0,0,0,0,0,0,0,0,0,0,0,0,0,0,0,0,0,0,0,0,0,0,0,0,0,0,0,0,0,0,0,0,0,0,0,0,0,0,0,0,0,0,0,0,0,0,0,0,0,0,0,0,0,0,0,0,0,0,0,0,0,0,0,0,0,0,0,0,0,0,0,0,0,0,0,0,0,0,0,0,0,0,0,0,0,0,0,0,0,0,0,0,0,0,0,0,0,0,0,0,0,0,0,0,0,0,0,0,0,0,0,0,0,0,0,0,0,0,0,0,0,0,0,0,0,0,0,0,0,0,0,0,0,0,0,0,0,0,0,0,0,0,0,0,0,0,0,0,0,0,0,0,0,0,0,0,0,0,0,0,0,0,0,0,0,0,0,0,0,0,0,0,0,0,0,0,0,0,0,0,0,0,0,0,0,0,0,0,0,0,0,0,0,0,0,0,0,0,0,0,0,0,0,0,0,0,0,0,0,0,0,0,0,0,0,0,0,0,0,0,0,0,0,0,0,0,0,0
0b02c74c836269affb8dfb8589a97d10,1.6,5,44,508,253,0,39,1,13,5,10,1,0,0,30,31,0,5,0,0,8,6,0,2,0,0,0,0,0,1,10,22,0,0,0,0,2,2,0,1,0,0,0,0,0,0,0,0,0,2,0,0,0,0,0,0,1,0,0,0,0,1,0,0,1,1,0,0,0,0,0,0,0,0,3,0,0,0,0,0,0,125,60,54,0,0,0,0,0,0,0,0,0,3,0,0,15,0,0,0,0,0,0,0,0,1,1,0,1,0,0,0,0,0,0,0,0,0,0,0,0,0,0,0,0,1,0,0,0,1,0,0,0,0,0,0,0,0,0,0,0,1,0,0,0,0,0,0,0,0,0,0,0,0,0,0,0,0,0,0,0,0,0,0,0,0,0,0,0,0,0,0,0,0,0,0,0,0,0,0,0,0,0,0,0,0,0,0,0,0,0,0,0,0,0,0,0,0,0,0,0,0,0,0,0,0,0,0,0,0,0,0,0,0,7,0,0,0,0,0,0,0,0,0,0,0,0,0,0,0,0,0,0,0,0,0,0,0,0,0,0,0,0,0,0,0,0,0,0,0,0,0,0,0,0,0,0,0,0,0,0,0,0,0,0,0,0,0,0,0,0,0,0,0,0,0,0,0,0,0,0,0,0,0,0,0,0,0,0,0
0b2cf5ad2ee845f688004120926b9ae0,9.2,21,189,1006,493,39,96,204,163,123,188,30,0,33,21,1281,12,60,0,7,198,564,0,62,7,8,7,21,7,19,60,141,45,0,42,142,1,17,4,42,0,21,0,0,0,0,0,8,0,14,39,0,8,1,1,15,49,2,2,64,1,0,0,0,886,65,0,151,0,0,0,21,0,0,22,0,1066,769,0,15,1176,801,600,122,14,70,7,18,18,10,49,85,168,178,105,8,95,6,18,5,81,2,1,9,37,37,0,7,7,7,46,35,42,56,14,8,9,43,7,2,1,13,0,0,0,0,1,0,0,1,0,0,0,0,0,1,0,0,0,0,0,0,0,0,0,0,0,1,0,0,0,0,1,0,0,0,0,0,0,0,0,0,0,0,0,0,0,0,0,0,0,0,0,0,0,0,0,0,0,0,0,0,0,0,0,24,0,0,0,0,0,0,0,0,0,0,0,0,0,0,1,0,0,0,0,0,0,0,0,0,0,0,0,0,0,0,0,0,0,0,0,0,0,0,0,0,0,0,0,0,0,0,0,0,0,0,0,0,0,0,0,0,0,0,0,0,0,0,0,0,0,1,0,0,0,0,0,0,0,0,0,0,0,0,0,0,0,0,0,0,0,0,0,0,0,0,0,0,0,0,0,0,0,0,0,0,0,0,0,0
0b3b5b5a4b6a7ef536bb9ee998b217d0,5.0,244,443,4838,2652,367,261,7,566,238,677,61,0,61,12,2441,180,581,0,1,405,528,1,53,0,0,0,36,12,4539,487,212,109,0,258,24,0,305,0,22,0,61,9,65,555,0,0,62,0,0,22,61,0,0,0,182,217,100,100,4539,0,61,0,0,110,50,5,2,2,0,0,0,0,0,0,0,134,98,0,1,0,780,0,60,0,12,0,0,0,0,110,3,0,244,0,3,0,3,0,0,120,3,0,0,125,188,1,0,1,0,4,0,73,96,48,106,63,397,0,0,0,64,6765,0,0,0,120,0,0,62,62,0,0,0,1,61,0,0,0,0,0,0,0,0,0,0,2,62,0,0,0,0,61,0,12,0,0,0,14,14,0,0,0,0,0,0,0,0,0,0,121,0,0,60,61,0,0,0,0,0,0,0,0,0,0,0,0,0,0,0,0,0,0,0,0,0,0,0,0,0,124,0,0,0,2,0,12,1,0,0,0,0,0,6,0,0,0,0,0,0,0,0,0,0,0,0,0,0,0,0,0,0,0,0,0,0,0,0,0,0,0,0,0,0,0,0,0,0,0,0,0,0,0,0,0,0,0,0,0,0,0,0,0,0,0,0,0,0,0,0,0,0,0,0,0,0,0,0,0,0,0,0,0,0,0,0,0,0,0,0
0b3b912afcf77a9007e386cde2ad6537,2.6,14,84,437,298,30,109,332,1835,5506,1299,52,0,7,8,1152,83,159,0,2,267,174,2,14,1,5,11,18,1,43,65,146,269,25,105,12,3,61,2,3,0,74,0,0,0,21,0,2,5,5,15,0,0,0,0,6,32,0,0,0,0,0,0,0,2,114,26,18,6,0,0,0,0,0,1,0,18,15,16,0,3,1060,30,0,0,3,0,1,1,0,113,59,38,50,19,6,119,338,0,2,83,436,0,29,78,91,2,8,3,0,0,0,15,16,4,0,1,4,0,0,112,1,0,0,0,0,0,0,0,2,27,28,4,1,2,38,12,169,5,14,14,1,1,1,1,0,0,0,0,0,0,0,0,0,0,0,0,0,0,0,0,0,0,0,0,0,0,0,0,0,0,0,0,0,0,0,0,0,0,0,0,0,0,0,0,0,0,0,0,0,0,0,0,0,0,0,0,0,0,0,0,0,0,0,0,0,0,0,0,0,0,0,0,0,0,0,0,0,0,0,0,0,0,0,0,0,0,0,0,0,0,0,0,0,0,0,0,0,0,0,0,0,0,0,0,0,0,0,0,0,0,0,0,0,0,0,0,0,0,0,0,0,0,0,0,0,0,0,0,0,0,0,0,0,0,0,0,0,0,0,0,0,0,0,0,0,0,0,0,0
